BOARDID,TRADEDATE,SHORTNAME,SECID,NUMTRADES,VALUE,LOW,HIGH,CLOSE,LEGALCLOSEPRICE,ACCINT,WAPRICE,YIELDCLOSE,OPEN,VOLUME,MARKETPRICE2,MARKETPRICE3,ADMITTEDQUOTE,MP2VALTRD,MARKETPRICE3TRADESVALUE,ADMITTEDVALUE,MATDATE,DURATION,YIELDATWAP,IRICPICLOSE,BEICLOSE,COUPONPERCENT,COUPONVALUE,BUYBACKDATE,LASTTRADEDATE,FACEVALUE,CURRENCYID,CBRCLOSE,YIELDTOOFFER,YIELDLASTCOUPON,OFFERDATE,FACEUNIT
EQOB,2017-10-16,ДОМ.РФ11об,RU000A0JPLU8,1.0,1509000.0,100.6,100.6,100.6,100.6,2.09,100.6,8.08,100.6,5000.0,,100.66,100.6,0.0,28298929.05,0.0,2020-09-15,642.0,8.08,,,,6.13,,2017-10-16,300.0,SUR,,,,,RUB
EQOB,2017-10-16,РЖД-12обл,RU000A0JQ5Q5,3.0,4403.1,87.75,88.14,88.14,88.14,0.41,88.06,8.43,87.75,5.0,,89.01,88.14,0.0,663985.3,0.0,2019-05-16,576.0,8.49,,,,0.5,,2017-10-16,1000.0,SUR,,,,,RUB
EQOB,2017-10-16,РЖД-17 обл,RU000A0JQ7W9,5.0,80733.1,100.9,100.92,100.92,100.92,28.92,100.92,7.84,100.91,80.0,,101.06,100.92,0.0,20008753.4,0.0,2018-07-16,91.0,7.84,,,,57.84,2018-01-15,2017-10-16,1000.0,SUR,,,,,RUB
EQOB,2017-10-16,РЖД-18 обл,RU000A0JQ7X7,2.0,4008.8,100.22,100.22,100.22,100.22,21.07,100.22,8.47,100.22,4.0,,98.13,100.22,0.0,509276.3,0.0,2019-07-15,594.0,8.47,,,,42.13,,2017-10-16,1000.0,SUR,,,,,RUB
EQOB,2017-10-16,ДОМ.РФ13об,RU000A0JQAG8,1.0,5085.0,101.7,101.7,101.7,101.7,0.3,101.7,7.58,101.7,5.0,,101.66,101.7,0.0,2834249.0,0.0,2018-04-15,181.0,7.58,,,,54.85,,2017-10-16,1000.0,SUR,,,,,RUB
EQOB,2017-10-16,МГор66-об,RU000A0JQHM1,3.0,2053604.0,103.3,103.3,103.3,103.3,15.84,103.3,7.78,103.3,1988.0,103.3,103.3,103.3,2077370.7,2077370.7,2077370.7,2018-11-23,380.0,7.78,,,,26.99,,2017-10-16,1000.0,SUR,,,,,RUB
EQOB,2017-10-16,РЖД-23 обл,RU000A0JQRD9,3.0,309010274.0,102.74,103.0,102.74,102.74,26.08,103.07,8.16,103.0,300010.0,102.99,102.99,102.74,317384879.7,317367368.5,317384879.7,2025-01-16,273.0,7.71,,,,58.59,2018-07-26,2017-10-16,1000.0,SUR,,,,,RUB
EQOB,2017-10-16,РСХБ 10,RU000A0JQS09,2.0,82000.0,100.0,100.0,100.0,100.0,17.05,100.0,8.46,100.0,82.0,,100.06,100.0,0.0,504299.1,0.0,2020-01-29,765.0,8.46,,,,41.39,,2017-10-16,1000.0,SUR,,,,,RUB
EQOB,2017-10-16,РСХБ 11,RU000A0JQS74,8.0,90003.4,100.0,100.14,100.14,100.07,16.83,100.0,8.39,100.0,90.0,,100.03,100.07,0.0,11194326.0,0.0,2020-01-30,766.0,8.46,,,,41.39,,2017-10-16,1000.0,SUR,,,,,RUB
EQOB,2017-10-16,СУЭК-Фин01,RU000A0JQXR7,2.0,1987.8,99.39,99.39,99.39,99.39,24.41,99.39,9.34,99.39,2.0,,99.63,99.39,0.0,919580.1,0.0,2020-06-26,249.0,9.34,,,,41.14,2018-06-29,2017-10-16,1000.0,SUR,,,,,RUB
EQOB,2017-10-16,Мечел 14об,RU000A0JR0J0,39.0,7835719.84,98.1,98.5,98.4,98.4,14.73,98.23,19.39,98.5,9971.0,98.23,98.23,98.4,7835719.84,7835719.84,7835719.84,2020-02-25,134.0,19.95,,,,55.85,2018-02-27,2017-10-16,800.0,SUR,,,,,RUB
EQOB,2017-10-16,Мечел 13об,RU000A0JR0K8,37.0,6314731.76,98.03,98.95,98.48,98.48,14.73,98.2,19.13,98.94,8038.0,98.2,98.2,98.48,6314731.76,6314731.76,6314731.76,2020-02-25,134.0,20.04,,,,55.85,2018-02-27,2017-10-16,800.0,SUR,,,,,RUB
EQOB,2017-10-16,ФСК ЕЭС-11,RU000A0JR3L0,1.0,115304.0,99.4,99.4,99.4,99.4,38.96,99.4,41.64,99.4,116.0,,99.9,99.4,0.0,731269.0,0.0,2020-10-16,8.0,41.64,,,,39.84,2017-10-24,2017-10-16,1000.0,SUR,,,,,RUB
EQOB,2017-10-16,ФСК ЕЭС-09,RU000A0JR3M8,3.0,42995700.0,99.99,99.99,99.99,99.99,38.96,99.99,8.68,99.99,43000.0,100.0,100.0,99.99,134294200.0,134294200.0,134294200.0,2020-10-16,8.0,8.68,,,,39.84,2017-10-24,2017-10-16,1000.0,SUR,,,,,RUB
EQOB,2017-10-16,Росгосстр2,RU000A0JR472,2.0,5995.0,99.9,100.0,99.9,99.9,41.14,99.92,11.39,100.0,6.0,,100.05,99.9,0.0,514261.0,0.0,2017-11-02,17.0,10.93,,,,45.38,,2017-10-16,1000.0,SUR,,,,,RUR
EQOB,2017-10-16,МТС 07,RU000A0JR4H6,13.0,1086958.3,99.96,100.05,99.96,99.96,38.14,100.0,9.41,100.0,1087.0,100.0,100.0,99.96,1086958.3,1086958.3,1086958.3,2017-11-07,22.0,8.71,,,,43.38,,2017-10-16,1000.0,SUR,,,,,RUR
EQOB,2017-10-16,ДОМ.РФ17об,RU000A0JR5F7,3.0,2066027.0,102.7,103.75,102.7,102.7,0.25,103.25,8.11,102.75,2001.0,,102.85,102.7,0.0,4117067.0,0.0,2022-04-15,846.0,7.86,,,,22.81,,2017-10-16,1000.0,SUR,,,,,RUB
EQOB,2017-10-16,Газпрнеф10,RU000A0JR878,1.0,100400.0,100.4,100.4,100.4,100.4,18.53,100.4,7.64,100.4,100.0,,100.3,100.4,0.0,43855716.9,0.0,2021-01-26,112.0,7.64,,,,44.38,2018-02-05,2017-10-16,1000.0,SUR,,,,,RUB
EQOB,2017-10-16,УВЗ 2об,RU000A0JR9E2,1.0,24900.0,99.6,99.6,99.6,99.6,13.56,99.6,10.39,99.6,25.0,,99.72,99.6,0.0,515547.4,0.0,2018-02-20,127.0,10.39,,,,44.88,,2017-10-16,1000.0,SUR,,,,,RUB
EQOB,2017-10-16,ВЭБ.РФ 09,RU000A0JRCX7,1.0,50690.0,101.38,101.38,101.38,101.38,6.1,101.25,8.6,101.38,50.0,101.21,101.21,101.38,158374138.7,153982492.7,158374138.7,2021-03-18,1099.0,8.65,,,,44.38,,2017-10-16,1000.0,SUR,,,,,RUB
EQOB,2017-10-16,ВЭБлизинг3,RU000A0JREW5,1.0,49436.1,100.89,100.89,100.89,100.89,2.77,100.89,8.29,100.89,49.0,,100.73,100.89,0.0,2598926.5,0.0,2021-04-02,172.0,8.29,,,,50.36,2018-04-06,2017-10-16,1000.0,SUR,,,,,RUB
EQOB,2017-10-16,ВЭБлизинг4,RU000A0JREX3,3.0,504249.7,99.5,100.47,99.5,99.5,2.77,100.45,11.52,100.47,502.0,,100.44,99.5,0.0,511244.7,0.0,2021-04-02,172.0,9.3,,,,50.36,2018-04-06,2017-10-16,1000.0,SUR,,,,,RUB
EQOB,2017-10-16,РУСАЛБАл08,RU000A0JRF11,3.0,807120.0,100.89,100.89,100.89,100.89,1.73,100.89,8.52,100.89,800.0,100.61,100.61,100.89,3811990.4,3811990.4,3811990.4,2021-04-05,516.0,8.52,,,,44.88,2019-04-08,2017-10-16,1000.0,SUR,,,,,RUB
EQOB,2017-10-16,iРОСНАНО 3,RU000A0JRJQ6,1.0,5031.5,100.63,100.63,100.63,100.63,28.53,100.63,5.29,100.63,5.0,,99.98,100.63,0.0,676889.0,0.0,2017-12-20,65.0,5.29,,,,44.38,,2017-10-16,1000.0,SUR,,,,,RUB
EQOB,2017-10-16,Мечел 17об,RU000A0JRJS2,8.0,1143170.63,95.5,96.98,96.98,95.53,35.64,95.5,,95.5,1596.0,95.5,95.5,95.53,1150345.82,1146057.69,1150345.82,2021-05-27,595.0,0.0,,,,46.86,,2017-10-16,750.0,SUR,,,,,RUB
EQOB,2017-10-16,Мечел 18об,RU000A0JRJT0,6.0,901035.0,95.49,95.5,95.49,95.49,35.64,95.5,,95.5,1258.0,95.56,95.52,95.49,986917.73,933501.68,986917.73,2021-05-27,595.0,0.0,,,,46.86,,2017-10-16,750.0,SUR,,,,,RUB
EQOB,2017-10-16,НефГазХол4,RU000A0JRJV6,2.0,92880.0,86.0,86.0,86.0,86.0,40.68,86.0,219.66,86.0,108.0,,86.11,86.0,0.0,509749.0,0.0,2021-06-01,50.0,219.66,,,,56.1,2017-12-05,2017-10-16,1000.0,SUR,,,,,RUB
EQOB,2017-10-16,Мечел 19об,RU000A0JRJY0,1.0,716.25,95.5,95.5,95.5,95.5,34.4,95.5,,95.5,1.0,,96.21,95.5,0.0,512331.53,0.0,2021-06-01,599.0,0.0,,,,46.86,,2017-10-16,750.0,SUR,,,,,RUB
EQOB,2017-10-16,ФСК ЕЭС-19,RU000A0JRMX6,3.0,42935500.0,99.85,99.85,99.85,99.85,20.69,99.85,8.3,99.85,43000.0,99.82,99.8,99.85,136024228.0,109750528.0,136024228.0,2023-07-06,268.0,8.3,,,,39.64,2018-07-18,2017-10-16,1000.0,SUR,,,,,RUB
EQOB,2017-10-16,Uranium 02,RU000A0JRTT9,2.0,3002.5,99.25,100.5,99.25,99.25,16.57,100.08,10.83,100.5,3.0,,99.42,99.25,0.0,521960.0,0.0,2023-08-11,909.0,10.47,,,,51.11,2020-08-14,2017-10-16,1000.0,SUR,,,,,RUB
EQOB,2017-10-16,СПбТел 07,RU000A0JRVU3,32.0,27339612.6,100.5,102.95,102.95,102.95,1.64,102.08,9.34,100.5,26782.0,102.08,102.08,102.95,27338607.6,27338607.6,27338607.6,2022-04-05,1357.0,9.59,,,,49.61,,2017-10-16,1000.0,SUR,,,,,RUB
EQOB,2017-10-16,ОткрФКББ03,RU000A0JRZ74,1.0,43956.0,99.9,99.9,99.9,99.9,28.1,99.9,11.55,99.9,44.0,,99.83,99.9,0.0,510133.9,0.0,2025-07-16,263.0,11.55,,,,56.21,2018-07-16,2017-10-16,1000.0,SUR,,,,,RUB
EQOB,2017-10-16,ОткрХОЛ 2,RU000A0JS264,38.0,97986.5,20.27,27.72,21.49,21.49,35.75,22.89,948.24,27.72,428.0,,28.63,21.49,0.0,504132.9,0.0,2026-12-10,222.0,858.58,,,,56.1,2018-06-21,2017-10-16,1000.0,SUR,,,,,RUB
EQOB,2017-10-16,ВЭБ.РФ 21,RU000A0JS4Z7,5.0,6100000.0,101.5,101.7,101.7,101.7,11.23,101.67,8.84,101.5,6000.0,101.94,101.85,101.7,36731247.5,13372509.8,36731247.5,2032-02-17,480.0,8.87,,,,49.86,2019-03-05,2017-10-16,1000.0,SUR,,,,,RUB
EQOB,2017-10-16,ВымпелКом4,RU000A0JS5F6,1.0,970.0,97.0,97.0,97.0,97.0,6.52,98.32,8.58,97.0,1.0,,96.1,97.0,0.0,2136385.0,0.0,2022-03-08,816.0,7.93,,,,34.9,2020-03-10,2017-10-16,1000.0,SUR,,,,,RUB
EQOB,2017-10-16,РСХБ 16,RU000A0JS6N8,4.0,4460576.9,101.4,101.65,101.4,101.4,2.16,101.42,8.37,101.64,4398.0,101.41,101.41,101.4,25950701.4,25950701.4,25950701.4,2022-04-04,175.0,8.33,,,,56.1,2018-04-09,2017-10-16,1000.0,SUR,,,,,RUB
EQOB,2017-10-16,iРОСНАНО 5,RU000A0JS6T5,1.0,955.5,95.55,95.55,95.55,95.55,0.79,95.55,,95.55,1.0,95.01,95.01,95.55,992870.9,992870.9,992870.9,2019-04-10,530.0,0.0,,,,28.92,,2017-10-16,1000.0,SUR,,,,,RUB
EQOB,2017-10-16,РЖД-32 обл,RU000A0JSGV0,8.0,30748.9,90.41,90.46,90.41,90.44,15.97,90.44,60.29,90.46,34.0,90.6,90.6,90.44,9162253.6,9162253.6,9162253.6,2032-06-25,88.0,60.08,,,,30.92,2018-01-12,2017-10-16,1000.0,SUR,,,,,RUB
EQDB,2017-10-16,АгроКомп01,RU000A0JSL87,6.0,2930.0,4.0,5.0,4.0,4.0,0.22,4.58,,4.5,64.0,,,4.0,0.0,0.0,0.0,2019-07-29,286.0,0.0,,,,1.0,2018-07-29,2017-10-16,1000.0,SUR,,,,,RUB
EQOB,2017-10-16,ФСК ЕЭС-22,RU000A0JSQ58,4.0,6381.0,91.01,91.55,91.55,91.55,14.18,91.16,43.93,91.01,7.0,,91.14,91.55,0.0,514009.4,0.0,2027-07-21,107.0,46.01,,,,34.41,2018-01-31,2017-10-16,1000.0,SUR,,,,,RUB
EQOB,2017-10-16,ОткрХОЛ 3,RU000A0JT3J2,5.0,4604.9,31.0,39.34,34.2,34.2,4.77,32.89,261.31,38.6,14.0,,87.54,34.2,0.0,508585.8,0.0,2027-09-17,321.0,277.48,,,,25.55,2018-09-28,2017-10-16,1000.0,SUR,,,,,RUB
EQOB,2017-10-16,ВЭБ.РФ 19,RU000A0JT6B2,1.0,518250000.0,103.65,103.65,103.65,103.65,1.07,103.67,8.7,103.65,500000.0,,103.63,103.65,0.0,545538660.0,0.0,2032-09-23,1109.0,8.69,,,,48.62,2021-04-08,2017-10-16,1000.0,SUR,,,,,RUB
EQOB,2017-10-16,ГПБ 11,RU000A0JT6G1,2.0,3010.0,100.3,100.35,100.35,100.33,0.94,100.33,7.96,100.3,3.0,,100.3,100.33,0.0,50817993.0,0.0,2019-10-10,178.0,8.01,,,,42.68,2018-04-12,2017-10-16,1000.0,SUR,,,,,RUB
EQOB,2017-10-16,Карелия 15,RU000A0JT7L9,1.0,100.13,100.13,100.13,100.13,100.13,2.06,100.13,1.2,100.13,1.0,,100.03,100.13,0.0,531445.31,0.0,2017-10-22,6.0,1.2,,,,2.21,,2017-10-16,100.0,SUR,,,,,RUR
EQOB,2017-10-16,КраснЯрКр6,RU000A0JT8G7,9.0,656201.92,100.0,100.05,100.01,100.01,7.85,100.03,6.65,100.0,3280.0,100.0,100.03,100.01,74449802.28,656402.02,74449802.28,2017-10-19,3.0,4.18,,,,7.98,,2017-10-16,200.0,SUR,,,,,RUR
EQOB,2017-10-16,Роснефть05,RU000A0JT965,3.0,222022.2,100.01,100.01,100.01,100.01,41.23,100.01,8.06,100.01,222.0,100.01,100.01,100.01,55334391.6,55280386.2,55334391.6,2022-10-17,1483.0,8.06,,,,42.88,,2017-10-16,1000.0,SUR,,,,,RUB
EQOB,2017-10-16,КраснодКр4,RU000A0JTBA3,7.0,13404.5,100.0,100.1,100.08,100.08,1.62,100.03,7.9,100.04,134.0,,100.11,100.08,0.0,509177.43,0.0,2017-11-09,24.0,8.71,,,,2.21,,2017-10-16,100.0,SUR,,,,,RUR
EQDB,2017-10-16,АгроКомБО1,RU000A0JTEM2,47.0,17370.5,2.99,5.45,4.83,4.58,0.85,4.03,,2.99,431.0,,3.37,4.58,0.0,504461.8,0.0,2022-12-08,54.0,0.0,,,,1.0,2017-12-09,2017-10-16,1000.0,SUR,,,,,RUB
EQOB,2017-10-16,МКБ 11обл,RU000A0JTF50,1.0,23750000.0,95.0,95.0,95.0,95.0,44.3,95.0,22.05,95.0,25000.0,96.5,96.31,95.0,132052780.5,87133178.0,132052780.5,2018-06-05,221.0,22.05,,,,61.08,,2017-10-16,1000.0,SUR,,,,,RUB
EQOB,2017-10-16,О'КЕЙ-02,RU000A0JTFU2,2.0,21210.0,101.0,101.0,101.0,101.0,39.73,101.0,5.05,101.0,21.0,,102.23,101.0,0.0,520339.9,0.0,2017-12-12,57.0,5.05,,,,57.84,,2017-10-16,1000.0,SUR,,,,,RUB
EQOB,2017-10-16,ЛенССМУ 02,RU000A0JTFX6,4.0,104200.85,100.5,100.79,100.5,100.5,1.44,100.5,9.94,100.79,864.0,,100.85,100.5,0.0,689420.02,0.0,2017-12-12,57.0,9.94,,,,3.86,,2017-10-16,120.0,SUR,,,,,RUB
EQOB,2017-10-16,ВоронежОб5,RU000A0JTG34,1.0,99.76,99.76,99.76,99.76,99.76,0.48,99.76,7.44,99.76,1.0,99.65,99.65,99.76,641242.77,641043.47,641242.77,2017-12-17,62.0,7.44,,,,1.47,,2017-10-16,100.0,SUR,,,,,RUB
EQOB,2017-10-16,ТомскОб 45,RU000A0JTGD6,8.0,8500.64,99.98,100.19,100.19,100.01,1.53,100.01,7.69,100.0,34.0,,100.12,100.01,0.0,654767.67,0.0,2017-12-19,64.0,8.79,,,,5.3,,2017-10-16,250.0,SUR,,,,,RUB
EQOB,2017-10-16,РязОбл 02,RU000A0JTGF1,1.0,2504.5,100.18,100.18,100.18,100.18,2.08,100.18,8.6,100.18,10.0,,100.25,100.18,0.0,2410553.38,0.0,2017-12-14,59.0,8.6,,,,5.92,,2017-10-16,250.0,SUR,,,,,RUB
EQOB,2017-10-16,ТверОбл 12,RU000A0JTGN5,2.0,7779.45,100.38,100.38,100.38,100.38,1.86,100.38,7.66,100.38,31.0,100.19,100.18,100.38,2664064.7,2482027.46,2664064.7,2017-12-18,63.0,7.66,,,,6.05,,2017-10-16,250.0,SUR,,,,,RUB
EQOB,2017-10-16,ОткрХОЛ 4,RU000A0JTH82,5.0,5532.6,23.6,34.06,23.6,23.6,8.19,24.05,482.91,34.06,23.0,,74.3,23.6,0.0,509669.5,0.0,2027-12-08,302.0,470.16,,,,28.67,2018-09-19,2017-10-16,1000.0,SUR,,,,,RUB
EQOB,2017-10-16,ГТЛК 01,RU000A0JTKB2,1.0,3052.5,101.75,101.75,101.75,101.75,34.11,101.75,8.37,101.75,3.0,101.79,101.75,101.75,42719677.3,11003171.7,42719677.3,2018-01-23,99.0,8.37,,,,74.79,,2017-10-16,1000.0,SUR,,,,,RUB
EQOB,2017-10-16,ГТЛК 02,RU000A0JTKM9,14.0,8563725.1,101.55,101.84,101.84,101.84,32.88,101.55,8.24,101.56,8433.0,101.55,101.55,101.84,8563725.1,8563725.1,8563725.1,2018-01-26,102.0,9.31,,,,74.79,,2017-10-16,1000.0,SUR,,,,,RUB
EQOB,2017-10-16,Башнефть08,RU000A0JTM44,2.0,22954.5,99.75,99.99,99.75,99.75,16.35,99.8,9.63,99.99,23.0,,100.15,99.75,0.0,18262653.5,0.0,2023-01-31,113.0,9.46,,,,43.13,2018-02-06,2017-10-16,1000.0,SUR,,,,,RUB
EQOB,2017-10-16,Башнефть09,RU000A0JTM51,3.0,20358499.8,101.79,101.8,101.8,101.79,16.73,101.79,8.13,101.79,20000.0,,101.77,101.79,0.0,22399634.8,0.0,2023-01-31,768.0,8.13,,,,44.13,2020-02-04,2017-10-16,1000.0,SUR,,,,,RUB
EQOB,2017-10-16,ВостЭксБ-2,RU000A0JTMJ1,5.0,3090600.0,68.0,69.0,69.0,68.97,24.96,68.97,81.06,68.0,4481.0,68.93,68.93,68.97,3237580.0,3187210.0,3237580.0,2018-08-09,283.0,81.16,,,,67.81,,2017-10-16,1000.0,SUR,,,,,RUB
EQOB,2017-10-16,РусГидро08,RU000A0JTMK9,1.0,3008.7,100.29,100.29,100.29,100.29,15.6,100.29,7.63,100.29,3.0,,100.1,100.29,0.0,680697081.1,0.0,2023-02-02,115.0,7.63,,,,42.38,2018-02-08,2017-10-16,1000.0,SUR,,,,,RUB
EQOB,2017-10-16,МКБ 12 обл,RU000A0JTPD7,11.0,236857.6,96.37,96.7,96.6,96.6,18.12,96.68,17.33,96.69,245.0,,96.58,96.6,0.0,503197.6,0.0,2018-08-22,299.0,17.22,,,,61.08,,2017-10-16,1000.0,SUR,,,,,RUB
EQOB,2017-10-16,ВЭБЛиз 11,RU000A0JTQU9,5.0,75120.0,99.85,100.05,100.0,100.0,4.28,99.89,8.63,99.86,188.0,,99.88,100.0,0.0,529754.32,0.0,2018-03-01,136.0,8.95,,,,16.95,,2017-10-16,400.0,SUR,,,,,RUB
EQOB,2017-10-16,РЖД-28 обл,RU000A0JTU85,3.0,253294969.0,100.69,100.99,100.69,100.69,2.92,100.91,8.04,100.91,251010.0,100.78,100.82,100.69,3443341969.0,1226821969.0,3443341969.0,2028-03-21,829.0,7.94,,,,40.89,2020-03-31,2017-10-16,1000.0,SUR,,,,,RUB
EQOB,2017-10-16,УБРиР БО-5,RU000A0JTVE3,1.0,5820.0,97.0,97.0,97.0,97.0,0.01,97.0,3.23,97.0,6.0,,95.0,97.0,0.0,524418.1,0.0,2020-04-10,361.0,3.23,,,,0.5,2018-10-12,2017-10-16,1000.0,SUR,,,,,RUB
EQOB,2017-10-16,РСХБ 20,RU000A0JTVJ2,4.0,199431.8,100.0,101.39,101.39,101.39,55.04,100.72,8.38,100.01,198.0,101.47,101.45,101.39,559354131.3,18823441.3,559354131.3,2023-04-11,174.0,9.83,,,,55.35,2018-04-17,2017-10-16,1000.0,SUR,,,,,RUB
EQOB,2017-10-16,Вертолеты1,RU000A0JTW26,5.0,7979.7,98.0,100.0,100.0,100.0,40.23,99.75,8.42,98.0,8.0,,,100.0,0.0,0.0,0.0,2018-04-20,179.0,8.95,,,,41.14,,2017-10-16,1000.0,SUR,,,,,RUB
EQOB,2017-10-16,ОткрХОЛ 5,RU000A0JTX09,106.0,397669.0,20.57,22.99,22.4,20.9,22.68,21.92,,20.58,1814.0,,21.76,20.9,0.0,530967.9,0.0,2028-04-25,180.0,0.0,,,,29.92,2018-05-08,2017-10-16,1000.0,SUR,,,,,RUB
EQOB,2017-10-16,Зенит 10об,RU000A0JTY40,3.0,5026012.0,100.2,100.4,100.2,100.2,38.75,100.4,10.12,100.4,5006.0,100.32,100.32,100.2,25397139.5,25397139.5,25397139.5,2018-05-30,217.0,9.76,,,,51.11,,2017-10-16,1000.0,SUR,,,,,RUB
EQOB,2017-10-16,Роснефть06,RU000A0JTYL2,1.0,27054.0,100.2,100.2,100.2,100.2,28.75,100.2,7.74,100.2,27.0,,99.89,100.2,0.0,30368614.0,0.0,2023-05-30,225.0,7.74,,,,39.64,2018-06-05,2017-10-16,1000.0,SUR,,,,,RUB
EQOB,2017-10-16,Роснефть09,RU000A0JTYM0,16.0,32385664.1,99.49,100.16,100.16,100.15,28.75,100.15,7.81,99.49,32336.0,100.15,100.15,100.15,32385664.1,32385664.1,32385664.1,2023-05-30,225.0,7.83,,,,39.64,2018-06-05,2017-10-16,1000.0,SUR,,,,,RUB
EQOB,2017-10-16,ОткрФКББ02,RU000A0JU0N7,8.0,299613.7,99.15,99.9,99.9,99.9,7.23,99.54,12.46,99.76,301.0,,99.73,99.9,0.0,564449.4,0.0,2025-09-24,333.0,12.9,,,,59.51,2018-09-24,2017-10-16,1000.0,SUR,,,,,RUB
EQOB,2017-10-16,УВЗ Б01,RU000A0JU0S6,3.0,86130.1,99.0,99.01,99.0,99.0,23.42,99.0,13.68,99.01,87.0,,99.36,99.0,0.0,586198.6,0.0,2020-07-09,87.0,13.68,,,,44.88,2018-01-11,2017-10-16,1000.0,SUR,,,,,RUB
EQOB,2017-10-16,УВЗ Б02,RU000A0JU0T4,9.0,162044.6,99.33,99.6,99.6,99.6,23.42,99.41,10.9,99.59,163.0,98.95,99.34,99.6,916313.2,603992.3,916313.2,2020-07-09,87.0,11.78,,,,44.88,2018-01-11,2017-10-16,1000.0,SUR,,,,,RUB
EQOB,2017-10-16,ИА ХМБ-1 А,RU000A0JU0Y4,7.0,135791.06,100.35,100.35,100.35,100.35,4.42,100.35,6.09,100.35,401.0,,100.35,100.35,0.0,12828022.39,0.0,2045-08-25,40.0,6.09,,,,7.83,2017-11-25,2017-10-16,337.45,SUR,,,,,RUB
EQOB,2017-10-16,ЛОКОБнкБО5,RU000A0JU153,1.0,992.5,99.25,99.25,99.25,99.25,24.04,99.25,13.12,99.25,1.0,,100.14,99.25,0.0,2269081.4,0.0,2023-07-11,92.0,13.12,,,,48.62,2018-01-16,2017-10-16,1000.0,SUR,,,,,RUB
EQOB,2017-10-16,ИНВПРО 01,RU000A0JU1A2,1.0,10050.0,100.5,100.5,100.5,100.5,31.7,100.5,12.59,100.5,10.0,,100.51,100.5,0.0,1357873.2,0.0,2018-07-18,264.0,12.59,,,,64.82,,2017-10-16,1000.0,SUR,,,,,RUB
EQOB,2017-10-16,РенКредБО5,RU000A0JU1P0,2.0,10945.0,99.5,99.5,99.5,99.5,23.19,99.5,11.81,99.5,11.0,,97.74,99.5,0.0,500444.7,0.0,2018-07-30,278.0,11.81,,,,54.7,,2017-10-16,1000.0,SUR,,,,,RUB
EQOB,2017-10-16,Карелия 16,RU000A0JU1V8,14.0,547037.62,99.2,99.5,99.5,99.5,3.37,99.5,8.27,99.39,2749.0,99.5,99.5,99.5,547037.62,547037.62,547037.62,2019-01-29,317.0,8.27,,,,3.78,,2017-10-16,200.0,SUR,,,,,RUB
EQOB,2017-10-16,БелгОб2013,RU000A0JU286,4.0,190640.66,99.99,100.5,100.5,100.5,12.1,100.5,8.2,99.99,271.0,100.39,100.44,100.5,50347075.52,40721063.39,50347075.52,2020-07-28,532.0,8.2,,,,14.49,,2017-10-16,700.0,SUR,,,,,RUB
EQOB,2017-10-16,О1пропфин1,RU000A0JU2F9,3.0,34954.5,99.87,99.87,99.87,99.87,24.33,99.87,12.49,99.87,35.0,,98.9,99.87,0.0,509348.9,0.0,2018-08-02,280.0,12.49,,,,59.84,,2017-10-16,1000.0,SUR,,,,,RUB
EQOB,2017-10-16,ОткрХОЛ 6,RU000A0JU2N3,5.0,7160.1,29.05,33.0,29.05,29.27,20.19,31.13,,33.0,23.0,,42.22,29.27,0.0,506606.0,0.0,2028-07-27,24.0,0.0,,,,27.42,2017-11-09,2017-10-16,1000.0,SUR,,,,,RUB
EQOB,2017-10-16,СУЭК-Фин05,RU000A0JU336,1.0,3956000.0,98.9,98.9,98.9,98.9,13.56,98.9,9.1,98.9,4000.0,98.88,98.89,98.9,25729262.4,20781354.8,25729262.4,2023-08-10,626.0,9.1,,,,41.14,2019-08-15,2017-10-16,1000.0,SUR,,,,,RUB
EQOB,2017-10-16,НижгорОбл9,RU000A0JU3B6,2.0,64884.6,99.9,100.0,100.0,100.0,6.64,99.98,8.01,99.9,118.0,99.99,99.94,100.0,15733088.99,2707204.01,15733088.99,2020-08-26,597.0,8.03,,,,21.58,,2017-10-16,550.0,SUR,,,,,RUB
EQDB,2017-10-16,ТПГК-Фин1,RU000A0JU5M8,1.0,6.6,0.11,0.11,0.11,0.11,11.18,0.11,,0.11,6.0,,,0.11,0.0,0.0,0.0,2018-09-13,240.0,0.0,,,,63.58,,2017-10-16,1000.0,SUR,,,,,RUB
EQOB,2017-10-16,ГТЛК БО-01,RU000A0JU5S5,7.0,84821.22,100.75,101.0,100.76,100.76,2.11,100.99,8.72,100.77,280.0,,100.89,100.76,0.0,500917.86,0.0,2018-09-18,268.0,8.39,,,,7.11,,2017-10-16,300.0,SUR,,,,,RUB
EQOB,2017-10-16,ГТЛК БО-02,RU000A0JU609,12.0,780456.15,100.75,100.99,100.94,100.94,1.95,100.8,8.47,100.75,2581.0,100.8,100.8,100.94,780456.15,780456.15,780456.15,2018-09-20,270.0,8.67,,,,7.11,,2017-10-16,300.0,SUR,,,,,RUB
EQOB,2017-10-16,ВЭБ Б14,RU000A0JU6K0,3.0,5977.4,99.52,100.14,100.14,100.14,3.99,99.62,8.18,99.52,6.0,100.0,100.03,100.14,75379431.7,1393418.4,75379431.7,2018-09-27,335.0,8.79,,,,20.19,,2017-10-16,1000.0,SUR,,,,,RUB
EQOB,2017-10-16,КостромОб7,RU000A0JU6N4,14.0,574791.74,99.6,99.88,99.88,99.88,2.29,99.83,8.13,99.88,1645.0,99.83,99.83,99.88,574791.74,574791.74,574791.74,2018-09-28,229.0,8.21,,,,6.72,,2017-10-16,350.0,SUR,,,,,RUB
EQOB,2017-10-16,ВлгОб35004,RU000A0JU6P9,1.0,797.6,99.7,99.7,99.7,99.7,6.12,99.7,8.13,99.7,2.0,99.65,99.65,99.7,7432868.2,7332572.2,7432868.2,2018-11-01,192.0,8.13,,,,7.53,,2017-10-16,400.0,SUR,,,,,RUB
EQOB,2017-10-16,Удмуртия-7,RU000A0JU740,1.0,21890.0,99.5,99.5,99.5,99.5,1.12,99.5,7.93,99.5,44.0,99.44,99.46,99.5,1433883.7,1388892.3,1433883.7,2020-10-01,574.0,7.93,,,,18.57,,2017-10-16,500.0,SUR,,,,,RUB
EQOB,2017-10-16,ВТБ БО-43,RU000A0JU773,1.0,701400.0,100.2,100.2,100.2,100.2,2.36,100.2,7.89,100.2,700.0,100.09,100.19,100.2,4765243.3,1315530.5,4765243.3,2023-09-29,81.0,7.89,,,,21.44,2018-01-05,2017-10-16,1000.0,SUR,,,,,RUB
EQOB,2017-10-16,ТГК-2 БО-2,RU000A0JU7L6,34.0,120031.3,97.06,97.55,97.29,97.29,30.74,97.19,16.57,97.23,247.0,,97.3,97.29,0.0,1936659.45,0.0,2019-04-26,254.0,16.73,,,,32.55,,2017-10-16,500.0,SUR,,,,,RUB
EQOB,2017-10-16,СмолОб2013,RU000A0JU7R3,7.0,1026566.61,100.84,100.87,100.87,100.85,0.0,100.85,7.92,100.85,2262.0,100.65,100.68,100.85,3110639.14,2338744.12,3110639.14,2018-10-20,268.0,7.95,,,,9.99,,2017-10-16,450.0,SUR,,,,,RUB
EQOB,2017-10-16,Зенит 11об,RU000A0JU7X1,3.0,821363.0,99.8,99.9,99.8,99.8,54.55,99.8,8.91,99.9,823.0,99.81,99.81,99.8,1031999.0,1031999.0,1031999.0,2018-10-16,339.0,8.91,,,,54.85,,2017-10-16,1000.0,SUR,,,,,RUB
EQOB,2017-10-16,ГеотекС 1,RU000A0JU807,53.0,1528050.16,48.56,51.48,50.0,50.0,22.53,49.84,,51.48,3982.0,49.84,49.84,50.0,1528050.16,1528050.16,1528050.16,2019-10-16,88.0,0.0,,,,23.04,2018-01-17,2017-10-16,770.0,SUR,,,,,RUB
EQOB,2017-10-16,ВржОб34006,RU000A0JU823,13.0,265121.83,99.27,99.74,99.69,99.69,6.14,99.41,8.14,99.74,762.0,,99.5,99.69,0.0,519217.7,0.0,2018-10-23,181.0,8.75,,,,6.64,,2017-10-16,350.0,SUR,,,,,RUB
EQOB,2017-10-16,ОткрФКБ9,RU000A0JU872,1.0,999.9,99.99,99.99,99.99,99.99,47.36,99.99,10.41,99.99,1.0,99.28,99.28,99.99,794233.8,794233.8,794233.8,2023-11-11,11.0,10.41,,,,50.39,2017-10-27,2017-10-16,1000.0,SUR,,,,,RUB
EQOB,2017-10-16,МКБ БО-06,RU000A0JU880,3.0,616347.1,99.25,99.48,99.48,99.48,48.66,99.25,10.98,99.25,621.0,99.23,99.24,99.48,231164941.7,169444687.5,231164941.7,2018-10-24,347.0,11.24,,,,50.89,,2017-10-16,1000.0,SUR,,,,,RUB
EQOB,2017-10-16,МКБ БО-09,RU000A0JU898,1.0,10000.0,100.0,100.0,100.0,100.0,5.9,100.0,10.51,100.0,10.0,99.99,99.99,100.0,3923586.4,3913588.4,3923586.4,2020-03-25,806.0,10.51,,,,50.83,,2017-10-16,1000.0,SUR,,,,,RUB
EQOB,2017-10-16,Мордовия01,RU000A0JU8Q3,2.0,62906.4,101.0,101.3,101.0,101.0,6.39,101.3,8.47,101.3,207.0,101.79,101.79,101.0,586938.36,584803.8,586938.36,2018-10-22,351.0,8.14,,,,6.92,,2017-10-16,300.0,SUR,,,,,RUB
EQOB,2017-10-16,Хакас2013,RU000A0JU8R1,5.0,45938.32,100.3,100.79,100.79,100.79,11.78,100.74,8.08,100.3,57.0,100.2,100.22,100.79,2645162.32,1105650.96,2645162.32,2020-10-27,518.0,8.11,,,,16.75,,2017-10-16,800.0,SUR,,,,,RUB
EQOB,2017-10-16,Райфб-БО1,RU000A0JU8T7,1.0,975.1,97.51,97.51,97.51,97.51,0.05,97.51,102.98,97.51,1.0,,98.08,97.51,0.0,504142.3,0.0,2018-10-29,13.0,102.98,,,,0.05,2017-10-29,2017-10-16,1000.0,SUR,,,,,RUB
EQOB,2017-10-16,МКБ БО-07,RU000A0JU8W1,22.0,17814173.0,98.1,99.0,98.2,98.2,47.69,98.21,12.56,98.28,18140.0,98.2,98.2,98.2,17814173.0,17814173.0,17814173.0,2018-10-30,352.0,12.55,,,,51.64,,2017-10-16,1000.0,SUR,,,,,RUB
EQOB,2017-10-16,ВЭБЛиз 12,RU000A0JU9S7,6.0,17370189.08,99.65,100.0,100.0,100.0,13.56,99.91,8.4,99.65,46335.0,99.97,99.97,100.0,17445102.83,17445102.83,17445102.83,2018-11-06,194.0,8.58,,,,15.43,,2017-10-16,375.0,SUR,,,,,RUB
EQOB,2017-10-16,ВЭБЛиз 13,RU000A0JU9T5,8.0,34017379.25,99.65,99.97,99.97,99.97,13.56,99.91,8.46,99.65,90741.0,99.97,99.97,99.97,34019251.14,34018128.05,34019251.14,2018-11-06,194.0,8.58,,,,15.43,,2017-10-16,375.0,SUR,,,,,RUB
EQOB,2017-10-16,РСГ-ФинБ01,RU000A0JUAG0,2.0,8999.5,99.99,100.0,99.99,99.99,54.0,99.99,13.91,100.0,9.0,,100.28,99.99,0.0,521464.2,0.0,2025-11-11,207.0,13.91,,,,67.32,2018-05-22,2017-10-16,1000.0,SUR,,,,,RUB
EQOB,2017-10-16,АльфаБО-05,RU000A0JUB02,30.0,700304.2,99.91,100.39,100.0,100.0,58.85,100.04,8.36,99.91,700.0,100.04,100.04,100.0,700304.2,700304.2,700304.2,2018-10-20,342.0,8.31,,,,60.16,,2017-10-16,1000.0,SUR,,,,,RUB
EQOB,2017-10-16,ВЭБ.РФ Б04,RU000A0JUD83,3.0,1810000.0,100.0,100.5,100.5,100.5,5.75,100.5,8.19,100.0,1801.0,,100.04,100.5,0.0,19936263.4,0.0,2018-12-20,412.0,8.19,,,,20.94,,2017-10-16,1000.0,SUR,,,,,RUB
EQOB,2017-10-16,Финстоун01,RU000A0JUDX9,1.0,62000000.0,100.0,100.0,100.0,100.0,24.08,100.0,9.44,100.0,62000.0,,100.0,100.0,0.0,62510000.0,0.0,2024-01-04,427.0,9.44,,,,46.12,,2017-10-16,1000.0,SUR,,,,,RUB
EQOB,2017-10-16,ОткрФКББ04,RU000A0JUFP0,12.0,419172.1,99.8,99.95,99.81,99.81,21.7,99.8,12.88,99.81,420.0,,99.77,99.81,0.0,768222.1,0.0,2020-02-07,116.0,12.92,,,,59.84,2018-02-09,2017-10-16,1000.0,SUR,,,,,RUB
EQOB,2017-10-16,ОткрФКББ08,RU000A0JUFQ8,12.0,208105.2,100.0,100.13,100.04,100.04,5.59,100.06,12.23,100.0,208.0,,100.02,100.04,0.0,513119.8,0.0,2021-03-26,165.0,12.18,,,,59.84,2018-03-30,2017-10-16,1000.0,SUR,,,,,RUB
EQOB,2017-10-16,ЗенитБО-11,RU000A0JUGY0,1.0,10000.0,100.0,100.0,100.0,100.0,11.97,100.0,9.7,100.0,10.0,,100.3,100.0,0.0,713166.0,0.0,2019-02-28,310.0,9.7,,,,47.37,2018-08-30,2017-10-16,1000.0,SUR,,,,,RUB
EQOB,2017-10-16,ВейлФин1,RU000A0JUHV4,1.0,2000000.0,100.0,100.0,100.0,100.0,7.91,100.0,8.93,100.0,2000.0,,100.0,100.0,0.0,3010000.0,0.0,2023-03-08,490.0,8.93,,,,43.63,,2017-10-16,1000.0,SUR,,,,,RUB
EQOB,2017-10-16,ПолиплБ01,RU000A0JUK84,12.0,33447.6,101.0,101.97,101.0,101.0,2.3,101.36,13.29,101.97,33.0,,99.13,101.0,0.0,509510.2,0.0,2019-04-09,346.0,12.87,,,,69.81,2018-10-09,2017-10-16,1000.0,SUR,,,,,RUB
EQOB,2017-10-16,МарЭл2014,RU000A0JUMW2,1.0,102.14,102.14,102.14,102.14,102.95,0.28,102.14,8.49,102.14,1.0,,102.28,102.95,0.0,510081.63,0.0,2018-07-07,257.0,8.49,,,,2.82,,2017-10-16,100.0,SUR,,,,,RUB
EQOB,2017-10-16,ЭлемЛизБО3,RU000A0JUN08,1.0,49098.0,100.2,100.2,100.2,100.2,17.75,100.2,13.8,100.2,49.0,100.02,100.03,100.2,286279504.1,259346387.1,286279504.1,2019-05-28,216.0,13.8,,,,33.66,2018-05-29,2017-10-16,1000.0,SUR,,,,,RUB
EQOB,2017-10-16,КОМИ 11 об,RU000A0JUN81,4.0,81776.01,103.49,103.89,103.89,103.89,4.23,103.65,8.13,103.49,263.0,103.79,103.79,103.89,1239547.32,767248.89,1239547.32,2019-11-27,436.0,8.34,,,,8.38,,2017-10-16,300.0,SUR,,,,,RUB
EQOB,2017-10-16,ЗапСибКБ-2,RU000A0JUP63,9.0,10340.65,99.64,101.42,101.42,100.33,0.5,100.39,14.52,101.42,1030.0,,99.98,100.33,0.0,504475.23,0.0,2019-12-12,670.0,15.13,,,,0.74,,2017-10-16,10.0,SUR,,,,,RUB
EQOB,2017-10-16,ВлгОб35005,RU000A0JUP89,1.0,1120.9,101.9,101.9,101.9,101.9,4.82,101.9,8.1,101.9,2.0,101.9,101.9,101.9,15523306.59,15514899.84,15523306.59,2019-07-13,345.0,8.1,,,,13.71,,2017-10-16,550.0,SUR,,,,,RUB
EQOB,2017-10-16,Оренб35002,RU000A0JUPE3,9.0,1314175.75,105.05,105.1,105.1,105.05,4.22,105.05,8.06,105.05,2502.0,,105.06,105.05,0.0,1839675.75,0.0,2021-06-14,586.0,8.09,,,,13.71,,2017-10-16,500.0,SUR,,,,,RUB
EQOB,2017-10-16,ИАСанр1А,RU000A0JUPU9,1.0,294.64,99.0,99.0,99.0,99.0,1.36,99.0,48.55,99.0,1.0,,,99.0,0.0,0.0,0.0,2044-07-28,12.0,48.55,,,,2.26,2017-10-28,2017-10-16,297.62,SUR,,,,,RUB
EQOB,2017-10-16,ЗенитБО-13,RU000A0JUPW5,2.0,5027530.0,100.15,100.15,100.15,100.15,31.78,100.15,9.96,100.15,5020.0,100.19,100.19,100.15,35086280.0,35086280.0,35086280.0,2024-06-13,239.0,9.96,,,,49.86,2018-06-21,2017-10-16,1000.0,SUR,,,,,RUB
EQOB,2017-10-16,БелгОб2014,RU000A0JUQB7,2.0,1131.9,102.8,103.0,102.8,102.8,3.37,102.9,8.23,103.0,2.0,103.5,103.49,102.8,1181250.62,1146346.85,1181250.62,2021-06-21,390.0,8.14,,,,14.6,,2017-10-16,550.0,SUR,,,,,RUB
EQOB,2017-10-16,ВТБ БО-26,RU000A0JUQE1,2.0,2000.4,100.02,100.02,100.02,100.02,5.07,100.02,9.44,100.02,2.0,,100.47,100.02,0.0,509403.4,0.0,2020-06-23,71.0,9.44,,,,23.06,2017-12-26,2017-10-16,1000.0,SUR,,,,,RUB
EQOB,2017-10-16,ЯрОбл 2014,RU000A0JUQF8,1.0,465.75,103.5,103.5,103.5,103.5,2.52,103.5,7.44,103.5,1.0,,102.35,103.5,0.0,504331.91,0.0,2019-09-24,434.0,7.44,,,,11.44,,2017-10-16,450.0,SUR,,,,,RUB
EQOB,2017-10-16,Росинтруд1,RU000A0JUQN2,1.0,195000.0,100.0,100.0,100.0,100.0,22.19,100.0,11.43,100.0,195.0,100.46,100.45,100.0,51205197.5,34404900.0,51205197.5,2026-02-05,112.0,11.43,,,,56.71,2018-02-05,2017-10-16,1000.0,SUR,,,,,RUB
EQOB,2017-10-16,МКБ БО-10,RU000A0JUQQ5,7.0,4474765.0,98.9,99.4,99.25,99.25,29.53,99.37,14.63,99.4,4503.0,99.31,99.31,99.25,9533539.8,9533539.8,9533539.8,2019-07-10,86.0,14.06,,,,55.45,2018-01-10,2017-10-16,1000.0,SUR,,,,,RUB
EQOB,2017-10-16,МКБ БО-11,RU000A0JUQR3,2.0,129150.0,99.0,99.45,99.0,99.0,24.57,99.35,10.01,99.45,130.0,96.91,97.45,99.0,23948207.4,12388373.2,23948207.4,2019-07-10,585.0,9.78,,,,46.13,,2017-10-16,1000.0,SUR,,,,,RUB
EQOB,2017-10-16,Новсиб2014,RU000A0JUR46,4.0,883768.05,103.59,106.0,103.59,103.59,0.34,103.67,8.7,106.0,1550.0,103.4,103.4,103.59,764669054.63,764669054.63,764669054.63,2019-10-08,446.0,8.63,,,,15.63,,2017-10-16,550.0,SUR,,,,,RUB
EQOB,2017-10-16,ОткрХОЛБО3,RU000A0JURM2,6.0,6510.3,25.0,33.02,25.0,26.04,25.84,26.04,,33.02,25.0,,53.15,26.04,0.0,526676.4,0.0,2027-07-14,100.0,0.0,,,,57.34,2018-01-24,2017-10-16,1000.0,SUR,,,,,RUB
EQOB,2017-10-16,АльфаБО-13,RU000A0JUU90,1.0,1010.0,101.0,101.0,101.0,101.0,8.2,101.0,8.95,101.0,1.0,,101.63,101.0,0.0,41403363.5,0.0,2029-08-30,649.0,8.95,,,,46.62,2019-09-12,2017-10-16,1000.0,SUR,,,,,RUB
EQOB,2017-10-16,АльфаБО-14,RU000A0JUUA1,1.0,386000.0,100.0,100.0,100.0,100.0,7.45,100.0,8.67,100.0,386.0,100.0,100.0,100.0,16292002.3,11792002.3,16292002.3,2029-08-30,325.0,8.67,,,,42.38,2018-09-13,2017-10-16,1000.0,SUR,,,,,RUB
EQOB,2017-10-16,ПромсвбБО6,RU000A0JUVF8,9.0,78465.5,96.7,98.48,98.48,98.48,3.53,96.87,11.19,97.55,81.0,,97.28,98.48,0.0,639111.7,0.0,2019-10-02,343.0,13.16,,,,45.87,2018-10-02,2017-10-16,1000.0,SUR,,,,,RUB
EQOB,2017-10-16,ПромсвбБО8,RU000A0JUVG6,13.0,1378914.9,96.04,96.5,96.49,96.23,5.03,96.5,12.24,96.49,1429.0,96.5,96.5,96.23,1378914.9,1378914.9,1378914.9,2021-03-28,808.0,12.24,,,,50.58,2020-03-28,2017-10-16,1000.0,SUR,,,,,RUB
EQOB,2017-10-16,КраснЯрКр9,RU000A0JUVM4,2.0,25704.42,104.48,104.49,104.49,104.49,2.65,104.49,6.69,104.48,41.0,,103.54,104.49,0.0,270474273.0,0.0,2018-10-01,340.0,6.69,,,,34.41,,2017-10-16,600.0,SUR,,,,,RUB
EQOB,2017-10-16,РСХБ БО13,RU000A0JUW31,3.0,3511485.0,105.45,105.45,105.45,105.45,3.04,105.45,8.32,105.45,3330.0,105.23,105.31,105.45,11215790.4,7651744.5,11215790.4,2024-09-27,655.0,8.32,,,,27.67,2019-10-04,2017-10-16,1000.0,SUR,,,,,RUB
EQOB,2017-10-16,РСХБ БО14,RU000A0JUW72,4.0,144466.0,105.4,105.45,105.45,105.45,2.13,105.4,8.33,105.45,137.0,105.31,105.31,105.45,4237586.2,4237586.2,4237586.2,2024-09-30,658.0,8.36,,,,27.67,2019-10-07,2017-10-16,1000.0,SUR,,,,,RUB
EQOB,2017-10-16,ХМАО 09,RU000A0JUWB5,21.0,369064.08,103.21,104.95,104.2,104.21,0.09,104.17,8.26,104.87,1181.0,,103.7,104.21,0.0,636485.41,0.0,2019-10-13,455.0,8.28,,,,8.53,,2017-10-16,300.0,SUR,,,,,RUB
EQOB,2017-10-16,Карелия 17,RU000A0JUWJ8,16.0,606948.32,102.55,102.88,102.55,102.66,23.09,102.66,8.39,102.86,739.0,102.66,102.66,102.66,606948.32,606948.32,606948.32,2020-04-08,227.0,8.2,,,,24.43,,2017-10-16,800.0,SUR,,,,,RUB
EQOB,2017-10-16,ВоронежОб7,RU000A0JUWK6,13.0,2481473.69,104.62,105.78,104.62,104.64,0.42,105.17,8.66,105.78,3630.0,105.17,105.17,104.64,2481473.69,2481473.69,2481473.69,2019-10-14,506.0,8.25,,,,19.04,,2017-10-16,650.0,SUR,,,,,RUB
EQOB,2017-10-16,Волгогр 07,RU000A0JUWU5,5.0,859822.26,103.61,104.0,104.0,104.0,17.41,103.62,8.29,103.65,1383.0,103.84,103.73,104.0,1819958.1,1185688.5,1819958.1,2019-10-10,336.0,8.71,,,,18.64,,2017-10-16,600.0,SUR,,,,,RUB
EQOB,2017-10-16,ОткрХОЛБО4,RU000A0JUWV3,9.0,3669.6,36.01,50.14,36.01,38.83,59.98,40.77,231.64,50.14,9.0,,83.75,38.83,0.0,1221127.3,0.0,2027-09-30,360.0,197.45,,,,185.24,2018-10-11,2017-10-16,1000.0,SUR,,,,,RUB
EQOB,2017-10-16,ОмскОб2014,RU000A0JUX89,3.0,37665.0,104.5,104.65,104.5,104.5,18.2,104.63,7.69,104.65,60.0,104.62,104.64,104.5,1275530.76,584546.76,1275530.76,2019-10-15,337.0,7.54,,,,18.4,,2017-10-16,600.0,SUR,,,,,RUB
EQOB,2017-10-16,Хакас2014,RU000A0JUXW9,1.0,1902.42,105.69,105.69,105.69,105.69,17.26,105.69,8.07,105.69,3.0,105.69,105.69,105.69,849746.76,826281.6,849746.76,2019-10-27,424.0,8.07,,,,18.92,,2017-10-16,600.0,SUR,,,,,RUB
EQOB,2017-10-16,АльфаБО-15,RU000A0JV0U1,1.0,1012.5,101.25,101.25,101.25,101.25,39.22,101.25,8.32,101.25,1.0,,101.14,101.25,0.0,1040687.9,0.0,2029-11-13,216.0,8.32,,,,51.36,2018-05-29,2017-10-16,1000.0,SUR,,,,,RUB
EQOB,2017-10-16,ВостЭксБ 3,RU000A0JV102,2.0,2155.0,71.5,72.0,72.0,72.0,,71.83,,71.5,300000.0,,60.18,72.0,0.0,602449.5,0.0,2020-05-28,694.0,0.0,,,,0.0009,,2017-10-16,0.01,SUR,,,,,RUB
EQOB,2017-10-16,ОткрФКББ05,RU000A0JV1D5,16.0,145972.5,99.01,100.0,100.0,100.0,43.07,99.3,12.09,99.82,147.0,,99.75,100.0,0.0,582561.6,0.0,2020-12-02,51.0,17.63,,,,59.84,2017-12-06,2017-10-16,1000.0,SUR,,,,,RUB
EQOB,2017-10-16,РоснфтБО9,RU000A0JV219,2.0,1069999.0,106.9,107.0,107.0,107.0,38.82,106.93,8.29,106.9,1000.0,,106.08,107.0,0.0,22278567.0,0.0,2024-11-28,1904.0,8.3,,,,54.35,,2017-10-16,1000.0,SUR,,,,,RUB
EQDB,2017-10-16,РГСНедвБ04,RU000A0JV2D3,12.0,5899.7,10.0,19.5,19.5,19.5,43.15,13.72,,15.01,43.0,,68.47,19.5,0.0,517640.5,0.0,2017-12-11,56.0,0.0,,,,62.33,,2017-10-16,1000.0,SUR,,,,,RUB
EQDB,2017-10-16,ЛизГарант1,RU000A0JV2E1,4.0,322.6,1.04,1.05,1.04,1.04,,1.04,,1.05,31.0,,10.59,1.04,0.0,638450.8,0.0,2017-12-11,56.0,0.0,,,,,,2017-10-16,1000.0,SUR,,,,,RUB
EQOB,2017-10-16,ТомскАдм 5,RU000A0JV2H4,3.0,36535.95,108.9,108.9,108.9,108.9,7.17,108.9,8.17,108.9,61.0,108.9,108.9,108.9,1229036.44,1229036.44,1229036.44,2019-12-15,526.0,8.17,,,,19.2,,2017-10-16,550.0,SUR,,,,,RUB
EQOB,2017-10-16,ОткрФКББ4,RU000A0JV3L4,1.0,3800.0,95.0,95.0,95.0,95.0,31.27,95.0,12.77,95.0,4.0,,,95.0,0.0,0.0,0.0,2023-05-04,813.0,12.77,,,,50.64,2020-04-25,2017-10-16,1000.0,SUR,,,,,RUB
EQOB,2017-10-16,МгдОбл2014,RU000A0JV3Z4,10.0,1181008.92,105.15,105.25,105.25,105.25,6.04,105.25,7.97,105.25,1603.0,105.25,105.25,105.25,1181008.92,1181008.92,1181008.92,2018-12-24,266.0,7.97,,,,26.18,,2017-10-16,700.0,SUR,,,,,RUB
EQOB,2017-10-16,АкБарс-БО4,RU000A0JV417,5.0,490950.9,99.98,100.0,100.0,100.0,33.45,99.99,11.11,99.98,491.0,99.91,99.94,100.0,565510.5,555650.5,565510.5,2017-12-26,71.0,11.17,,,,54.85,,2017-10-16,1000.0,SUR,,,,,RUB
EQOB,2017-10-16,ГСС БО-04,RU000A0JV433,1.0,989.8,98.98,98.98,98.98,98.98,0.3,98.98,5.52,98.98,1.0,,,98.98,0.0,0.0,0.0,2019-12-24,71.0,5.52,,,,0.5,2017-12-26,2017-10-16,1000.0,SUR,,,,,RUB
EQOB,2017-10-16,ОткрФКББ07,RU000A0JV573,2.0,59585.0,100.99,101.0,100.99,100.99,26.76,100.99,9.9,101.0,59.0,99.99,99.99,100.99,42573032.1,42489592.1,42573032.1,2022-01-13,267.0,9.9,,,,55.35,2018-07-19,2017-10-16,1000.0,SUR,,,,,RUB
EQOB,2017-10-16,ОткрФКББ06,RU000A0JV5R6,2.0,12000.4,100.0,100.02,100.02,100.02,30.26,100.0,13.29,100.0,12.0,100.01,100.01,100.02,581069.4,581069.4,581069.4,2021-01-18,98.0,13.37,,,,65.57,2018-01-22,2017-10-16,1000.0,SUR,,,,,RUB
EQOB,2017-10-16,ОткрФКББ7,RU000A0JV5U0,6.0,767836.9,100.0,100.15,100.15,100.15,30.26,100.11,12.76,100.0,767.0,100.11,100.11,100.15,784844.9,783843.0,784844.9,2021-01-18,98.0,12.92,,,,65.57,2018-01-22,2017-10-16,1000.0,SUR,,,,,RUB
EQOB,2017-10-16,АИЖК14-2А2,RU000A0JV7G5,1.0,695279.0,102.7,102.7,102.7,102.7,9.49,102.7,-6.1,102.7,677.0,,102.69,102.7,0.0,752701.5,0.0,2047-06-13,58.0,-6.1,,,,26.18,2017-12-13,2017-10-16,1000.0,SUR,,,,,RUB
EQOB,2017-10-16,Дельта16ИП,RU000A0JV7T8,1.0,4004000.0,100.1,100.1,100.1,100.1,17.0,100.1,8.4,100.1,4000.0,,100.1,100.1,0.0,10080096.0,0.0,2018-02-04,109.0,8.4,,,,21.42,,2017-10-16,1000.0,SUR,,,,,RUB
EQOB,2017-10-16,ВЭБлизБ04,RU000A0JV8D0,1.0,160480.0,100.3,100.3,100.3,100.3,18.26,100.3,9.24,100.3,160.0,100.33,100.32,100.3,541764.5,520643.0,541764.5,2025-01-31,116.0,9.24,,,,50.36,2018-02-09,2017-10-16,1000.0,SUR,,,,,RUB
EQOB,2017-10-16,РЖД БО-03,RU000A0JV8Q2,44.0,1683045.1,100.5,100.65,100.55,100.55,48.29,100.54,11.86,100.65,1674.0,100.54,100.54,100.55,1683045.1,1683045.1,1683045.1,2030-05-03,932.0,11.86,,,,58.59,2020-11-13,2017-10-16,1000.0,SUR,,,,,RUR
EQOB,2017-10-16,ВЭБлизБ06,RU000A0JV9D8,1.0,997.5,99.75,99.75,99.75,99.75,11.45,99.75,9.2,99.75,1.0,,99.71,99.75,0.0,685011.7,0.0,2025-02-18,308.0,9.2,,,,43.43,2018-08-28,2017-10-16,1000.0,SUR,,,,,RUB
EQOB,2017-10-16,ВЭБлизБ07,RU000A0JV9H9,1.0,49875.0,99.75,99.75,99.75,99.75,10.98,99.75,9.2,99.75,50.0,,99.85,99.75,0.0,640024.5,0.0,2025-02-20,310.0,9.2,,,,43.43,2018-08-30,2017-10-16,1000.0,SUR,,,,,RUB
EQOB,2017-10-16,ГТЛК БО-04,RU000A0JVA10,4.0,634711.0,101.15,101.25,101.15,101.15,7.8,101.23,8.5,101.25,627.0,101.21,101.25,101.15,1035425.3,837306.9,1035425.3,2025-03-06,643.0,8.45,,,,22.19,2019-09-12,2017-10-16,1000.0,SUR,,,,,RUB
EQOB,2017-10-16,ОткрФКББ09,RU000A0JVBN2,5.0,2546411.5,99.55,99.85,99.55,99.59,5.59,99.59,13.45,99.85,2557.0,99.59,99.59,99.59,2596351.3,2573375.7,2596351.3,2021-03-26,165.0,13.35,,,,59.84,2018-03-30,2017-10-16,1000.0,SUR,,,,,RUB
EQOB,2017-10-16,ОткрФКББ14,RU000A0JVBS1,18.0,194389.6,99.41,99.89,99.85,99.84,44.42,99.72,12.31,99.86,195.0,,99.73,99.84,0.0,923523.4,0.0,2021-05-26,216.0,12.55,,,,58.59,2018-05-30,2017-10-16,1000.0,SUR,,,,,RUB
EQOB,2017-10-16,ЗенитБО-09,RU000A0JVBX1,11.0,23155408.6,100.3,100.38,100.3,100.3,3.24,100.31,10.32,100.38,23081.0,100.32,100.32,100.3,23155408.6,23155408.6,23155408.6,2025-03-27,171.0,10.29,,,,53.6,2018-04-05,2017-10-16,1000.0,SUR,,,,,RUB
EQOB,2017-10-16,КрЕврБ-БО9,RU000A0JVC18,2.0,2000.9,99.99,100.1,100.1,100.05,0.82,100.05,10.02,99.99,2.0,,98.44,100.05,0.0,500050.9,0.0,2018-04-13,179.0,10.13,,,,49.86,,2017-10-16,1000.0,SUR,,,,,RUB
EQOB,2017-10-16,ОткрФКБОП2,RU000A0JVC67,3.0,52376.0,99.0,100.99,100.99,100.99,2.05,100.72,10.6,99.0,52.0,,100.98,100.99,0.0,5217845.7,0.0,2020-04-07,176.0,11.22,,,,62.33,2018-04-10,2017-10-16,1000.0,SUR,,,,,RUB
EQOB,2017-10-16,ПЕРЕСВЕТБ4,RU000A0JVCA7,2.0,61012.0,100.0,100.02,100.02,100.02,30.86,100.02,13.87,100.0,61.0,100.33,100.29,100.02,1306307.0,642860.0,1306307.0,2018-04-25,182.0,13.87,,,,33.4,,2017-10-16,1000.0,SUR,,,,,RUB
EQOB,2017-10-16,ПКБ 08,RU000A0JVCK6,4.0,41492.76,100.74,101.08,100.74,100.74,17.57,100.8,14.74,101.07,96.0,,100.99,100.74,0.0,561208.61,0.0,2018-04-19,90.0,14.47,,,,18.17,,2017-10-16,428.8,SUR,,,,,RUB
EQDB,2017-10-16,ДВМПБО-01,RU000A0JVCQ3,1.0,5400.0,90.0,90.0,90.0,90.0,69.51,90.0,,90.0,6.0,,91.97,90.0,0.0,513175.7,0.0,2018-02-27,11.0,0.0,,,,73.95,2017-10-27,2017-10-16,1000.0,SUR,,,,,RUB
EQOB,2017-10-16,О'КЕЙ-Б05,RU000A0JVD17,13.0,53409.7,100.5,101.0,100.5,100.5,50.05,100.77,10.53,100.9,53.0,,100.46,100.5,0.0,635942.5,0.0,2020-04-21,792.0,10.4,,,,52.36,,2017-10-16,1000.0,SUR,,,,,RUB
EQOB,2017-10-16,РусГидро09,RU000A0JVD25,7.0,527387.9,100.05,100.48,100.05,100.06,60.78,100.45,10.38,100.48,525.0,100.45,100.45,100.06,537421.5,537421.5,537421.5,2025-04-15,8.0,-7.03,,,,63.58,2017-10-24,2017-10-16,1000.0,SUR,,,,,RUB
EQOB,2017-10-16,ОткрХОЛБО2,RU000A0JVDR9,4.0,5690.1,20.05,23.0,20.05,20.05,50.86,21.89,,23.0,26.0,,56.9,20.05,0.0,502420.6,0.0,2028-04-20,17.0,0.0,,,,56.1,2017-11-02,2017-10-16,1000.0,SUR,,,,,RUB
EQOB,2017-10-16,ГСС БО-05,RU000A0JVF64,15.0,191515.8,99.5,100.0,100.0,100.0,37.28,99.75,9.67,99.51,192.0,,99.59,100.0,0.0,613473.2,0.0,2020-05-21,832.0,9.78,,,,47.12,,2017-10-16,1000.0,SUR,,,,,RUB
EQOB,2017-10-16,РостелБО-1,RU000A0JVFC6,1.0,49000.0,98.0,98.0,98.0,98.0,32.91,98.0,8.12,98.0,50.0,,98.01,98.0,0.0,3506683.0,0.0,2025-05-16,2061.0,8.12,,,,41.88,,2017-10-16,1000.0,SUR,,,,,RUB
EQOB,2017-10-16,МИндБ 01,RU000A0JVFE2,15.0,334923.3,99.68,100.05,99.68,99.7,59.03,99.98,16.22,100.0,335.0,,99.99,99.7,0.0,1062854.6,0.0,2020-11-24,891.0,16.09,,,,77.29,,2017-10-16,1000.0,SUR,,,,,RUB
EQOB,2017-10-16,ОткрФКББ13,RU000A0JVGK7,4.0,1666625.9,99.5,99.52,99.5,99.5,42.17,99.5,12.92,99.52,1675.0,99.41,99.5,99.5,5657228.1,1673612.8,5657228.1,2021-06-02,223.0,12.92,,,,58.59,2018-06-06,2017-10-16,1000.0,SUR,,,,,RUB
EQOB,2017-10-16,СамарОбл11,RU000A0JVK00,12.0,319896.24,100.0,107.33,107.27,107.27,5.1,103.13,8.62,107.33,517.0,,107.92,107.27,0.0,5594676.24,0.0,2020-06-18,644.0,11.03,,,,18.55,,2017-10-16,600.0,SUR,,,,,RUB
EQOB,2017-10-16,ЕврХолдФ 8,RU000A0JVKK9,1.0,214223.5,107.65,107.65,107.65,107.65,39.03,107.65,8.17,107.65,199.0,106.52,106.61,107.65,4994614.2,1833734.6,4994614.2,2025-06-18,557.0,8.17,,,,64.57,2019-06-26,2017-10-16,1000.0,SUR,,,,,RUB
EQOB,2017-10-16,БелгОб2015,RU000A0JVL33,5.0,1189046.53,106.6,106.9,106.9,106.9,3.15,106.9,7.88,106.6,1589.0,106.86,106.86,106.9,1289580.74,1254435.63,1289580.74,2020-06-30,503.0,7.88,,,,22.08,,2017-10-16,700.0,SUR,,,,,RUB
EQOB,2017-10-16,Оренб35003,RU000A0JVM81,1.0,20720.0,129.5,129.5,129.5,129.5,1.53,129.5,7.75,129.5,16.0,,127.61,129.5,0.0,675059.5,0.0,2025-07-03,1550.0,7.75,,,,34.9,,2017-10-16,1000.0,SUR,,,,,RUB
EQOB,2017-10-16,ПолюсБ2,RU000A0JVM99,1.0,552570.0,113.0,113.0,113.0,113.0,31.49,113.15,8.15,113.0,489.0,,112.3,113.0,0.0,708944532.6,0.0,2025-07-03,1120.0,8.1,,,,60.33,2021-07-08,2017-10-16,1000.0,SUR,,,,,RUB
EQDB,2017-10-16,МАЛАХИТБО1,RU000A0JVN80,6.0,78.2,0.02,0.21,0.21,0.21,34.52,0.2,,0.03,39.0,,,0.21,0.0,0.0,0.0,2025-07-14,190.0,0.0,,,,74.79,2018-07-23,2017-10-16,1000.0,SUR,,,,,RUB
EQOB,2017-10-16,РСХБ 26,RU000A0JVN98,2.0,17083.3,100.49,100.49,100.49,100.49,24.1,100.49,-10.78,100.49,17.0,,,100.49,0.0,0.0,0.0,2025-07-15,8.0,-10.78,,,,26.43,2017-10-24,2017-10-16,1000.0,SUR,,,,,RUB
EQOB,2017-10-16,Лента БО-3,RU000A0JVP05,2.0,6077.5,101.29,101.3,101.3,101.3,25.14,101.29,7.92,101.29,6.0,,101.26,101.3,0.0,1295154.5,0.0,2025-07-24,108.0,7.96,,,,61.83,2018-02-01,2017-10-16,1000.0,SUR,,,,,RUB
EQOB,2017-10-16,ОткрХОЛБО1,RU000A0JVPJ0,14.0,72570.2,21.28,25.0,24.99,24.42,19.53,24.11,507.18,25.0,301.0,,28.09,24.42,0.0,501626.1,0.0,2025-08-05,280.0,534.0,,,,57.34,2018-08-14,2017-10-16,1000.0,SUR,,,,,RUB
EQOB,2017-10-16,ПИК БО-4,RU000A0JVPN2,15.0,547235.1,101.8,102.0,101.89,101.89,23.03,101.91,12.1,102.0,537.0,101.91,101.91,101.89,547235.1,547235.1,547235.1,2025-08-08,293.0,12.07,,,,71.05,2018-08-17,2017-10-16,1000.0,SUR,,,,,RUB
EQOB,2017-10-16,ПИК БО-6,RU000A0JVPQ5,2.0,29551.0,101.9,101.9,101.9,101.9,23.03,101.9,12.08,101.9,29.0,101.98,101.98,101.9,1278862.0,1278862.0,1278862.0,2025-08-08,293.0,12.08,,,,71.05,2018-08-17,2017-10-16,1000.0,SUR,,,,,RUB
EQOB,2017-10-16,НижгорОб10,RU000A0JVPR3,3.0,1060675.0,110.0,110.0,110.0,110.0,18.41,109.65,7.93,110.0,1015.0,110.01,110.01,110.0,2321117.9,2321117.9,2321117.9,2020-08-23,619.0,8.13,,,,33.51,,2017-10-16,950.0,SUR,,,,,RUB
EQOB,2017-10-16,КрасЯрКр10,RU000A0JVS10,11.0,379635432.3,106.9,107.24,107.2,107.2,11.83,107.19,7.89,107.2,354025.0,107.23,107.23,107.2,379635432.3,379635432.3,379635432.3,2019-09-10,515.0,7.9,,,,31.66,,2017-10-16,1000.0,SUR,,,,,RUB
EQOB,2017-10-16,РСГ-ФинБ02,RU000A0JVSA3,1.0,80624.0,100.78,100.78,100.78,100.78,11.1,100.78,14.52,100.78,80.0,100.36,100.37,100.78,1351898.2,1291748.2,1351898.2,2018-09-18,324.0,14.52,,,,74.79,,2017-10-16,1000.0,SUR,,,,,RUB
EQOB,2017-10-16,Росбанк-А8,RU000A0JVSG0,1.0,37145326.0,100.9,100.9,100.9,100.9,5.89,100.9,8.5,100.9,36814.0,100.9,100.9,100.9,37396609.0,37396609.0,37396609.0,2025-09-29,335.0,8.5,,,,46.88,2018-09-24,2017-10-16,1000.0,SUR,,,,,RUB
EQOB,2017-10-16,Удмурт2015,RU000A0JVSY3,13.0,1747644.8,112.0,113.5,113.49,112.08,9.45,112.24,8.05,113.0,1557.0,112.24,112.24,112.08,1747644.8,1747644.8,1747644.8,2020-09-17,794.0,8.6,,,,34.41,,2017-10-16,1000.0,SUR,,,,,RUB
EQOB,2017-10-16,ЛОКОБнкБО7,RU000A0JVU32,1.0,12415.0,95.5,95.5,95.5,95.5,3.74,95.5,17.66,95.5,13.0,,,95.5,0.0,0.0,0.0,2025-09-22,252.0,17.66,,,,24.31,2018-07-02,2017-10-16,1000.0,SUR,,,,,RUB
EQOB,2017-10-16,Новсиб 7об,RU000A0JVUD3,2.0,69770.0,109.0,110.0,109.0,109.0,6.28,109.02,8.14,110.0,64.0,,108.96,109.0,0.0,8429125.0,0.0,2022-10-10,695.0,8.13,,,,30.07,,2017-10-16,1000.0,SUR,,,,,RUB
EQOB,2017-10-16,Хакас2015,RU000A0JVUH4,6.0,1105509.5,105.16,105.81,105.16,105.19,2.01,105.19,8.94,105.81,1051.0,,105.85,105.19,0.0,1504194.8,0.0,2020-10-11,528.0,8.92,,,,30.54,,2017-10-16,1000.0,SUR,,,,,RUB
EQOB,2017-10-16,СистемБ1P1,RU000A0JVUK8,26.0,713619.7,98.8,99.36,99.29,99.29,2.05,98.98,13.73,98.96,721.0,98.98,98.98,99.29,713619.7,713619.7,713619.7,2025-09-30,347.0,14.11,,,,62.33,2018-10-09,2017-10-16,1000.0,SUR,,,,,RUB
EQOB,2017-10-16,ПГК 05,RU000A0JVUL6,1.0,1066.5,106.65,106.65,106.65,106.65,1.39,106.65,8.02,106.65,1.0,106.15,106.3,106.65,1334359.5,1017259.5,1334359.5,2025-10-02,511.0,8.02,,,,63.33,2019-04-11,2017-10-16,1000.0,SUR,,,,,RUB
EQOB,2017-10-16,ВымпелКБО3,RU000A0JVUP7,14.0,111660.0,90.0,91.0,91.0,90.5,0.08,90.05,4.29,90.0,124.0,,99.74,90.5,0.0,39909408.4,0.0,2025-10-03,1075.0,4.66,,,,4.99,2020-10-09,2017-10-16,1000.0,SUR,,,,,RUB
EQOB,2017-10-16,ДельтКрБО8,RU000A0JVUY9,1.0,25945500.0,105.9,105.9,105.9,105.9,60.81,105.9,8.33,105.9,24500.0,,105.97,105.9,0.0,303966953.3,0.0,2025-10-20,492.0,8.33,,,,62.17,2019-04-20,2017-10-16,1000.0,SUR,,,,,RUB
EQOB,2017-10-16,Мордовия02,RU000A0JVV49,35.0,557209.04,109.57,110.24,110.2,110.2,26.82,109.86,8.26,110.01,634.0,109.86,109.86,110.2,557209.04,557209.04,557209.04,2020-10-14,624.0,8.45,,,,27.42,,2017-10-16,800.0,SUR,,,,,RUB
EQOB,2017-10-16,iРОСНАНО 6,RU000A0JVVA7,3.0,16829.4,112.0,112.98,112.98,112.2,61.3,112.2,9.41,112.49,15.0,112.51,112.49,112.2,4059462.5,718834.3,4059462.5,2022-10-13,1361.0,9.61,,,,62.33,,2017-10-16,1000.0,SUR,,,,,RUB
EQOB,2017-10-16,МегафонБО5,RU000A0JVVB5,8.0,8515007.0,100.0,100.03,100.03,100.03,55.59,100.0,8.55,100.03,8515.0,100.0,100.0,100.03,8620091.0,8620091.0,8620091.0,2025-10-10,4.0,11.4,,,,56.84,2017-10-20,2017-10-16,1000.0,SUR,,,,,RUR
EQOB,2017-10-16,ПЕРЕСВ БП2,RU000A0JVVL4,4.0,13836.4,19.0,19.92,19.92,19.92,2.46,19.22,,19.01,72.0,,17.05,19.92,0.0,639810.9,0.0,2035-09-28,6556.0,0.0,,,,94.09,,2017-10-16,1000.0,SUR,,,,,RUB
EQOB,2017-10-16,Волгогр 08,RU000A0JVVR1,28.0,3559874.96,108.9,109.6,108.9,108.91,19.79,108.98,8.75,109.35,4083.0,108.98,108.98,108.91,3559874.96,3559874.96,3559874.96,2020-10-19,615.0,8.71,,,,27.29,,2017-10-16,800.0,SUR,,,,,RUB
EQOB,2017-10-16,Башкор10об,RU000A0JVVS9,5.0,289422.2,100.14,100.15,100.15,100.15,13.59,100.15,5.09,100.14,578.0,,100.12,100.15,0.0,503594.25,0.0,2017-10-24,8.0,5.09,,,,14.9,,2017-10-16,500.0,SUR,,,,,RUR
EQOB,2017-10-16,СилМашБО-2,RU000A0JVVW1,1.0,101700.0,101.7,101.7,101.7,101.7,58.3,101.7,10.77,101.7,100.0,101.3,101.3,101.7,53886389.8,53885376.9,53886389.8,2025-10-15,342.0,10.77,,,,61.33,2018-10-24,2017-10-16,1000.0,SUR,,,,,RUB
EQOB,2017-10-16,ГТЛК БО-06,RU000A0JVWJ6,3.0,1072472.5,106.5,106.75,106.75,106.75,31.12,106.5,8.13,106.5,1007.0,106.3,106.49,106.75,16314805.0,7327281.5,16314805.0,2025-10-20,348.0,8.39,,,,36.77,2018-10-29,2017-10-16,1000.0,SUR,,,,,RUB
EQOB,2017-10-16,КрасЯрКр11,RU000A0JVWM0,8.0,940041.9,105.7,107.5,106.0,106.0,24.36,105.74,8.71,107.5,889.0,105.79,105.76,106.0,965886.9,949721.9,965886.9,2019-10-29,656.0,8.86,,,,29.17,,2017-10-16,1000.0,SUR,,,,,RUB
EQOB,2017-10-16,ПГК 03,RU000A0JVWT5,11.0,5451090.0,109.0,109.0,109.0,109.0,53.34,109.0,8.56,109.0,5001.0,109.0,109.0,109.0,5451090.0,5451090.0,5451090.0,2025-10-23,926.0,8.56,,,,58.84,2020-10-29,2017-10-16,1000.0,SUR,,,,,RUB
EQDB,2017-10-16,ФинИнв 01,RU000A0JVXW7,23.0,185.4,0.04,0.26,0.23,0.09,55.92,0.17,,0.08,109.0,,,0.09,0.0,0.0,0.0,2018-11-09,25.0,0.0,,,,64.82,2017-11-10,2017-10-16,1000.0,SUR,,,,,RUB
EQOB,2017-10-16,ДелоПортс1,RU000A0JVZB6,1.0,10451.0,104.51,104.51,104.51,104.51,54.07,104.51,9.6,104.51,10.0,,104.85,104.51,0.0,590325.9,0.0,2025-11-14,370.0,9.6,,,,68.81,2018-11-23,2017-10-16,1000.0,SUR,,,,,RUB
EQOB,2017-10-16,КраснодКр5,RU000A0JVZE0,17.0,109153.04,101.05,101.19,101.11,101.11,14.31,101.11,8.11,101.19,127.0,,101.36,101.11,0.0,593587.48,0.0,2018-11-27,84.0,8.11,,,,27.13,,2017-10-16,850.0,SUR,,,,,RUB
EQOB,2017-10-16,ФинАвиа 01,RU000A0JVZF7,10.0,144724.0,73.6,74.0,73.79,73.79,18.99,73.84,19.82,73.97,196.0,,73.52,73.79,0.0,588914.3,0.0,2022-07-31,1203.0,19.79,,,,45.37,,2017-10-16,1000.0,SUR,,,,,RUB
EQOB,2017-10-16,ФинАвиа 02,RU000A0JVZG5,4.0,45208.0,20.0,20.8,20.8,20.8,,20.0,,20.0,226.0,20.32,20.57,20.8,998617.5,538382.5,998617.5,2027-07-31,2762.0,0.0,,,,0.05,,2017-10-16,1000.0,SUR,,,,,RUB
EQOB,2017-10-16,ПКТ 01,RU000A0JW0S4,2.0,3427110.5,108.35,108.35,108.35,108.35,42.35,108.35,10.2,108.35,3163.0,108.49,108.31,108.35,94020844.0,6693538.0,94020844.0,2025-12-09,954.0,10.2,,,,65.32,2020-12-15,2017-10-16,1000.0,SUR,,,,,RUB
EQOB,2017-10-16,Агронова01,RU000A0JW118,2.0,5994.7,99.91,99.92,99.91,99.91,36.55,99.91,12.15,99.92,6.0,,,99.91,0.0,0.0,0.0,2020-12-17,66.0,12.15,,,,57.34,2017-12-21,2017-10-16,1000.0,SUR,,,,,RUB
EQOB,2017-10-16,ТомскОб 55,RU000A0JW1K9,1.0,3213.0,107.1,107.1,107.1,107.1,5.7,107.1,8.1,107.1,3.0,,104.3,107.1,0.0,2124593.5,0.0,2023-06-19,1263.0,8.1,,,,24.68,,2017-10-16,1000.0,SUR,,,,,RUB
EQOB,2017-10-16,ГТЛК БО-07,RU000A0JW1P8,21.0,2068318.3,101.15,101.31,101.3,101.3,8.08,101.24,8.15,101.31,2043.0,101.24,101.24,101.3,2068318.3,2068318.3,2068318.3,2025-12-16,71.0,8.48,,,,36.77,2017-12-26,2017-10-16,1000.0,SUR,,,,,RUB
EQOB,2017-10-16,НорНик БО5,RU000A0JW5C7,1.0,1110.0,111.0,111.0,111.0,111.0,18.75,111.0,9.87,111.0,1.0,,110.48,111.0,0.0,233064255.2,0.0,2026-02-06,2048.0,9.87,,,,57.84,,2017-10-16,1000.0,SUR,,,,,RUB
EQOB,2017-10-16,ПКТ 02,RU000A0JW5E3,5.0,40519775.0,108.0,108.5,108.15,108.15,21.18,108.15,10.4,108.5,37467.0,108.16,108.15,108.15,45614757.5,41080899.0,45614757.5,2026-02-06,1013.0,10.4,,,,65.32,2021-02-12,2017-10-16,1000.0,SUR,,,,,RUB
EQOB,2017-10-16,Магнит1P02,RU000A0JW662,9.0,97766734.0,101.1,101.2,101.1,101.1,15.04,101.1,8.18,101.2,96703.0,101.1,101.1,101.1,98624014.0,97767746.0,98624014.0,2018-02-26,133.0,8.18,,,,55.85,,2017-10-16,1000.0,SUR,,,,,RUB
EQOB,2017-10-16,Тойота 01,RU000A0JW8E7,5.0,7060.6,100.5,100.96,100.95,100.9,10.6,100.87,8.43,100.96,7.0,101.03,101.01,100.9,9055472.1,774782.9,9055472.1,2019-03-13,147.0,8.64,,,,53.9,2018-03-12,2017-10-16,1000.0,SUR,,,,,RUB
EQOB,2017-10-16,Спектр 01,RU000A0JW8G2,2.0,1413300.0,100.95,100.95,100.95,100.95,66.0,100.95,8.23,100.95,1400.0,,100.07,100.95,0.0,56434082.8,0.0,2026-03-12,147.0,8.23,,,,110.3,2018-03-12,2017-10-16,1000.0,SUR,,,,,RUB
EQOB,2017-10-16,ИКС5ФинБО5,RU000A0JW9G0,8.0,115087111.1,102.4,102.49,102.49,102.48,9.56,102.54,8.15,102.4,112295.0,102.49,102.49,102.48,115364131.1,115364131.1,115364131.1,2023-03-09,323.0,8.09,,,,54.35,2018-09-13,2017-10-16,1000.0,SUR,,,,,RUB
EQOB,2017-10-16,ГазпрнефБ2,RU000A0JWB67,14.0,486284.1,100.21,101.23,101.23,101.23,7.0,101.1,10.47,100.6,481.0,,101.1,101.23,0.0,504505.5,0.0,2046-02-16,1074.0,10.52,,,,53.1,2021-03-19,2017-10-16,1000.0,SUR,,,,,RUB
EQOB,2017-10-16,ГазпрнефБ7,RU000A0JWB75,2.0,5099.0,101.98,101.98,101.98,101.98,7.0,101.98,10.2,101.98,5.0,100.79,100.87,101.98,1264882.6,613266.0,1264882.6,2046-02-16,1075.0,10.2,,,,53.1,2021-03-19,2017-10-16,1000.0,SUR,,,,,RUB
EQOB,2017-10-16,МЕТАЛИНБ08,RU000A0JWBE9,4.0,3261009.0,108.6,108.9,108.75,108.7,6.0,108.7,8.14,108.9,3000.0,108.72,108.73,108.7,11858867.0,10772867.0,11858867.0,2026-03-17,1081.0,8.16,,,,54.6,2021-03-23,2017-10-16,1000.0,SUR,,,,,RUB
EQOB,2017-10-16,МЕТАЛИНБ02,RU000A0JWBF6,3.0,3261000.0,108.6,108.75,108.75,108.7,6.0,108.7,8.14,108.6,3000.0,108.72,108.72,108.7,16379242.5,15293242.5,16379242.5,2026-03-17,1081.0,8.16,,,,54.6,2021-03-23,2017-10-16,1000.0,SUR,,,,,RUB
EQOB,2017-10-16,ЕврХол1P1R,RU000A0JWBH2,12.0,1811347.9,112.9,113.1,113.1,113.07,6.9,113.07,8.31,112.99,1602.0,113.07,113.07,113.07,1811347.9,1811347.9,1811347.9,2021-03-23,1063.0,8.32,,,,62.83,,2017-10-16,1000.0,SUR,,,,,RUB
EQOB,2017-10-16,Дельта17ИП,RU000A0JWBN0,1.0,5172500.0,103.45,103.45,103.45,103.45,4.63,103.45,8.27,103.45,5000.0,,103.42,103.45,0.0,35956879.9,0.0,2019-03-30,497.0,8.27,,,,26.35,,2017-10-16,1000.0,SUR,,,,,RUB
EQOB,2017-10-16,ПКТ 03,RU000A0JWBP5,2.0,7495000.0,107.0,107.1,107.1,107.07,6.51,107.07,10.26,107.0,7000.0,107.33,107.07,107.07,156064713.6,7774573.6,156064713.6,2026-03-18,1059.0,10.27,,,,62.33,2021-03-24,2017-10-16,1000.0,SUR,,,,,RUB
EQOB,2017-10-16,ЭлемЛизБО4,RU000A0JWC66,1.0,49122.5,100.25,100.25,100.25,100.25,4.99,100.25,14.11,100.25,49.0,100.02,100.02,100.25,4374949.5,4202861.1,4374949.5,2021-03-30,166.0,14.11,,,,34.9,2018-04-03,2017-10-16,1000.0,SUR,,,,,RUB
EQOB,2017-10-16,РусГидрБП4,RU000A0JWCB3,2.0,1434200.0,101.0,101.0,101.0,101.0,3.12,101.0,9.83,101.0,1420.0,,103.34,101.0,0.0,107409748.4,0.0,2019-04-04,509.0,9.83,,,,51.61,,2017-10-16,1000.0,SUR,,,,,RUB
EQOB,2017-10-16,СберБ БО17,RU000A0JWCD9,62.0,2170720.6,100.85,101.92,101.44,101.44,2.19,101.23,6.99,101.0,2145.0,101.2,101.2,101.44,2170720.6,2170720.6,2170720.6,2021-04-08,174.0,7.45,,,,49.86,2018-04-08,2017-10-16,1000.0,SUR,,,,,RUB
EQOB,2017-10-16,Магнит1P03,RU000A0JWCF4,2.0,5024.5,100.01,100.81,100.81,100.81,1.74,100.49,9.03,100.01,5.0,101.39,101.39,100.81,578935.9,578935.9,578935.9,2018-04-10,176.0,9.76,,,,52.85,,2017-10-16,1000.0,SUR,,,,,RUB
EQOB,2017-10-16,О'КЕЙ-Б06,RU000A0JWCK4,1.0,102500.0,102.5,102.5,102.5,102.5,1.92,102.5,9.18,102.5,100.0,102.5,102.5,102.5,15548215.0,5481690.0,15548215.0,2021-04-06,348.0,9.18,,,,58.34,2018-10-09,2017-10-16,1000.0,SUR,,,,,RUB
EQOB,2017-10-16,АльфаБО-12,RU000A0JWCL2,1.0,5080.0,101.6,101.6,101.6,101.6,1.17,101.6,7.38,101.6,5.0,101.2,101.2,101.6,27125613.5,26846555.0,27125613.5,2019-04-12,178.0,7.38,,,,53.1,2018-04-12,2017-10-16,1000.0,SUR,,,,,RUB
EQOB,2017-10-16,ТМК БО-5,RU000A0JWCM0,2.0,31639.6,105.46,105.5,105.46,105.47,1.78,105.46,9.18,105.5,30.0,105.69,105.58,105.47,3668548.5,2572908.5,3668548.5,2026-04-01,509.0,9.18,,,,64.82,2019-04-10,2017-10-16,1000.0,SUR,,,,,RUB
EQOB,2017-10-16,РУСАЛБрБ01,RU000A0JWDN6,7.0,883368.7,105.5,105.97,105.94,105.94,63.72,105.54,8.73,105.56,837.0,105.61,105.57,105.94,1046569.4,949084.9,1046569.4,2026-04-07,486.0,9.02,,,,64.07,2019-04-16,2017-10-16,1000.0,SUR,,,,,RUB
EQOB,2017-10-16,ГПБ БО-22,RU000A0JWE56,2.0,18035.1,100.11,100.2,100.2,100.2,51.45,100.19,8.24,100.11,18.0,100.23,100.23,100.2,130722451.9,130722451.9,130722451.9,2019-04-21,504.0,8.25,,,,52.89,,2017-10-16,1000.0,SUR,,,,,RUB
EQOB,2017-10-16,КаркадеБ02,RU000A0JWEK0,5.0,31794.75,100.4,101.24,101.24,101.24,21.2,100.65,13.19,100.4,54.0,,100.7,101.24,0.0,578493.29,0.0,2019-04-22,143.0,14.84,,,,22.97,2018-04-23,2017-10-16,585.0,SUR,,,,,RUB
EQOB,2017-10-16,ИКС5ФинБО6,RU000A0JWG05,4.0,6430856.2,100.06,100.06,100.06,100.06,47.47,100.06,9.17,100.06,6427.0,100.07,100.1,100.06,101258263.2,39227263.2,101258263.2,2023-04-27,17.0,9.17,,,,52.36,2017-11-02,2017-10-16,1000.0,SUR,,,,,RUB
EQOB,2017-10-16,ВЭБ ПБО1Р2,RU000A0JWG96,1.0,10400.0,104.0,104.0,104.0,104.0,21.8,104.0,8.37,104.0,10.0,103.5,103.51,104.0,15409720.6,13278626.6,15409720.6,2019-05-03,517.0,8.37,,,,27.18,,2017-10-16,1000.0,SUR,,,,,RUB
EQOB,2017-10-16,СберБ БО18,RU000A0JWH46,1.0,2080.0,104.0,104.0,104.0,104.0,39.33,104.0,7.33,104.0,2.0,,103.1,104.0,0.0,982497.0,0.0,2021-05-24,536.0,7.33,,,,49.91,2019-05-24,2017-10-16,1000.0,SUR,,,,,RUB
EQOB,2017-10-16,ЯрОбл 2016,RU000A0JWHN7,1.0,1070.0,107.0,107.0,107.0,107.0,14.25,107.0,8.1,107.0,1.0,,106.44,107.0,0.0,6057520.0,0.0,2023-05-19,1176.0,8.1,,,,24.93,,2017-10-16,1000.0,SUR,,,,,RUB
EQOB,2017-10-16,СТТ 01,RU000A0JWKY8,1.0,21560.0,107.8,107.8,107.8,107.8,54.49,107.8,12.06,107.8,20.0,107.89,107.79,107.8,1158690.2,600397.0,1158690.2,2021-06-20,535.0,12.06,,,,84.77,2019-06-21,2017-10-16,1000.0,SUR,,,,,RUB
EQOB,2017-10-16,ПЕРЕСВ БП5,RU000A0JWM15,5.0,987.7,19.25,20.29,19.99,19.99,1.54,19.75,9.51,19.25,5.0,,19.72,19.99,0.0,517304.4,0.0,2036-06-04,6806.0,9.58,,,,96.63,,2017-10-16,1000.0,SUR,,,,,RUB
EQOB,2017-10-16,ТинькоффБ7,RU000A0JWM31,10.0,125504.6,100.03,100.7,100.4,100.4,34.94,100.4,9.69,100.6,125.0,,100.59,100.4,0.0,500916.9,0.0,2021-06-24,73.0,9.69,,,,58.34,2017-12-28,2017-10-16,1000.0,SUR,,,,,RUB
EQOB,2017-10-16,Магнит1P04,RU000A0JWML1,1.0,1004.0,100.4,100.4,100.4,100.4,29.86,100.4,7.98,100.4,1.0,100.3,100.3,100.4,730369105.0,145579416.0,730369105.0,2017-12-28,73.0,7.98,,,,49.86,,2017-10-16,1000.0,SUR,,,,,RUB
EQOB,2017-10-16,МОСТРЕСТ 7,RU000A0JWN63,4.0,7340.0,104.0,105.1,105.1,104.68,28.36,104.86,8.46,105.1,7.0,103.78,104.91,104.68,75080048.8,1479207.5,75080048.8,2026-07-07,583.0,8.61,,,,57.34,2019-07-16,2017-10-16,1000.0,SUR,,,,,RUB
EQOB,2017-10-16,МОСТРЕСТ 8,RU000A0JWN89,4.0,757739.0,106.5,108.9,108.9,108.52,20.77,106.57,8.54,106.5,711.0,106.95,106.38,108.52,23138168.9,1737108.8,23138168.9,2026-07-29,1155.0,9.27,,,,55.6,2021-08-04,2017-10-16,1000.0,SUR,,,,,RUB
EQOB,2017-10-16,ДельтКрБ26,RU000A0JWNB0,1.0,10321000.0,103.21,103.21,103.21,103.21,24.55,103.21,8.46,103.21,10000.0,,103.01,103.21,0.0,94624932.4,0.0,2026-07-21,592.0,8.46,,,,51.92,2019-07-21,2017-10-16,1000.0,SUR,,,,,RUB
EQOB,2017-10-16,ВЭБ ПБО1Р4,RU000A0JWNJ3,1.0,2053.0,102.65,102.65,102.65,102.65,23.08,102.65,8.67,102.65,2.0,,102.78,102.65,0.0,13818340.8,0.0,2019-07-23,595.0,8.67,,,,50.61,,2017-10-16,1000.0,SUR,,,,,RUB
EQOB,2017-10-16,МОЭСК БО-6,RU000A0JWNK1,1.0,11412.5,103.75,103.75,103.75,103.75,21.42,103.75,8.27,103.75,11.0,,104.0,103.75,0.0,1920888.5,0.0,2026-07-16,896.0,8.27,,,,48.12,2020-07-23,2017-10-16,1000.0,SUR,,,,,RUB
EQOB,2017-10-16,ПИК БО-1,RU000A0JWP38,3.0,236032.5,102.75,103.24,102.75,102.75,11.4,103.07,11.66,103.24,229.0,103.02,103.02,102.75,1353650.2,1343350.2,1353650.2,2026-09-03,633.0,11.46,,,,64.82,2019-09-12,2017-10-16,1000.0,SUR,,,,,RUB
EQOB,2017-10-16,ПИК БО-7,RU000A0JWP46,14.0,7200339.0,102.1,102.45,102.44,102.44,26.0,102.44,11.76,102.45,7029.0,102.44,102.44,102.44,7200339.0,7200339.0,7200339.0,2026-07-24,592.0,11.76,,,,64.82,2019-08-02,2017-10-16,1000.0,SUR,,,,,RUB
EQOB,2017-10-16,АльфаБО-16,RU000A0JWPV3,2.0,10126127.2,101.15,101.22,101.22,101.22,17.9,101.15,8.31,101.15,10011.0,,,101.22,0.0,0.0,0.0,2031-07-24,289.0,8.4,,,,48.62,2018-08-09,2017-10-16,1000.0,SUR,,,,,RUB
EQOB,2017-10-16,РСГ-ФинБ6,RU000A0JWQX7,5.0,39065.6,100.14,100.3,100.3,100.3,21.05,100.17,13.91,100.15,39.0,,100.1,100.3,0.0,510530.4,0.0,2019-08-22,129.0,14.32,,,,72.3,2018-02-22,2017-10-16,1000.0,SUR,,,,,RUB
EQOB,2017-10-16,МТС БО-02,RU000A0JWRV9,1.0,1436330.0,101.15,101.15,101.15,101.15,11.59,101.15,8.15,101.15,1420.0,,101.24,101.15,0.0,290741377.0,0.0,2031-08-15,311.0,8.15,,,,46.87,2018-08-31,2017-10-16,1000.0,SUR,,,,,RUB
EQOB,2017-10-16,ТранснфБО6,RU000A0JWS92,1.0,5295000.0,105.9,105.9,105.9,105.9,10.45,105.9,7.97,105.9,5000.0,,105.36,105.9,0.0,94182621.2,0.0,2026-08-25,1467.0,7.97,,,,46.37,2022-08-30,2017-10-16,1000.0,SUR,,,,,RUB
EQOB,2017-10-16,Мордовия03,RU000A0JWSQ7,15.0,1666555.2,108.56,109.97,109.92,109.92,12.18,109.86,8.14,109.2,1517.0,109.86,109.86,109.92,1666555.2,1666555.2,1666555.2,2021-09-03,930.0,8.17,,,,29.17,,2017-10-16,1000.0,SUR,,,,,RUB
EQOB,2017-10-16,Ростел1P1R,RU000A0JWTN2,1.0,98245725.0,102.1,102.1,102.1,102.1,6.3,102.1,8.16,102.1,96225.0,,102.14,102.1,0.0,135631732.0,0.0,2026-09-10,657.0,8.16,,,,45.87,2019-09-19,2017-10-16,1000.0,SUR,,,,,RUB
EQOB,2017-10-16,СилМашБО-4,RU000A0JWTX1,2.0,26143.0,99.3,100.6,99.3,99.3,5.72,100.55,10.62,100.6,26.0,99.21,99.21,99.3,7587223.5,6893815.5,7587223.5,2026-09-14,657.0,9.86,,,,49.61,2019-09-23,2017-10-16,1000.0,SUR,,,,,RUB
EQOB,2017-10-16,СберБ БО37,RU000A0JWUE9,1.0,2100.0,105.0,105.0,105.0,105.0,4.05,105.0,7.91,105.0,2.0,104.76,104.75,105.0,2264808.7,2213454.7,2264808.7,2021-09-30,1244.0,7.91,,,,45.87,,2017-10-16,1000.0,SUR,,,,,RUB
EQOB,2017-10-16,РСХБ 08Т1,RU000A0JWV63,40.0,7684573.7,124.0,125.55,124.18,124.18,4.68,124.85,10.34,125.01,6155.0,124.85,124.85,124.18,7684573.7,7684573.7,7684573.7,,2077.0,10.23,,,,71.05,2026-09-23,2017-10-16,1000.0,SUR,,,,,RUB
EQOB,2017-10-16,Акрон Б1P1,RU000A0JWV89,1.0,1033965.0,103.5,103.5,103.5,103.5,2.88,103.5,8.36,103.5,999.0,,103.69,103.5,0.0,212614873.5,0.0,2026-09-24,966.0,8.36,,,,47.62,2020-10-01,2017-10-16,1000.0,SUR,,,,,RUB
EQOB,2017-10-16,ЕвропланБ7,RU000A0JWVL2,1.0,207584.0,99.8,99.8,99.8,99.8,1.93,99.8,12.33,99.8,208.0,98.93,99.12,99.8,22760613.1,11336526.5,22760613.1,2026-09-29,348.0,12.33,,,,58.59,2018-10-09,2017-10-16,1000.0,SUR,,,,,RUB
EQOB,2017-10-16,ФолксвБ1P1,RU000A0JWVM0,4.0,137148280.0,100.9,100.92,100.92,100.92,1.07,100.86,8.0,100.9,135900.0,100.91,100.91,100.92,145131675.5,142173655.5,145131675.5,2023-10-17,179.0,8.13,,,,49.13,2018-04-13,2017-10-16,1000.0,SUR,,,,,RUB
EQOB,2017-10-16,ОмскАдм 2,RU000A0JWWQ9,1.0,42086.5,102.65,102.65,102.65,102.65,22.51,102.65,7.57,102.65,41.0,,102.25,102.65,0.0,507170.7,0.0,2019-10-26,380.0,7.57,,,,24.68,,2017-10-16,1000.0,SUR,,,,,RUB
EQOB,2017-10-16,ПионерБ1P1,RU000A0JWX95,8.0,194187.9,99.98,100.25,100.25,100.1,64.05,100.1,13.93,100.0,194.0,,100.04,100.1,0.0,530187.0,0.0,2019-10-29,185.0,14.24,,,,69.81,2018-05-01,2017-10-16,1000.0,SUR,,,,,RUB
EQOB,2017-10-16,Хакас2016,RU000A0JWXQ7,4.0,201722.2,113.94,113.99,113.99,113.97,23.72,113.97,8.58,113.94,177.0,,113.78,113.97,0.0,501748.1,0.0,2023-11-02,1435.0,8.58,,,,29.17,,2017-10-16,1000.0,SUR,,,,,RUB
EQOB,2017-10-16,ПолиплБ03,RU000A0JWYK8,11.0,235918.4,101.5,101.74,101.51,101.51,68.82,101.7,13.52,101.66,232.0,,101.55,101.51,0.0,658028.4,0.0,2021-11-05,194.0,13.15,,,,79.78,2018-05-11,2017-10-16,1000.0,SUR,,,,,RUB
EQOB,2017-10-16,СистемБ1P4,RU000A0JWYQ5,9.0,470628.9,93.0,93.5,93.01,93.01,42.15,93.01,13.02,93.01,506.0,93.74,93.62,93.01,10910243.7,1208604.7,10910243.7,2026-10-30,944.0,13.02,,,,48.87,2020-11-06,2017-10-16,1000.0,SUR,,,,,RUB
EQOB,2017-10-16,ДОК-15 01,RU000A0JWYW3,3.0,201000.0,100.0,100.0,100.0,100.0,28.41,100.0,18.11,100.0,201.0,,,100.0,0.0,0.0,0.0,2026-11-04,1696.0,18.11,,,,42.38,,2017-10-16,1000.0,SUR,,,,,RUB
EQOB,2017-10-16,СистемБ1P5,RU000A0JWZY6,7.0,21314.7,92.2,95.84,92.5,92.5,14.1,92.67,14.4,92.5,23.0,,94.01,92.5,0.0,1599037.4,0.0,2026-11-13,761.0,14.3,,,,24.68,2020-02-21,2017-10-16,1000.0,SUR,,,,,RUB
EQOB,2017-10-16,МосОбл2016,RU000A0JX0B9,25.0,7408236.7,108.0,108.35,108.35,108.28,12.69,108.26,7.83,108.34,6843.0,108.26,108.26,108.28,7408236.7,7408236.7,7408236.7,2023-11-21,1463.0,7.86,,,,24.06,,2017-10-16,1000.0,SUR,,,,,RUB
EQOB,2017-10-16,ЯНАО-2016,RU000A0JX0Z8,4.0,984384.0,103.8,104.6,104.6,104.6,10.27,104.06,7.71,104.0,946.0,104.15,104.12,104.6,13300623.4,1144235.4,13300623.4,2023-12-06,893.0,7.94,,,,23.36,,2017-10-16,1000.0,SUR,,,,,RUB
EQOB,2017-10-16,ХМАО 10,RU000A0JX215,2.0,451737.0,105.3,105.3,105.3,105.3,5.26,105.3,7.93,105.3,429.0,,105.34,105.3,0.0,506684.0,0.0,2023-12-18,1329.0,7.93,,,,22.81,,2017-10-16,1000.0,SUR,,,,,RUB
EQOB,2017-10-16,КалинОбл16,RU000A0JX2S9,4.0,977024.0,108.8,108.8,108.8,108.8,6.9,108.8,8.13,108.8,898.0,108.64,108.63,108.8,1417761.5,1319873.4,1417761.5,2021-12-17,1208.0,8.13,,,,26.18,,2017-10-16,1000.0,SUR,,,,,RUB
EQOB,2017-10-16,ИркОбл2016,RU000A0JX314,2.0,52231267.0,104.45,104.45,104.45,104.45,5.32,104.45,8.0,104.45,50006.0,104.41,104.41,104.45,365440616.0,365439586.0,365440616.0,2021-12-25,1097.0,8.0,,,,23.06,,2017-10-16,1000.0,SUR,,,,,RUB
EQOB,2017-10-16,Роснфт1P2,RU000A0JX355,1.0,10520.0,105.2,105.2,105.2,105.2,29.58,105.2,8.05,105.2,10.0,104.83,104.88,105.2,176115905.6,112423890.1,176115905.6,2026-12-11,1267.0,8.05,,,,46.82,2021-12-17,2017-10-16,1000.0,SUR,,,,,RUB
EQOB,2017-10-16,ЛидерИнБП1,RU000A0JX3A5,7.0,355074.9,99.74,99.75,99.74,99.74,41.05,99.74,14.3,99.75,356.0,99.7,99.7,99.74,636087.9,636087.9,636087.9,2021-12-21,242.0,14.3,,,,67.32,2018-06-26,2017-10-16,1000.0,SUR,,,,,RUB
EQOB,2017-10-16,ДОМРФИА 1P,RU000A0JX3M0,1.0,5732.41,119.75,119.75,119.75,119.75,,119.75,,119.75,6.0,,,119.75,0.0,0.0,0.0,2039-12-28,8108.0,0.0,,,,,,2017-10-16,797.83,SUR,,,,,RUB
EQOB,2017-10-16,ЧТПЗ 1P1,RU000A0JX439,4.0,5528160.0,105.4,106.0,106.0,106.0,32.1,105.88,8.74,105.4,5221.0,105.89,105.89,106.0,6029303.5,6013411.0,6029303.5,2020-12-24,992.0,8.78,,,,53.6,,2017-10-16,1000.0,SUR,,,,,RUB
EQOB,2017-10-16,АльфаБО-18,RU000A0JX5W4,2.0,99950.5,103.25,105.32,105.32,105.32,21.75,105.21,6.98,103.25,95.0,102.91,102.91,105.32,50429964.5,47515382.5,50429964.5,2032-01-05,750.0,7.03,,,,47.12,2020-01-20,2017-10-16,1000.0,SUR,,,,,RUB
EQOB,2017-10-16,ТрнфБО1P5,RU000A0JXC24,1.0,5400.0,108.0,108.0,108.0,108.0,18.5,108.0,7.76,108.0,5.0,,105.35,108.0,0.0,52805702.9,0.0,2024-01-26,1782.0,7.76,,,,46.12,,2017-10-16,1000.0,SUR,,,,,RUB
EQOB,2017-10-16,ТрансмшПБ1,RU000A0JXD07,1.0,3119.1,103.97,103.97,103.97,103.97,18.81,103.97,8.18,103.97,3.0,103.85,103.85,103.97,298791969.8,298785738.8,298791969.8,2020-02-04,761.0,8.18,,,,49.61,,2017-10-16,1000.0,SUR,,,,,RUB
EQOB,2017-10-16,ГТЛК 1P-03,RU000A0JXE06,19.0,10964720.4,112.25,113.0,113.0,113.0,20.19,112.76,8.59,112.53,9724.0,112.76,112.76,113.0,10964720.4,10964720.4,10964720.4,2032-01-22,1699.0,8.64,,,,27.42,2024-02-01,2017-10-16,1000.0,SUR,,,,,RUB
EQOB,2017-10-16,МТС 001P-1,RU000A0JXEV5,1.0,2095.8,104.79,104.79,104.79,104.79,16.27,104.79,7.82,104.79,2.0,103.46,103.19,104.79,1862307.2,1330138.2,1862307.2,2022-02-04,1324.0,7.82,,,,44.88,,2017-10-16,1000.0,SUR,,,,,RUB
EQOB,2017-10-16,СоллФин 01,RU000A0JXFC2,2.0,102706.0,102.7,103.0,102.7,102.71,20.81,102.71,10.96,103.0,100.0,103.29,103.13,102.71,855211.8,511539.0,855211.8,2020-02-11,575.0,10.95,,,,30.54,,2017-10-16,1000.0,SUR,,,,,RUB
EQOB,2017-10-16,ГазпромКБ5,RU000A0JXFS8,3.0,13726.1,105.11,106.0,105.11,105.11,14.87,105.29,8.01,106.0,13.0,105.17,105.26,105.11,1329287.6,529451.1,1329287.6,2027-02-03,1802.0,7.97,,,,44.38,2024-02-07,2017-10-16,1000.0,SUR,,,,,RUB
EQOB,2017-10-16,ЧТПЗ 1P2,RU000A0JXHE4,1.0,5222.0,104.44,104.44,104.44,104.44,16.19,104.44,8.78,104.44,5.0,103.6,103.6,104.44,2304058.1,2304058.1,2304058.1,2022-02-10,1310.0,8.78,,,,49.12,,2017-10-16,1000.0,SUR,,,,,RUB
EQOB,2017-10-16,ГПБ БО-23,RU000A0JXHQ8,4.0,22660.0,103.0,103.0,103.0,103.0,14.6,103.0,8.07,103.0,22.0,102.32,102.42,103.0,646653.8,511071.7,646653.8,2020-02-20,780.0,8.07,,,,47.13,,2017-10-16,1000.0,SUR,,,,,RUB
EQOB,2017-10-16,ГИДРОМАШБ1,RU000A0JXJE0,2.0,267367.5,104.85,104.85,104.85,104.85,16.2,104.85,8.59,104.85,255.0,104.13,104.8,104.85,95996494.0,20194596.4,95996494.0,2027-02-09,769.0,8.59,,,,53.6,2020-02-18,2017-10-16,1000.0,SUR,,,,,RUB
EQOB,2017-10-16,МОЭСК БО-9,RU000A0JXJS0,1.0,17501.5,102.95,102.95,102.95,102.95,12.28,102.95,7.9,102.95,17.0,,102.49,102.95,0.0,5490441.5,0.0,2027-02-15,786.0,7.9,,,,45.62,2020-02-24,2017-10-16,1000.0,SUR,,,,,RUB
EQOB,2017-10-16,ПИК БО-П01,RU000A0JXK40,36.0,1553232.8,104.05,104.47,104.44,104.12,16.03,104.32,11.1,104.2,1489.0,104.31,104.31,104.12,1553232.8,1553232.8,1553232.8,2022-02-25,763.0,11.16,,,,64.82,2020-02-28,2017-10-16,1000.0,SUR,,,,,RUB
EQOB,2017-10-16,ОткрФКБОП3,RU000A0JXLR8,13.0,2889249.9,99.0,101.0,101.0,101.0,6.09,100.99,9.86,99.0,2861.0,100.99,100.99,101.0,2889249.9,2889249.9,2889249.9,2023-04-10,814.0,9.86,,,,50.92,2020-04-01,2017-10-16,1000.0,SUR,,,,,RUB
EQOB,2017-10-16,БинбанкБП1,RU000A0JXM48,14.0,89957.3,99.91,100.08,99.95,99.95,6.32,99.95,12.98,99.93,90.0,,100.29,99.95,0.0,517477.1,0.0,2018-03-27,158.0,12.98,,,,9.99,,2017-10-16,1000.0,SUR,,,,,RUB
EQOB,2017-10-16,ЧТПЗ 1P3,RU000A0JXME4,8.0,1103664.4,105.9,105.92,105.92,105.92,4.78,105.92,8.77,105.92,1042.0,105.47,105.49,105.92,1626284.2,1581239.4,1626284.2,2024-03-21,1785.0,8.77,,,,24.18,,2017-10-16,1000.0,SUR,,,,,RUB
EQOB,2017-10-16,ВЭБ ПБО1Р6,RU000A0JXMJ3,3.0,3050.2,100.51,103.99,103.99,103.99,20.71,101.67,4.21,100.51,3.0,101.14,101.14,103.99,1092330.3,1078189.2,1092330.3,2018-07-27,276.0,7.31,,,,47.12,,2017-10-16,1000.0,SUR,,,,,RUB
EQOB,2017-10-16,РСХБ БО 1P,RU000A0JXMQ8,3.0,450104.0,103.95,104.0,103.95,103.95,4.42,103.95,8.13,104.0,433.0,103.01,103.07,103.95,69578650.5,6278965.5,69578650.5,2020-09-25,961.0,8.13,,,,47.37,,2017-10-16,1000.0,SUR,,,,,RUB
EQOB,2017-10-16,ДетМир Б-4,RU000A0JXMZ9,6.0,1010529.1,101.8,101.99,101.99,101.99,2.6,101.87,8.77,101.8,992.0,101.87,101.87,101.99,1017654.4,1016636.5,1017654.4,2024-03-29,822.0,8.83,,,,47.37,2020-04-03,2017-10-16,1000.0,SUR,,,,,RUB
EQOB,2017-10-16,РЖД Б01P1R,RU000A0JXN05,4.0,15528615.0,104.0,104.15,104.15,104.15,45.76,104.15,7.92,104.0,14910.0,104.14,104.14,104.15,15756618.4,15746263.4,15756618.4,2032-05-18,1606.0,7.92,,,,57.68,2023-05-30,2017-10-16,1000.0,SUR,,,,,RUB
EQOB,2017-10-16,РСГ-ФинБ7,RU000A0JXN13,2.0,483352.0,100.69,100.7,100.7,100.7,3.7,100.7,13.37,100.69,480.0,100.36,100.36,100.7,1147087.7,1131063.7,1147087.7,2022-04-01,502.0,13.37,,,,67.32,2019-04-05,2017-10-16,1000.0,SUR,,,,,RUB
EQOB,2017-10-16,СистемБ1P6,RU000A0JXN21,7.0,67156.5,91.99,92.0,92.0,92.0,2.44,92.0,11.54,92.0,73.0,,91.92,92.0,0.0,540468.3,0.0,2027-03-26,1363.0,11.54,,,,44.38,2022-04-01,2017-10-16,1000.0,SUR,,,,,RUB
EQOB,2017-10-16,ВСК 01P-01,RU000A0JXNB8,16.0,762730.0,99.5,100.0,100.0,100.0,1.82,99.83,11.35,99.5,764.0,99.83,99.83,100.0,762730.0,762730.0,762730.0,2022-04-05,348.0,11.55,,,,55.1,2018-10-09,2017-10-16,1000.0,SUR,,,,,RUB
EQOB,2017-10-16,Газпнф1P1R,RU000A0JXNF9,4.0,967270.3,103.0,103.1,103.1,103.1,1.19,103.01,8.02,103.01,939.0,103.47,103.2,103.1,186070277.5,1151670.3,186070277.5,2022-04-06,1390.0,8.04,,,,43.38,,2017-10-16,1000.0,SUR,,,,,RUB
EQOB,2017-10-16,ПионерБ1P2,RU000A0JXNJ1,1.0,2050.0,102.5,102.5,102.5,102.5,1.48,102.5,11.05,102.5,2.0,,102.21,102.5,0.0,500842.6,0.0,2020-04-09,349.0,11.05,,,,67.32,2018-10-11,2017-10-16,1000.0,SUR,,,,,RUB
EQOB,2017-10-16,БинбанкБП2,RU000A0JXNW4,64.0,11889084.2,99.75,100.49,100.4,100.4,0.67,99.98,11.92,100.24,11892.0,99.98,99.98,100.4,11889084.2,11889084.2,11889084.2,2018-04-14,176.0,12.9,,,,10.32,,2017-10-16,1000.0,SUR,,,,,RUB
EQOB,2017-10-16,ГПБ БО-16,RU000A0JXP45,2.0,2101.2,105.06,105.06,105.06,105.06,45.37,105.06,7.38,105.06,2.0,,102.39,105.06,0.0,31301967.2,0.0,2024-04-18,947.0,7.38,,,,45.88,2020-10-18,2017-10-16,1000.0,SUR,,,,,RUB
EQOB,2017-10-16,ТМК БО-6,RU000A0JXPD9,5.0,14794059.4,102.9,102.98,102.98,102.98,46.48,102.9,8.59,102.98,14377.0,102.91,102.91,102.98,17322569.4,17219589.4,17322569.4,2027-04-13,801.0,8.62,,,,48.62,2020-04-21,2017-10-16,1000.0,SUR,,,,,RUB
EQOB,2017-10-16,СберБ БО2R,RU000A0JXPE7,10.0,53549.3,97.5,100.0,98.99,98.99,,99.17,,100.0,54.0,,98.51,98.99,0.0,501410.0,0.0,2019-04-26,557.0,0.0,,,,0.05,,2017-10-16,1000.0,SUR,,,,,RUB
EQOB,2017-10-16,ГТЛК 1P-04,RU000A0JXPG2,3.0,110771.9,106.49,106.9,106.9,106.9,22.4,106.51,8.54,106.49,104.0,106.57,106.54,106.9,2932939.4,2450436.8,2932939.4,2032-04-06,1558.0,8.63,,,,24.56,2023-04-18,2017-10-16,1000.0,SUR,,,,,RUB
EQOB,2017-10-16,ДомДенБ1Р1,RU000A0JXPH0,81.0,3238019.5,97.85,98.73,98.01,98.07,40.93,98.09,24.04,98.7,3298.0,98.18,98.18,98.07,3238019.5,3238019.5,3238019.5,2022-04-19,178.0,23.84,,,,44.88,2018-04-24,2017-10-16,1000.0,SUR,,,,,RUB
EQOB,2017-10-16,ЛСР БО 1Р2,RU000A0JXPM0,1.0,2050000.0,102.5,102.5,102.5,102.5,21.68,102.5,9.11,102.5,2000.0,102.5,102.5,102.5,3724850.0,3109850.0,3724850.0,2022-04-20,1078.0,9.11,,,,24.06,,2017-10-16,1000.0,SUR,,,,,RUB
EQOB,2017-10-16,СТТ 03,RU000A0JXPT5,1.0,30120.0,100.4,100.4,100.4,100.4,56.55,100.4,12.16,100.4,30.0,,100.4,100.4,0.0,1598363.1,0.0,2022-04-27,780.0,12.16,,,,60.16,2020-04-27,2017-10-16,1000.0,SUR,,,,,RUB
EQOB,2017-10-16,Калаш БП1,RU000A0JXPU3,4.0,163795.0,104.85,105.0,104.85,104.85,51.36,105.0,8.9,104.95,156.0,104.69,104.71,104.85,31377899.0,8781654.0,31377899.0,2022-04-21,793.0,8.83,,,,54.35,2020-04-23,2017-10-16,1000.0,SUR,,,,,RUB
EQOB,2017-10-16,РЖД Б01P2R,RU000A0JXQ44,2.0,6300.0,105.0,105.0,105.0,105.0,40.05,105.0,7.84,105.0,6.0,,103.06,105.0,0.0,10336696.5,0.0,2037-04-02,2210.0,7.84,,,,42.38,2026-04-16,2017-10-16,1000.0,SUR,,,,,RUB
EQOB,2017-10-16,АВТОБФ БП1,RU000A0JXQ51,1.0,4005.6,100.14,100.14,100.14,100.14,63.25,100.14,8.67,100.14,4.0,100.04,100.04,100.14,1040467.9,510202.9,1040467.9,2024-04-19,11.0,8.67,,,,67.32,2017-10-27,2017-10-16,1000.0,SUR,,,,,RUB
EQOB,2017-10-16,Тинькофф1R,RU000A0JXQ85,9.0,58500819.0,100.95,101.25,101.25,101.25,45.21,101.01,8.95,100.95,57916.0,101.01,101.01,101.25,59227299.0,59045679.0,59227299.0,2022-04-22,509.0,9.12,,,,48.12,2019-04-26,2017-10-16,1000.0,SUR,,,,,RUB
EQOB,2017-10-16,ПИК БО-П02,RU000A0JXQ93,6.0,220071.0,100.95,100.95,100.95,100.95,24.66,100.95,11.34,100.95,218.0,100.99,100.99,100.95,1606796.6,1455299.1,1606796.6,2022-04-22,964.0,11.34,,,,28.05,,2017-10-16,1000.0,SUR,,,,,RUB
EQOB,2017-10-16,ТрнфБО1P7,RU000A0JXQD7,7.0,102458234.2,102.45,102.99,102.45,102.45,39.79,102.45,7.98,102.99,100008.0,102.45,102.45,102.45,102710266.2,102462353.8,102710266.2,2020-10-28,961.0,7.98,,,,43.63,,2017-10-16,1000.0,SUR,,,,,RUB
EQOB,2017-10-16,О'КЕЙ-Б01Р,RU000A0JXQH8,1.0,2075.0,103.75,103.75,103.75,103.75,19.36,103.75,8.58,103.75,2.0,102.78,103.11,103.75,25452015.9,18496370.5,25452015.9,2021-04-29,1094.0,8.58,,,,23.81,,2017-10-16,1000.0,SUR,,,,,RUB
EQOB,2017-10-16,ТелХолПБО3,RU000A0JXQJ4,5.0,58018.0,101.0,101.8,101.0,101.0,48.14,101.79,10.52,101.8,57.0,100.89,100.94,101.0,1094618.8,790353.8,1094618.8,2020-10-29,934.0,10.2,,,,53.1,,2017-10-16,1000.0,SUR,,,,,RUB
EQOB,2017-10-16,Роснфт1P4,RU000A0JXQK2,13.0,12381309.1,103.01,103.35,103.15,103.15,39.1,103.19,8.09,103.25,11998.0,103.19,103.19,103.15,12381309.1,12381309.1,12381309.1,2027-04-22,1593.0,8.08,,,,43.13,2023-04-27,2017-10-16,1000.0,SUR,,,,,RUB
EQOB,2017-10-16,Якут-09 об,RU000A0JXR43,1.0,2054.0,102.7,102.7,102.7,102.7,14.12,102.7,8.16,102.7,2.0,102.82,102.82,102.7,29552713.9,29544522.6,29552713.9,2024-05-16,1473.0,8.16,,,,21.42,,2017-10-16,1000.0,SUR,,,,,RUB
EQOB,2017-10-16,РЖД Б01P3R,RU000A0JXR84,2.0,6255.1,103.01,104.5,104.5,104.5,34.75,104.25,7.75,103.01,6.0,,101.85,104.5,0.0,214914007.4,0.0,2037-04-23,2046.0,7.79,,,,41.88,2025-05-08,2017-10-16,1000.0,SUR,,,,,RUB
EQOB,2017-10-16,ЕврХимБ1Р2,RU000A0JXRN4,1.0,1019.5,101.95,101.95,101.95,101.95,34.28,101.95,8.06,101.95,1.0,101.85,101.85,101.95,2060446.0,2056372.0,2060446.0,2020-05-26,846.0,8.06,,,,44.11,,2017-10-16,1000.0,SUR,,,,,RUB
EQOB,2017-10-16,ВЭБ ПБО1Р7,RU000A0JXRP9,7.0,5354997.9,101.0,101.44,101.44,101.05,35.46,101.06,8.45,101.0,5299.0,101.04,101.04,101.05,6361657.4,6361657.4,6361657.4,2019-11-22,692.0,8.66,,,,45.13,,2017-10-16,1000.0,SUR,,,,,RUB
EQOB,2017-10-16,СберБ БО19,RU000A0JXRW5,1.0,50600.0,101.2,101.2,101.2,101.2,31.61,101.2,8.06,101.2,50.0,101.79,101.71,101.2,12159605.8,1063865.0,12159605.8,2027-05-30,1135.0,8.06,,,,41.84,2021-05-30,2017-10-16,1000.0,SUR,,,,,RUB
EQOB,2017-10-16,КТЖФинанс1,RU000A0JXS34,3.0,965000.0,100.0,100.0,100.0,100.0,29.97,100.0,8.94,100.0,965.0,100.0,100.0,100.0,85573000.0,66583000.0,85573000.0,2022-06-07,1388.0,8.94,,,,43.63,,2017-10-16,1000.0,SUR,,,,,RUB
EQOB,2017-10-16,УрКаПБО3P,RU000A0JXS75,1.0,1017.5,101.75,101.75,101.75,101.75,33.27,101.75,8.2,101.75,1.0,101.94,101.94,101.75,2713585.0,2705425.0,2713585.0,2020-05-27,847.0,8.2,,,,43.88,,2017-10-16,1000.0,SUR,,,,,RUB
EQOB,2017-10-16,ЯрОбл 2017,RU000A0JXS83,1.0,1018.5,101.85,101.85,101.85,101.85,31.53,101.85,8.3,101.85,1.0,,102.2,101.85,0.0,71576767.6,0.0,2027-04-20,2071.0,8.3,,,,55.92,,2017-10-16,1000.0,SUR,,,,,RUB
EQOB,2017-10-16,ВлгОб35007,RU000A0JXSD3,2.0,3104.1,103.47,103.47,103.47,103.47,9.27,103.47,8.24,103.47,3.0,102.95,102.95,103.47,1360970.9,1360970.9,1360970.9,2024-06-02,1597.0,8.24,,,,23.44,,2017-10-16,1000.0,SUR,,,,,RUB
EQOB,2017-10-16,ТМК БО-7,RU000A0JXSF8,1.0,2064.4,103.22,103.22,103.22,103.22,34.84,103.22,8.47,103.22,2.0,,100.53,103.22,0.0,830393.2,0.0,2027-05-21,1116.0,8.47,,,,46.62,2021-05-28,2017-10-16,1000.0,SUR,,,,,RUB
EQOB,2017-10-16,Акрон Б1P2,RU000A0JXSS1,3.0,2550000.0,102.0,102.0,102.0,102.0,31.1,102.0,8.18,102.0,2500.0,101.94,101.94,102.0,10279662.5,10279662.5,10279662.5,2027-05-25,1264.0,8.18,,,,42.88,2021-11-30,2017-10-16,1000.0,SUR,,,,,RUB
EQOB,2017-10-16,БалтЛизБП1,RU000A0JXT17,3.0,1390833.5,100.1,100.15,100.1,100.1,12.13,100.13,11.78,100.15,1389.0,100.12,100.12,100.1,1762041.9,1762041.9,1762041.9,2020-06-04,658.0,11.76,,,,28.3,,2017-10-16,1000.0,SUR,,,,,RUB
EQOB,2017-10-16,ГПБ БО-13,RU000A0JXTF6,1.0,101400.0,101.4,101.4,101.4,101.4,29.39,101.1,8.21,101.4,100.0,101.19,101.19,101.4,18185173.5,17713310.0,18185173.5,2020-06-14,865.0,8.34,,,,43.37,,2017-10-16,1000.0,SUR,,,,,RUB
EQOB,2017-10-16,ОткрХОЛБП1,RU000A0JXTG4,2.0,15129.0,87.9,95.0,87.9,87.9,10.4,94.56,21.87,95.0,16.0,,99.79,87.9,0.0,3214356.6,0.0,2032-05-26,551.0,16.17,,,,28.67,2019-06-12,2017-10-16,1000.0,SUR,,,,,RUB
EQOB,2017-10-16,КаркадеБ03,RU000A0JXTH2,57.0,17605191.6,100.01,100.5,100.12,100.12,11.19,100.13,14.08,100.4,19174.0,100.13,100.13,100.12,17605191.6,17605191.6,17605191.6,2020-06-10,460.0,14.07,,,,30.86,,2017-10-16,917.0,SUR,,,,,RUB
EQOB,2017-10-16,ОткрФКББП3,RU000A0JXTN0,7.0,78634.6,101.04,103.9,102.8,102.8,40.94,102.12,10.82,103.9,77.0,101.86,101.87,102.8,644796.8,641780.6,644796.8,2020-06-17,862.0,11.12,,,,121.83,,2017-10-16,1000.0,SUR,,,,,RUB
EQOB,2017-10-16,РусГидрБП5,RU000A0JXTQ3,2.0,25354741.5,100.65,100.65,100.65,100.65,27.41,100.65,8.07,100.65,25191.0,,100.67,100.65,0.0,55507164.0,0.0,2020-06-12,869.0,8.07,,,,40.89,,2017-10-16,1000.0,SUR,,,,,RUB
EQOB,2017-10-16,ВЭБ ПБО1Р9,RU000A0JXU71,11.0,3125198.0,100.41,101.3,101.0,101.0,27.57,100.75,8.6,100.41,3099.0,100.85,100.85,101.0,3125198.0,3125198.0,3125198.0,2021-06-18,1146.0,8.68,,,,43.63,,2017-10-16,1000.0,SUR,,,,,RUB
EQOB,2017-10-16,РСХБ БО 2P,RU000A0JXUC1,2.0,4044.5,101.0,101.15,101.0,101.11,26.54,100.9,8.5,101.15,4.0,100.85,100.85,101.11,169143970.5,166413616.5,169143970.5,2021-06-21,1151.0,8.53,,,,43.13,,2017-10-16,1000.0,SUR,,,,,RUB
EQOB,2017-10-16,КОМИ 14 об,RU000A0JXUD9,1.0,2045.0,102.25,102.25,102.25,102.25,4.6,102.25,8.18,102.25,2.0,102.42,102.39,102.25,182216399.2,129780095.0,182216399.2,2024-06-25,1803.0,8.18,,,,20.94,,2017-10-16,1000.0,SUR,,,,,RUB
EQOB,2017-10-16,БинбанкБП4,RU000A0JXUT5,39.0,14990737.5,99.5,100.2,100.2,100.2,3.97,99.98,11.41,99.99,14994.0,99.98,99.98,100.2,14990737.5,14990737.5,14990737.5,2018-07-03,250.0,11.77,,,,9.47,,2017-10-16,1000.0,SUR,,,,,RUB
EQOB,2017-10-16,ВолгКапПБ1,RU000A0JXUU3,1.0,493700.0,98.74,98.74,98.74,98.74,34.52,99.0,14.33,98.74,500.0,,99.25,98.74,0.0,18608455.4,0.0,2022-06-27,249.0,13.91,,,,59.84,2018-07-02,2017-10-16,1000.0,SUR,,,,,RUB
EQOB,2017-10-16,СИНХФБО1P1,RU000A0JXVE5,6.0,21566329.5,100.7,100.8,100.8,100.8,23.65,100.76,8.87,100.7,21404.0,100.75,100.76,100.8,23086339.5,22071259.5,23086339.5,2022-07-05,1413.0,8.88,,,,44.38,,2017-10-16,1000.0,SUR,,,,,RUB
EQOB,2017-10-16,ЦентрИБ1Р2,RU000A0JXVS5,1.0,1175000.0,100.0,100.0,100.0,100.0,21.63,100.0,9.82,100.0,1175.0,,100.0,100.0,0.0,14741000.0,0.0,2018-08-17,294.0,9.82,,,,49.94,,2017-10-16,1000.0,SUR,,,,,RUB
EQOB,2017-10-16,ОбувьрусБ1,RU000A0JXVY3,70.0,7817797.5,101.65,101.88,101.85,101.85,36.58,101.79,14.21,101.69,7681.0,101.78,101.78,101.85,7817797.5,7817797.5,7817797.5,2020-07-15,567.0,14.25,,,,74.79,2019-07-17,2017-10-16,1000.0,SUR,,,,,RUB
EQOB,2017-10-16,БинбанкБП5,RU000A0JXXV5,1.0,1000.0,100.0,100.0,100.0,100.0,7.64,100.0,11.73,100.0,1.0,,99.46,100.0,0.0,700164.6,0.0,2018-07-21,266.0,11.73,,,,9.16,,2017-10-16,1000.0,SUR,,,,,RUB
EQOB,2017-10-16,ПИК БО-П03,RU000A0JXY44,18.0,898549.1,100.5,100.51,100.51,100.51,21.5,100.51,11.04,100.51,894.0,100.51,100.51,100.51,898549.1,898549.1,898549.1,2022-07-29,1360.0,11.04,,,,26.8,,2017-10-16,1000.0,SUR,,,,,RUB
TQOB,2017-10-16,КОБР-1,RU000A0JXYA7,5.0,38371343.2,100.02,100.04,100.02,100.02,14.89,100.032,8.44,100.04,38358.0,100.04,100.039,100.02,488226213.2,288146213.2,488226213.2,2017-11-15,30.0,8.28,,,,21.88,,2017-10-16,1000.0,SUR,,,,,RUR
EQOB,2017-10-16,КраснодКр1,RU000A0JXYS9,7.0,77588610.5,103.45,103.75,103.75,103.75,15.55,103.62,8.03,103.45,75001.0,103.47,103.47,103.75,131769965.5,128320310.5,131769965.5,2024-08-09,1695.0,8.06,,,,23.09,,2017-10-16,1000.0,SUR,,,,,RUB
EQOB,2017-10-16,РЖД Б01P4R,RU000A0JXZB2,4.0,40229194.0,102.05,102.1,102.1,102.07,13.56,102.07,8.04,102.05,39414.0,102.07,102.07,102.07,45272335.1,45272335.1,45272335.1,2032-07-29,2138.0,8.04,,,,41.14,2025-08-07,2017-10-16,1000.0,SUR,,,,,RUB
TQOD,2017-10-16,ГТЛК 1P-05,RU000A0JY023,4.0,102040.0,102.0,102.5,102.25,102.25,6.31,102.04,4.38,102.5,100.0,101.9837,101.9837,102.25,16642379.66,16642379.66,16642379.66,2024-08-21,1392.0,4.44,,,,12.22,,2017-10-16,1000.0,USD,,,,,USD
EQOB,2017-10-16,ЛнССМУБ1P2,RU000A0ZYA66,13.0,20901961.5,100.2,100.4,100.4,100.4,7.6,100.24,9.12,100.2,20851.0,100.24,100.24,100.4,20901961.5,20901961.5,20901961.5,2022-09-09,1207.0,9.17,,,,22.31,,2017-10-16,1000.0,SUR,,,,,RUB
EQOB,2017-10-16,РСГ-ФинБ3,RU000A0ZYA74,28.0,10937992.3,100.01,100.49,100.24,100.13,11.25,100.1,13.57,100.49,10927.0,100.1,100.1,100.13,10937992.3,10937992.3,10937992.3,2020-09-11,905.0,13.63,,,,66.07,,2017-10-16,1000.0,SUR,,,,,RUB
EQOB,2017-10-16,ГПБ БО-14,RU000A0ZYAE3,18.0,210243281.2,101.0,101.38,101.3,101.3,6.21,101.21,8.05,101.0,207545.0,101.3,101.3,101.3,210243281.2,210243281.2,210243281.2,2020-09-19,965.0,8.08,,,,41.65,,2017-10-16,1000.0,SUR,,,,,RUB
EQOB,2017-10-16,ГТЛК 1P-06,RU000A0ZYAP9,3.0,14033.5,107.95,107.95,107.95,107.95,7.48,107.95,8.85,107.95,13.0,107.68,107.68,107.95,4497032573.7,864156612.0,4497032573.7,2032-09-01,1997.0,8.85,,,,26.18,,2017-10-16,1000.0,SUR,,,,,RUB
EQOB,2017-10-16,КарМаниБ1,RU000A0ZYAQ7,10.0,541395.0,100.25,100.27,100.25,100.25,11.64,100.26,18.21,100.27,540.0,100.26,100.26,100.25,541395.0,541395.0,541395.0,2022-10-25,609.0,18.21,,,,14.44,2019-10-05,2017-10-16,1000.0,SUR,,,,,RUB
EQOB,2017-10-16,КемерОбл17,RU000A0ZYB40,2.0,535920.0,101.5,101.5,101.5,101.5,4.49,101.5,8.09,101.5,528.0,101.1,101.26,101.5,428149995.0,200012316.5,428149995.0,2024-09-26,1606.0,8.09,,,,20.44,,2017-10-16,1000.0,SUR,,,,,RUB
EQOB,2017-10-16,ДельКрБ1P1,RU000A0ZYBG6,2.0,11033.0,100.3,100.3,100.3,100.3,4.12,100.3,8.4,100.3,11.0,100.19,100.19,100.3,61444473.0,61437455.5,61444473.0,2020-09-30,976.0,8.4,,,,41.86,,2017-10-16,1000.0,SUR,,,,,RUB
EQOB,2017-10-16,СберБ БО3R,RU000A0ZYBS1,109.0,216204163.8,100.5,100.73,100.59,100.59,0.66,100.28,7.94,100.73,214991.0,100.56,100.56,100.59,216204163.8,216204163.8,216204163.8,2020-12-08,1037.0,8.06,,,,39.89,,2017-10-16,1000.0,SUR,,,,,RUB
EQOB,2017-10-16,РСХБ БО 3P,RU000A0ZYBT9,2.0,6143565.0,100.5,100.5,100.5,100.5,2.99,100.5,8.42,100.5,6113.0,100.45,100.45,100.5,32065638.0,32004577.0,32065638.0,2021-09-28,1254.0,8.42,,,,41.88,,2017-10-16,1000.0,SUR,,,,,RUB
EQOB,2017-10-16,ЛСР БО 1Р3,RU000A0ZYBV5,7.0,10876806.8,100.25,100.4,100.38,100.38,3.21,100.39,9.2,100.4,10835.0,100.36,100.39,100.38,37671770.8,12584270.8,37671770.8,2022-09-27,1364.0,9.2,,,,22.44,,2017-10-16,1000.0,SUR,,,,,RUB
EQOB,2017-10-16,МегафнБ1P3,RU000A0ZYC98,4.0,259388.5,100.15,100.15,100.15,100.15,1.51,100.05,7.96,100.15,259.0,100.19,100.19,100.15,43462508.5,33442508.5,43462508.5,2022-10-03,1534.0,7.99,,,,39.14,,2017-10-16,1000.0,SUR,,,,,RUB
EQOB,2017-10-16,ВБРР Б1P1,RU000A0ZYCJ8,4.0,21020751.0,100.4,100.7,100.7,100.7,1.4,100.55,8.4,100.4,20885.0,100.5,100.65,100.7,982109238.5,21165570.5,982109238.5,2020-10-12,986.0,8.46,,,,42.38,,2017-10-16,1000.0,SUR,,,,,RUB
EQOB,2017-10-16,КрасЯрКр13,RU000A0ZYCM2,8.0,2556635.7,100.0,100.39,100.34,100.34,0.86,100.18,8.01,100.07,2548.0,100.37,100.37,100.34,8820588.9,4670062.3,8820588.9,2024-10-03,1811.0,8.04,,,,19.57,,2017-10-16,1000.0,SUR,,,,,RUB
EQOB,2017-10-16,РН БАНК1Р2,RU000A0ZYCQ3,5.0,150582114.5,99.0,100.49,100.45,100.45,0.93,100.27,8.45,99.0,150027.0,100.16,100.31,100.45,355945256.5,180945256.5,355945256.5,2020-10-14,988.0,8.52,,,,42.37,,2017-10-16,1000.0,SUR,,,,,RUB
EQOB,2017-10-16,ТКХ БП1,RU000A0ZYCR1,37.0,49666456.9,100.05,100.3,100.3,100.3,0.99,100.1,9.11,100.29,49617.0,100.1,100.1,100.3,49666456.9,49666456.9,49666456.9,2027-09-30,1251.0,9.17,,,,44.88,2021-10-07,2017-10-16,1000.0,SUR,,,,,RUB
EQOB,2017-10-16,Карелия 18,RU000A0ZYCZ4,5.0,1789869.5,100.27,100.28,100.27,100.27,0.0,100.17,8.17,100.28,1785.0,,,100.27,0.0,0.0,0.0,2023-10-15,1549.0,8.2,,,,25.21,,2017-10-16,1000.0,SUR,,,,,RUB
TQOB,2017-10-16,ОФЗ 24018,SU24018RMFS2,386.0,3074723347.43,100.42,100.45,100.44,100.44,31.53,100.437,8.17,100.436,3061348.0,100.437,100.437,100.44,3074723347.43,3074723347.43,3074723347.43,2017-12-27,72.0,8.19,,,10.46,52.16,,2017-10-16,1000.0,SUR,,,,,RUB
TQOB,2017-10-16,ОФЗ 24019,SU24019RMFS0,219.0,111765687.94,102.3,102.59,102.399,102.391,51.04,102.397,9.21,102.59,109149.0,102.397,102.397,102.391,111765687.94,111765687.94,111765687.94,2019-10-16,646.0,9.22,8.17,,10.35,51.61,,2017-10-16,1000.0,SUR,,,,,RUB
TQOB,2017-10-16,ОФЗ 25081,SU25081RMFS9,194.0,871632595.69,99.526,99.797,99.613,99.612,12.74,99.63,7.67,99.527,874873.0,99.63,99.63,99.612,871632595.69,871632595.69,871632595.69,2018-01-31,107.0,7.6,,,6.2,30.92,,2017-10-16,1000.0,SUR,,,,,RUB
TQOB,2017-10-16,ОФЗ 26204,SU26204RMFS6,157.0,32331080.96,99.98,100.168,100.014,100.048,6.58,100.071,7.58,99.981,32308.0,100.071,100.071,100.048,32331080.96,32331080.96,32331080.96,2018-03-15,150.0,7.43,,,7.5,37.4,,2017-10-16,1000.0,SUR,,,,,RUB
TQOB,2017-10-16,ОФЗ 26205,SU26205RMFS3,87.0,14344697.89,101.003,101.392,101.006,101.007,37.48,101.19,7.4,101.33,14176.0,101.19,101.19,101.007,14344697.89,14344697.89,14344697.89,2021-04-14,1104.0,7.34,,,7.6,37.9,,2017-10-16,1000.0,SUR,,,,,RUB
TQOB,2017-10-16,ОФЗ 26207,SU26207RMFS9,156.0,3110459583.56,105.05,105.499,105.1,105.1,13.62,105.333,7.52,105.26,2953010.0,105.332,105.332,105.1,3110459583.56,3110459583.56,3110459583.56,2027-02-03,2442.0,7.48,,,8.15,40.64,,2017-10-16,1000.0,SUR,,,,,RUB
TQOB,2017-10-16,ОФЗ 26208,SU26208RMFS7,160.0,38999445.71,100.265,100.45,100.33,100.378,9.66,100.359,7.36,100.448,38860.0,100.359,100.359,100.378,38999445.71,38999445.71,38999445.71,2019-02-27,480.0,7.34,,,7.5,37.4,,2017-10-16,1000.0,SUR,,,,,RUB
TQOB,2017-10-16,ОФЗ 26209,SU26209RMFS5,44.0,1482498.03,101.402,101.849,101.402,101.429,17.08,101.75,7.37,101.41,1457.0,101.75,101.75,101.429,1482498.03,1482498.03,1482498.03,2022-07-20,1469.0,7.28,,,7.6,37.9,,2017-10-16,1000.0,SUR,,,,,RUB
TQOB,2017-10-16,ОФЗ 26210,SU26210RMFS3,101.0,3804597.73,99.033,99.347,99.2,99.2,23.1,99.259,7.33,99.201,3833.0,99.259,99.259,99.2,3804597.73,3804597.73,3804597.73,2019-12-11,728.0,7.3,,,6.8,33.91,,2017-10-16,1000.0,SUR,,,,,RUB
TQOB,2017-10-16,ОФЗ 26211,SU26211RMFS1,82.0,166418745.15,98.85,99.4,98.862,98.878,14.38,99.103,7.39,98.91,167838.0,99.154,99.154,98.878,166418745.15,166418745.15,166418745.15,2023-01-25,1620.0,7.33,,,7.0,34.9,,2017-10-16,1000.0,SUR,,,,,RUB
TQOB,2017-10-16,ОФЗ 26212,SU26212RMFS9,109.0,485458002.79,97.392,97.878,97.41,97.486,14.48,97.576,7.55,97.651,497097.0,97.659,97.659,97.486,485458002.79,485458002.79,485458002.79,2028-01-19,2675.0,7.53,,,7.05,35.15,,2017-10-16,1000.0,SUR,,,,,RUB
TQOB,2017-10-16,ОФЗ 26214,SU26214RMFS5,112.0,87990386.44,97.915,98.339,98.1,98.1,24.2,98.1,7.34,98.339,89691.0,98.104,98.104,98.1,87990386.44,87990386.44,87990386.44,2020-05-27,872.0,7.34,,,6.4,31.91,,2017-10-16,1000.0,SUR,,,,,RUB
TQOB,2017-10-16,ОФЗ 26215,SU26215RMFS2,84.0,426935891.33,98.804,99.249,98.905,98.905,10.35,98.999,7.36,98.91,431411.0,98.963,98.963,98.905,426935891.33,426935891.33,426935891.33,2023-08-16,1765.0,7.34,,,7.0,34.9,,2017-10-16,1000.0,SUR,,,,,RUB
TQOB,2017-10-16,ОФЗ 26216,SU26216RMFS0,94.0,173638763.34,98.982,99.398,99.194,99.196,27.9,99.199,7.38,99.398,175040.0,99.199,99.199,99.196,173638763.34,173638763.34,173638763.34,2019-05-15,541.0,7.37,,,6.7,33.41,,2017-10-16,1000.0,SUR,,,,,RUB
TQOB,2017-10-16,ОФЗ 26217,SU26217RMFS8,47.0,189236899.14,100.703,101.25,100.706,100.732,11.1,100.848,7.42,101.249,187672.0,100.834,100.834,100.732,189236899.14,189236899.14,189236899.14,2021-08-18,1232.0,7.37,,,7.5,37.4,,2017-10-16,1000.0,SUR,,,,,RUB
TQOB,2017-10-16,ОФЗ 26218,SU26218RMFS6,139.0,125850057.47,108.402,108.947,108.41,108.41,2.79,108.485,7.66,108.65,115847.0,108.635,108.635,108.41,125850057.47,125850057.47,125850057.47,2031-09-17,3149.0,7.65,,,8.5,42.38,,2017-10-16,1000.0,SUR,,,,,RUB
TQOB,2017-10-16,ОФЗ 26219,SU26219RMFS4,44.0,235528386.59,102.014,102.352,102.06,102.06,4.03,102.208,7.57,102.31,230429.0,102.213,102.213,102.06,235528386.59,235528386.59,235528386.59,2026-09-16,2411.0,7.54,,,7.75,38.64,,2017-10-16,1000.0,SUR,,,,,RUB
TQOB,2017-10-16,ОФЗ 26220,SU26220RMFS2,58.0,2705012822.15,100.401,100.95,100.6,100.6,25.14,100.751,7.39,100.948,2684620.0,100.76,100.76,100.6,2705012822.15,2705012822.15,2705012822.15,2022-12-07,1559.0,7.35,,,7.4,36.9,,2017-10-16,1000.0,SUR,,,,,RUB
TQOB,2017-10-16,ОФЗ 26221,SU26221RMFS0,281.0,1015070068.38,100.351,100.842,100.449,100.449,1.05,100.448,7.8,100.61,1009708.0,100.531,100.531,100.449,1015070068.38,1015070068.38,1015070068.38,2033-03-23,3391.0,7.8,,,7.7,38.39,,2017-10-16,1000.0,SUR,,,,,RUB
TQOB,2017-10-16,ОФЗ 26222,SU26222RMFS8,25.0,265813802.7,98.55,98.797,98.55,98.55,32.29,98.634,7.5,98.61,269462.0,98.646,98.646,98.55,265813802.7,265813802.7,265813802.7,2024-10-16,1989.0,7.49,,,7.1,34.04,,2017-10-16,1000.0,SUR,,,,,RUB
TQOB,2017-10-16,ОФЗ 29006,SU29006RMFS2,203.0,832435951.21,107.756,108.196,107.756,107.756,19.76,107.921,9.33,108.194,771869.0,107.847,107.847,107.756,832435951.21,832435951.21,832435951.21,2025-01-29,1916.0,9.3,7.32,,10.61,52.9,,2017-10-16,1000.0,SUR,,,,,RUB
TQOB,2017-10-16,ОФЗ 29007,SU29007RMFS0,16.0,163950.68,111.499,112.503,111.5,111.5,9.42,111.531,8.79,112.503,147.0,,111.51,111.5,0.0,504023.23,0.0,2027-03-03,2312.0,8.79,7.62,,10.42,51.96,,2017-10-16,1000.0,SUR,,,,,RUB
TQOB,2017-10-16,ОФЗ 29008,SU29008RMFS8,32.0,7051010.27,113.391,113.577,113.548,113.548,56.46,113.525,9.76,113.391,6211.0,113.525,113.525,113.548,7051010.27,7051010.27,7051010.27,2029-10-03,2475.0,9.76,7.71,,11.45,57.09,,2017-10-16,1000.0,SUR,,,,,RUB
TQOB,2017-10-16,ОФЗ 29009,SU29009RMFS6,19.0,153377.14,115.006,115.999,115.45,115.45,45.36,115.15,9.67,115.499,133.0,,115.276,115.45,0.0,707797.14,0.0,2032-05-05,2771.0,9.7,7.75,,11.42,56.94,,2017-10-16,1000.0,SUR,,,,,RUB
TQOB,2017-10-16,ОФЗ 29010,SU29010RMFS4,34.0,12947506.7,116.153,116.595,116.201,116.201,34.11,116.013,9.62,116.259,11138.0,116.246,116.246,116.201,12947506.7,12947506.7,12947506.7,2034-12-06,3024.0,9.64,7.69,,11.32,56.44,,2017-10-16,1000.0,SUR,,,,,RUB
TQOB,2017-10-16,ОФЗ 29011,SU29011RMFS2,223.0,119073635.76,103.8,103.958,103.8,103.8,21.43,103.848,8.73,103.958,114661.0,103.848,103.848,103.8,119073635.76,119073635.76,119073635.76,2020-01-29,751.0,8.71,7.79,,10.43,52.01,,2017-10-16,1000.0,SUR,,,,,RUB
TQOB,2017-10-16,ОФЗ 29012,SU29012RMFS0,357.0,3507712543.36,103.05,103.324,103.05,103.05,41.0,103.133,9.77,103.324,3401147.0,103.133,103.133,103.05,3507712543.36,3507712543.36,3507712543.36,2022-11-16,1440.0,9.75,7.45,,10.32,51.46,,2017-10-16,1000.0,SUR,,,,,RUB
TQOB,2017-10-16,ОФЗ 46012,SU46012RMFS9,1.0,1030.0,103.0,103.0,103.0,103.0,5.97,103.0,7.0,103.0,1.0,,99.623,103.0,0.0,528996.83,0.0,2029-09-05,2688.0,7.0,,,8.386,83.63,,2017-10-16,1000.0,SUR,,,,,RUB
TQOB,2017-10-16,ОФЗ 46014,SU46014RMFS5,25.0,220861.17,99.401,99.997,99.981,99.981,4.51,99.487,7.14,99.502,444.0,,99.802,99.981,0.0,1139243.61,0.0,2018-08-29,223.0,8.01,,,7.0,17.45,,2017-10-16,500.0,SUR,,,,,RUB
TQOB,2017-10-16,ОФЗ 46018,SU46018RMFS6,73.0,2636261266.54,97.0,97.287,97.12,97.12,8.37,97.014,7.74,97.001,2717394.0,97.014,97.014,97.12,2636261266.54,2636261266.54,2636261266.54,2021-11-24,1048.0,7.78,,,6.5,16.21,,2017-10-16,1000.0,SUR,,,,,RUB
TQOB,2017-10-16,ОФЗ 46019,SU46019RMFS4,3.0,4544.29,94.515,95.44,94.515,94.515,4.57,94.673,8.48,95.44,12.0,,94.709,94.515,0.0,911854.54,0.0,2019-03-20,329.0,8.28,,,2.005,8.0,,2017-10-16,400.0,SUR,,,,,RUB
TQOB,2017-10-16,ОФЗ 46020,SU46020RMFS2,28.0,1133543.5,91.6,91.999,91.8,91.8,11.53,91.859,7.91,91.998,1234.0,91.859,91.859,91.8,1133543.5,1133543.5,1133543.5,2036-02-06,3647.0,7.91,,,6.9,34.41,,2017-10-16,1000.0,SUR,,,,,RUB
TQOB,2017-10-16,ОФЗ 46021,SU46021RMFS0,5.0,1051679.9,98.08,98.169,98.169,98.169,4.66,98.105,7.5,98.08,2144.0,98.099,98.099,98.169,1602449.65,1597545.2,1602449.65,2018-08-08,292.0,7.59,,,5.0,12.47,,2017-10-16,500.0,SUR,,,,,RUB
TQOB,2017-10-16,ОФЗ 46022,SU46022RMFS8,21.0,183650.79,91.007,91.508,91.35,91.372,14.63,91.369,7.76,91.508,201.0,,91.101,91.372,0.0,45659077.77,0.0,2023-07-19,1646.0,7.75,,,6.0,31.07,,2017-10-16,1000.0,SUR,,,,,RUB
TQOB,2017-10-16,ОФЗ 48001,SU48001RMFS0,7.0,63936.37,98.62,99.699,98.62,98.621,24.41,98.667,9.17,99.699,162.0,,99.134,98.621,0.0,531752.28,0.0,2018-10-31,185.0,9.07,,,6.4,25.53,,2017-10-16,400.0,SUR,,,,,RUB
TQOB,2017-10-16,ОФЗ 52001,SU52001RMFS3,12.0,1290016.25,95.55,95.6,95.598,95.598,4.18,95.552,3.36,95.6,1194.0,95.552,95.552,95.598,1290016.25,1290016.25,1290016.25,2023-08-16,1985.0,3.37,3.86,3.86,2.5,14.02,,2017-10-16,1130.69,SUR,,,,,RUB
TQOD,2017-10-16,RUS-28,XS0088543193,1.0,1763.5,176.35,176.35,176.35,176.35,39.6667,176.35,3.91,176.35,1.0,176.487,176.487,176.35,11198967.44,11198967.44,11198967.44,2028-06-24,,3.91,,,,63.75,,2017-10-16,1000.0,USD,,,,,USD
TQOD,2017-10-16,RUS-18,XS0089375249,2.0,6423.0,107.0,107.1,107.0,107.0,25.0556,107.05,1.81,107.1,6.0,107.1918,107.1074,107.0,4224018.57,2848125.72,4224018.57,2018-07-24,,1.75,,,,55.0,,2017-10-16,1000.0,USD,,,,,USD
TQOD,2017-10-16,RUS-30,XS0114288789,4.0,5131.9,120.0,120.4,120.0,120.0,0.0016,120.0444,,120.0,9000.0,119.9979,120.0222,120.0,789373.44,591790.9,789373.44,2030-03-31,,0.0,,,,0.0178,,2017-10-16,0.475,USD,,,,,USD
TQOD,2017-10-16,Sistema-19,XS0783242877,3.0,5940.0,99.0,99.0001,99.0,99.0001,28.7653,99.0001,,99.0,6.0,99.6181,99.4856,99.0001,1382106.35,975851.15,1382106.35,2019-05-17,,0.0,,,,34.75,,2017-10-16,1000.0,USD,,,,,USD
TQOD,2017-10-16,PSB Fin-7,XS0851672435,3.0,2852.04,94.0015,97.2,94.0015,94.0015,45.3333,95.0677,13.88,97.2,3.0,97.2739,97.0931,94.0015,1069411.56,786235.8,1069411.56,2019-11-06,,13.22,,,,51.0,,2017-10-16,1000.0,USD,,,,,USD
TQOD,2017-10-16,CBOM Finan,XS0879105558,6.0,19107.88,100.0,100.6,100.6,100.5993,16.0417,100.5677,,100.0,19.0,100.0991,100.0991,100.5993,4686483.27,4686483.27,4686483.27,2018-02-01,,0.0,,,,38.5,,2017-10-16,1000.0,USD,,,,,USD
TQOD,2017-10-16,TMK CAP-20,XS0911599701,3.0,9531.19,105.8898,105.9999,105.8899,105.8899,2.4375,105.9021,,105.9999,9.0,,105.7197,105.8899,0.0,2567410.97,0.0,2020-04-03,,0.0,,,,33.75,,2017-10-16,1000.0,USD,,,,,USD
TQOD,2017-10-16,PGIL-20,XS0922301717,1.0,1058.0,105.8,105.8,105.8,105.8,26.0938,105.8,3.2,105.8,1.0,105.8475,105.8475,105.8,3917419.83,3917419.83,3917419.83,2020-04-29,,3.2,,,,28.125,,2017-10-16,1000.0,USD,,,,,USD
TQOD,2017-10-16,CBOM-18,XS0924078453,1.0,3800.0,95.0,95.0,95.0,95.0,36.975,95.0,14.09,95.0,4.0,95.6516,95.5131,95.0,3205529.72,1933273.49,3205529.72,2018-11-13,,14.09,,,,43.5,,2017-10-16,1000.0,USD,,,,,USD
TQOD,2017-10-16,Veb-23,XS0993162683,23.0,267428.79,107.5001,108.9999,108.9999,108.9167,23.9331,108.2708,4.23,107.8,247.0,108.2708,108.2708,108.9167,15409139.88,15409139.88,15409139.88,2023-11-21,,4.36,,,,29.71,,2017-10-16,1000.0,USD,,,,,USD
TQOD,2017-10-16,PSB Fin-9,XS1086084123,12.0,20009.64,86.9899,87.0007,86.9899,86.9899,22.1667,86.9984,15.46,87.0007,23.0,86.9984,86.9984,86.9899,1152947.45,1152947.45,1152947.45,2021-07-30,,15.45,,,,52.5,,2017-10-16,1000.0,USD,,,,,USD
EQOB,2017-10-16,BCS 09/18,XS1269959034,14.0,1182240.0,105.01,106.0,105.99,105.99,,105.56,,105.09,14.0,105.56,105.56,105.99,1182240.0,1182240.0,1182240.0,2018-09-10,,0.0,,,,15000.0,,2017-10-16,80000.0,SUR,,,,,RUB
TQOD,2017-10-16,BCS 07/19,XS1327117633,4.0,5110.04,102.2005,102.2008,102.2005,102.2006,15.8333,102.2006,,102.2008,4.0,102.6425,102.4003,102.2006,3568349.67,1625419.1,3568349.67,2019-07-12,,0.0,,,,30.3472,,2017-10-16,1250.0,USD,,,,,USD
TQOD,2017-10-16,BCS 12/18,XS1327118284,1.0,1345.0,107.6,107.6,107.6,107.6,,107.6,,107.6,1.0,106.5921,107.075,107.6,1862128.92,933963.62,1862128.92,2018-12-11,,0.0,,,,43.75,,2017-10-16,1250.0,USD,,,,,USD
EQOB,2017-10-16,BCS 10/19,XS1434175730,3.0,236592.0,97.58,99.16,99.16,99.16,164.3836,98.58,,99.0,3.0,98.85,98.85,99.16,869848.0,869848.0,869848.0,2019-10-10,,0.0,,,,4986.3014,,2017-10-16,80000.0,SUR,,,,,RUB
TQOD,2017-10-16,BCS30/6/23,XS1654213294,4.0,13818.75,100.0,100.55,100.55,100.5499,,100.4999,,100.0,11.0,100.2483,100.2181,100.5499,2603191.39,2312167.31,2603191.39,2023-06-30,,0.0,,,,25.38,,2017-10-16,1250.0,USD,,,,,USD
EQOB,2017-10-16,BCS PFGR,XS1675776014,9.0,3247700.0,101.15,101.61,101.15,101.3,,101.49,,101.51,32.0,101.52,101.49,101.3,10558360.0,4567200.0,10558360.0,2027-08-23,,0.0,,,,487.67,,2017-10-16,100000.0,SUR,,,,,RUB
