BOARDID,TRADEDATE,SHORTNAME,SECID,NUMTRADES,VALUE,LOW,HIGH,CLOSE,LEGALCLOSEPRICE,ACCINT,WAPRICE,YIELDCLOSE,OPEN,VOLUME,MARKETPRICE2,MARKETPRICE3,ADMITTEDQUOTE,MP2VALTRD,MARKETPRICE3TRADESVALUE,ADMITTEDVALUE,MATDATE,DURATION,YIELDATWAP,IRICPICLOSE,BEICLOSE,COUPONPERCENT,COUPONVALUE,BUYBACKDATE,LASTTRADEDATE,FACEVALUE,CURRENCYID,CBRCLOSE,YIELDTOOFFER,YIELDLASTCOUPON,OFFERDATE,FACEUNIT,TRADINGSESSION
TQCB,2020-09-22,МГор48-об,RU000A0JNYN1,9.0,13251.3,101.73,101.95,101.95,101.95,16.93,101.93,4.85,101.95,13.0,102.15,101.95,101.95,6148231.2,816615.0,6148231.2,2022-06-11,596.0,4.87,,,6.0,30.08,,2020-09-22,1000.0,SUR,,,,,RUB,3
TQCB,2020-09-22,РЖД-19 обл,RU000A0JQ7Z2,10.0,31369325.5,106.6,107.04,106.91,106.91,15.27,106.84,5.87,107.04,29361.0,106.84,106.84,106.91,31369325.5,31369325.5,31369325.5,2024-07-08,1214.0,5.89,,,7.85,39.14,,2020-09-22,1000.0,SUR,,,,,RUB,3
TQCB,2020-09-22,РЖД-23 обл,RU000A0JQRD9,19.0,4478535.0,106.9,107.17,107.1,107.1,13.12,107.17,6.05,107.17,4179.0,107.17,107.17,107.1,4478535.0,4478535.0,4478535.0,2025-01-16,1360.0,6.03,,,7.85,39.14,,2020-09-22,1000.0,SUR,,,,,RUB,3
TQCB,2020-09-22,ВЭБ.РФ 08,RU000A0JR3G0,8.0,1453202.1,100.29,100.29,100.29,100.29,42.79,100.29,4.31,100.29,1449.0,100.3,100.3,100.29,3388992.1,3268632.1,3388992.1,2020-10-13,21.0,4.31,,,9.7,48.37,,2020-09-22,1000.0,SUR,,,4.0214,,RUB,3
TQCB,2020-09-22,ВЭБ.РФ 06,RU000A0JR3H8,5.0,156379.2,100.24,100.25,100.24,100.24,36.96,100.24,3.93,100.25,156.0,100.23,100.21,100.24,3934138.1,1376895.6,3934138.1,2020-10-13,21.0,3.93,,,8.38,41.79,,2020-09-22,1000.0,SUR,,,3.6782,,RUB,3
TQCB,2020-09-22,ГлДорога 3,RU000A0JR4U9,7.0,22455.0,91.0,94.05,94.0,93.78,47.44,93.56,66.56,93.5,24.0,,91.92,93.78,0.0,917356.8,0.0,2028-10-30,48.0,72.44,,,5.48,54.65,2020-11-09,2020-09-22,1000.0,SUR,,,,,RUB,3
TQCB,2020-09-22,Газпрнеф10,RU000A0JR878,2.0,10159.1,101.59,101.6,101.6,101.6,11.66,101.59,2.88,101.59,10.0,,101.8,101.6,0.0,537521.7,0.0,2021-01-26,126.0,2.91,,,7.6,37.9,,2020-09-22,1000.0,SUR,,,2.8267,,RUB,3
TQCB,2020-09-22,Мечел 16об,RU000A0JR8P0,33.0,862741.4,100.4,100.6,100.4,100.41,9.21,100.44,7.01,100.41,859.0,100.44,100.44,100.41,862741.4,862741.4,862741.4,2021-02-09,140.0,6.89,,,8.0,39.89,,2020-09-22,1000.0,SUR,,,6.8097,,RUB,3
TQCB,2020-09-22,ВЭБ.РФ 09,RU000A0JRCX7,30.0,849488.9,101.21,102.08,101.9,101.9,1.22,101.49,4.92,101.71,837.0,101.49,101.49,101.9,849488.9,849488.9,849488.9,2021-03-18,177.0,5.8,,,8.9,44.38,,2020-09-22,1000.0,SUR,,,4.8338,,RUB,3
TQCB,2020-09-22,ВЭБлизинг5,RU000A0JREZ8,1.0,1019.3,101.93,101.93,101.93,101.93,34.26,101.93,3.54,101.93,1.0,,,101.93,0.0,0.0,0.0,2021-04-02,186.0,3.54,,,7.27,36.25,,2020-09-22,1000.0,SUR,,,,,RUB,3
TQCB,2020-09-22,РУСАЛБАл08,RU000A0JRF11,1.0,24295.0,97.18,97.18,97.18,97.18,0.05,97.18,,97.18,25.0,,96.27,97.18,0.0,1083081.2,0.0,2021-04-05,,,,,0.01,0.05,,2020-09-22,1000.0,SUR,,,,,RUB,3
TQCB,2020-09-22,Акрон 04,RU000A0JRHF3,2.0,26078.0,100.09,101.0,100.09,100.09,22.44,100.3,6.44,101.0,26.0,,100.51,100.09,0.0,515597.4,0.0,2021-05-18,232.0,6.1,,,6.5,32.41,,2020-09-22,1000.0,SUR,,,,,RUB,3
TQCB,2020-09-22,Мечел 17об,RU000A0JRJS2,53.0,220157.13,100.32,100.78,100.36,100.5,5.3,100.53,,100.78,1460.0,,100.42,100.5,0.0,564426.03,0.0,2021-05-27,,,,,8.75,7.64,,2020-09-22,150.0,SUR,,,,,RUB,3
TQCB,2020-09-22,Мечел 18об,RU000A0JRJT0,4.0,135782.55,100.35,100.5,100.36,100.36,5.3,100.36,,100.35,902.0,,100.33,100.36,0.0,565702.17,0.0,2021-05-27,,,,,8.75,7.64,,2020-09-22,150.0,SUR,,,,,RUB,3
TQCB,2020-09-22,ННК 04,RU000A0JRJV6,14.0,130753.52,90.8,90.83,90.8,90.8,20.87,90.8,78.43,90.82,180.0,,90.57,90.8,0.0,1108582.08,0.0,2021-06-01,70.0,78.43,,,8.5,33.91,2020-12-01,2020-09-22,800.0,SUR,,,,,RUB,3
TQCB,2020-09-22,Мечел 19об,RU000A0JRJY0,6.0,129531.75,100.35,100.6,100.59,100.59,5.12,100.41,,100.6,860.0,,100.38,100.59,0.0,556181.21,0.0,2021-06-01,,,,,8.75,7.64,,2020-09-22,150.0,SUR,,,,,RUB,3
TQCB,2020-09-22,ННК 06,RU000A0JRK22,49.0,1030647.04,90.0,96.0,90.4,90.4,20.31,92.02,78.69,90.87,1400.0,92.02,92.02,90.4,1030647.04,1030647.04,1030647.04,2021-06-04,73.0,63.7,,,8.5,33.91,2020-12-04,2020-09-22,800.0,SUR,,,,,RUB,3
TQCB,2020-09-22,СПбТел 03,RU000A0JRKM3,3.0,15998.4,99.99,99.99,99.99,99.99,15.37,99.99,5.58,99.99,16.0,,99.37,99.99,0.0,608140.6,0.0,2021-06-11,257.0,5.58,,,5.5,27.42,,2020-09-22,1000.0,SUR,,,,,RUB,3
TQCB,2020-09-22,РСХБ 14,RU000A0JRLE8,5.0,1126312.9,102.29,102.3,102.29,102.29,18.76,102.3,5.11,102.29,1101.0,102.07,102.12,102.29,109546418.1,2650072.4,109546418.1,2021-06-29,273.0,5.09,,,8.15,40.64,,2020-09-22,1000.0,SUR,,,,,RUB,3
TQCB,2020-09-22,ВЭБ.РФ 10,RU000A0JRTN2,10.0,13550.0,95.0,105.0,105.0,105.0,0.0,96.79,0.86,95.0,14.0,,,105.0,0.0,0.0,0.0,2021-09-21,359.0,9.6,,,5.92,29.52,,2020-09-22,1000.0,SUR,,,,,RUB,3
TQCB,2020-09-22,Uranium 02,RU000A0JRTT9,5.0,4233.0,80.4,87.9,84.0,85.0,,84.66,,87.9,5.0,,80.86,85.0,0.0,502960.8,0.0,2023-08-11,,,,,0.0,0.0,,2020-09-22,1000.0,SUR,,,,,RUB,3
TQCB,2020-09-22,ВЭБлизинг9,RU000A0JRV52,1.0,1020.2,102.02,102.02,102.02,102.02,30.39,102.02,5.35,102.02,1.0,,101.57,102.02,0.0,587061.6,0.0,2021-10-20,374.0,5.35,,,7.25,36.15,,2020-09-22,1000.0,SUR,,,,,RUB,3
TQCB,2020-09-22,РСХБ 15,RU000A0JRVN8,1.0,101395.8,102.42,102.42,102.42,102.42,28.19,102.42,4.75,102.42,99.0,,101.92,102.42,0.0,561556.4,0.0,2021-10-26,381.0,4.75,,,7.0,34.9,,2020-09-22,1000.0,SUR,,,,,RUB,3
TQCB,2020-09-22,СПбТел 07,RU000A0JRVU3,35.0,103368.3,106.32,106.79,106.5,106.5,45.8,106.57,5.54,106.47,97.0,,106.37,106.5,0.0,996694.9,0.0,2022-04-05,512.0,5.49,,,9.95,49.61,,2020-09-22,1000.0,SUR,,,,,RUB,3
TQRD,2020-09-22,ОткрХОЛ 2,RU000A0JS264,6.0,4667.5,2.65,2.7,2.65,2.65,,2.67,,2.7,175.0,,,2.65,0.0,0.0,0.0,2026-12-10,,,,,0.01,0.05,,2020-09-22,1000.0,SUR,,,,,RUB,3
TQCB,2020-09-22,СПбТел 04,RU000A0JS3M7,1.0,15133.5,100.89,100.89,100.89,100.89,7.81,100.89,5.07,100.89,15.0,,100.05,100.89,0.0,14312667.4,0.0,2022-01-31,481.0,5.07,,,5.7,28.42,,2020-09-22,1000.0,SUR,,,,,RUB,3
TQCB,2020-09-22,Башнефть04,RU000A0JS3U0,3.0,6480.1,108.0,108.01,108.0,108.0,8.82,108.0,1.09,108.0,6.0,,,108.0,0.0,0.0,0.0,2022-02-04,483.0,1.09,,,7.0,34.9,,2020-09-22,1000.0,SUR,,,,,RUB,3
TQCB,2020-09-22,ВымпелКом4,RU000A0JS5F6,1.0,9076.5,100.85,100.85,100.85,100.85,2.38,100.85,5.66,100.85,9.0,84.84,100.04,100.85,3696271.0,591248.8,3696271.0,2022-03-08,516.0,5.66,,,6.2,30.92,,2020-09-22,1000.0,SUR,,,,,RUB,3
TQCB,2020-09-22,РСХБ 16,RU000A0JS6N8,1.0,1010.0,101.0,101.0,101.0,101.0,28.48,101.0,5.53,101.0,1.0,,101.28,101.0,0.0,553995.0,0.0,2022-04-04,527.0,5.53,,,6.15,30.67,,2020-09-22,1000.0,SUR,,,,,RUB,3
TQCB,2020-09-22,Промсвб4,RU000A0JS793,1.0,2553.0,85.1,85.1,85.1,85.1,0.44,85.1,11.06,85.1,3.0,,,85.1,0.0,0.0,0.0,2022-04-13,567.0,11.06,,,0.1,0.5,,2020-09-22,1000.0,SUR,,,,,RUB,3
TQCB,2020-09-22,РЖД-32 обл,RU000A0JSGV0,25.0,344531.7,99.38,99.6,99.59,99.59,10.34,99.58,6.61,99.39,346.0,,99.57,99.59,0.0,500846.9,0.0,2032-06-25,108.0,6.64,,,5.1,25.43,2021-01-08,2020-09-22,1000.0,SUR,,5.3614,,2022-07-13,RUB,3
TQCB,2020-09-22,ФСК ЕЭС-22,RU000A0JSQ58,8.0,2013545.5,99.71,99.74,99.73,99.73,8.29,99.73,6.37,99.74,2019.0,99.73,99.73,99.73,2337637.0,2018531.5,2337637.0,2027-07-21,127.0,6.37,,,5.5,27.42,2021-01-27,2020-09-22,1000.0,SUR,,5.6648,,2022-08-03,RUB,3
TQCB,2020-09-22,ВЭБ.РФ 19,RU000A0JT6B2,4.0,12304.8,102.54,102.54,102.54,102.54,44.34,102.54,4.98,102.54,12.0,102.28,102.28,102.54,553320.7,553320.7,553320.7,2032-09-23,190.0,4.98,,,9.75,48.62,2021-04-08,2020-09-22,1000.0,SUR,,4.8548,,2021-04-12,RUB,3
TQCB,2020-09-22,ГПБ 12,RU000A0JT6J5,3.0,64739.0,104.15,104.98,104.98,104.98,34.2,104.42,4.98,104.15,62.0,,104.54,104.98,0.0,1102874.7,0.0,2022-10-06,682.0,5.27,,,7.52,37.5,,2020-09-22,1000.0,SUR,,,,,RUB,3
TQCB,2020-09-22,Роснефть04,RU000A0JT940,9.0,19938.7,104.68,105.11,104.89,104.89,33.55,104.94,5.44,104.73,19.0,,104.75,104.89,0.0,500719.1,0.0,2022-10-17,691.0,5.41,,,7.9,39.39,,2020-09-22,1000.0,SUR,,,,,RUB,3
TQCB,2020-09-22,Роснефть05,RU000A0JT965,17.0,57587.8,104.38,104.77,104.7,104.52,33.55,104.71,5.53,104.74,55.0,,104.85,104.52,0.0,1988928.8,0.0,2022-10-17,691.0,5.53,,,7.9,39.39,,2020-09-22,1000.0,SUR,,,,,RUB,3
TQCB,2020-09-22,Башнефть06,RU000A0JTM28,8.0,68090.9,104.45,105.39,104.45,104.63,10.34,104.76,5.73,104.52,65.0,,105.44,104.63,0.0,3973056.9,0.0,2023-01-31,798.0,5.59,,,7.7,38.39,,2020-09-22,1000.0,SUR,,,,,RUB,3
TQCB,2020-09-22,Башнефть07,RU000A0JTM36,4.0,53230.6,100.16,100.45,100.16,100.16,8.46,100.44,5.91,100.45,53.0,,100.52,100.16,0.0,100745246.6,0.0,2023-01-31,133.0,5.1,,,6.3,31.41,2021-02-02,2020-09-22,1000.0,SUR,,5.6072,,2021-02-08,RUB,3
TQCB,2020-09-22,Башнефть08,RU000A0JTM44,5.0,69504.1,103.04,107.0,106.99,106.99,10.34,106.93,4.59,103.04,65.0,,106.46,106.99,0.0,520592.7,0.0,2023-01-31,799.0,4.61,,,7.7,38.39,,2020-09-22,1000.0,SUR,,,,,RUB,3
TQCB,2020-09-22,РусГидро07,RU000A0JTMG7,9.0,17336.5,85.46,88.2,88.2,88.2,0.13,86.68,5.57,85.46,20.0,,87.58,88.2,0.0,506240.5,0.0,2023-02-02,862.0,6.35,,,0.1,0.5,,2020-09-22,1000.0,SUR,,,,,RUB,3
TQCB,2020-09-22,РусГидро08,RU000A0JTMK9,8.0,10755.5,87.37,91.93,89.05,89.05,0.13,89.63,5.14,91.93,12.0,,88.85,89.05,0.0,500217.2,0.0,2023-02-02,862.0,4.85,,,0.1,0.5,,2020-09-22,1000.0,SUR,,,,,RUB,3
TQCB,2020-09-22,Роснефть07,RU000A0JTS06,73.0,263135.4,102.94,103.9,103.89,103.9,2.2,103.6,5.66,102.94,254.0,,103.51,103.9,0.0,508250.4,0.0,2023-03-10,839.0,5.79,,,7.3,36.4,,2020-09-22,1000.0,SUR,,,,,RUB,3
TQCB,2020-09-22,Роснефть08,RU000A0JTS22,80.0,94527.5,102.41,105.06,105.06,105.06,2.2,105.03,5.15,102.41,90.0,,104.05,105.06,0.0,564978.5,0.0,2023-03-10,839.0,5.16,,,7.3,36.4,,2020-09-22,1000.0,SUR,,,,,RUB,3
TQCB,2020-09-22,МТС БО-01,RU000A0JTTA5,3.0,4108.0,102.7,102.7,102.7,102.7,32.23,102.7,5.4,102.7,4.0,,102.52,102.7,0.0,1032401.2,0.0,2023-03-22,830.0,5.4,,,6.5,32.41,,2020-09-22,1000.0,SUR,,,,,RUB,3
TQCB,2020-09-22,РЖД-28 обл,RU000A0JTU85,3.0,31453.0,101.3,101.55,101.55,101.55,36.44,101.46,4.57,101.3,31.0,,101.45,101.55,0.0,4097615.5,0.0,2028-03-21,182.0,4.75,,,7.6,37.9,2021-03-30,2020-09-22,1000.0,SUR,,4.4757,,2021-04-02,RUB,3
TQCB,2020-09-22,РСХБ 20,RU000A0JTVJ2,2.0,2079.9,103.01,104.98,104.98,104.0,36.61,103.85,4.98,103.01,2.0,,104.22,104.0,0.0,613842.1,0.0,2023-04-11,526.0,5.75,,,8.3,41.39,2022-04-12,2020-09-22,1000.0,SUR,,4.9572,,2022-04-14,RUB,3
TQRD,2020-09-22,ОткрХОЛ 5,RU000A0JTX09,9.0,393.5,1.75,1.8,1.8,1.8,,1.79,,1.8,22.0,,2.08,1.8,0.0,500129.6,0.0,2028-04-25,,,,,0.01,0.02,,2020-09-22,1000.0,SUR,,,,,RUB,3
TQCB,2020-09-22,РСХБ 21,RU000A0JU1Q8,9.0,29102.8,99.38,101.91,100.59,99.88,12.77,100.35,5.57,101.85,29.0,100.77,100.77,99.88,1460098.9,1457075.2,1460098.9,2023-07-18,119.0,6.35,,,7.4,36.9,2021-01-19,2020-09-22,1000.0,SUR,,5.434,,2021-01-21,RUB,3
TQCB,2020-09-22,Удмуртия-7,RU000A0JU740,53.0,315299.95,100.07,100.27,100.08,100.1,3.53,100.13,3.58,100.1,3149.0,,100.15,100.1,0.0,501053.85,0.0,2020-10-01,9.0,1.33,,,7.45,3.71,,2020-09-22,100.0,SUR,,,3.1308,,RUB,3
TQCB,2020-09-22,ВТБ БО-43,RU000A0JU773,16.0,3535876.7,99.89,100.75,100.75,100.75,11.32,100.59,4.74,99.9,3515.0,100.59,100.59,100.75,3535876.7,3535876.7,3535876.7,2023-09-29,616.0,4.84,,,5.1,12.72,2022-07-01,2020-09-22,1000.0,SUR,,4.7037,,2022-07-05,RUB,3
TQCB,2020-09-22,Хакас2013,RU000A0JU8R1,31.0,2760615.52,100.3,100.39,100.37,100.37,2.03,100.36,4.48,100.38,13753.0,100.36,100.36,100.37,2760615.52,2760615.52,2760615.52,2020-10-27,35.0,4.59,,,8.4,3.64,,2020-09-22,200.0,SUR,,,4.2679,,RUB,3
TQCB,2020-09-22,СтаврКрай2,RU000A0JU9G2,186.0,20495.49,100.3,100.6,100.5,100.5,1.09,100.47,3.74,100.3,204.0,,101.28,100.5,0.0,504395.53,0.0,2020-11-04,43.0,4.0,,,8.09,2.04,,2020-09-22,100.0,SUR,,,3.5922,,RUB,3
TQCB,2020-09-22,ИРКУТ БО-4,RU000A0JUA45,1.0,1028.5,102.85,102.85,102.85,102.85,33.04,102.85,6.43,102.85,1.0,,103.02,102.85,0.0,636662.5,0.0,2023-11-06,389.0,6.43,,,9.0,44.88,2021-11-08,2020-09-22,1000.0,SUR,,6.3799,,2021-11-10,RUB,3
TQCB,2020-09-22,РЖД-30 обл,RU000A0JUAH8,1.0,1028.0,102.8,102.8,102.8,102.8,23.3,102.8,6.06,102.8,1.0,,103.38,102.8,0.0,336904666.0,0.0,2028-11-07,1318.0,6.06,,,6.75,33.66,2024-11-12,2020-09-22,1000.0,SUR,,6.0483,,2024-11-15,RUB,3
TQIR,2020-09-22,ОВК Фин01,RU000A0JUBD5,5.0,10598.7,70.03,70.97,70.03,70.03,27.74,70.66,700.26,70.69,15.0,,70.35,70.03,0.0,500181.2,0.0,2021-11-24,64.0,661.31,,,8.58,42.78,2020-11-25,2020-09-22,1000.0,SUR,,,,,RUB,3
TQCB,2020-09-22,РоснефтьБ6,RU000A0JUCR3,1.0,2161032.0,101.6,101.6,101.6,101.6,18.04,101.6,5.34,101.6,2127.0,101.59,101.59,101.6,5648216.4,5647199.9,5648216.4,2023-12-11,430.0,5.34,,,6.65,33.16,2021-12-13,2020-09-22,1000.0,SUR,,5.3058,,2021-12-15,RUB,3
TQCB,2020-09-22,РоснефтьБ1,RU000A0JUFU0,7.0,51828.0,102.26,104.74,104.5,104.5,10.24,103.66,5.53,102.26,50.0,,104.69,104.5,0.0,629199.9,0.0,2024-02-06,482.0,6.18,,,8.9,44.38,2022-02-08,2020-09-22,1000.0,SUR,,5.5009,,2022-02-10,RUB,3
TQCB,2020-09-22,РоснефтьБ7,RU000A0JUFV8,1.0,1040.0,104.0,104.0,104.0,104.0,10.24,104.0,5.91,104.0,1.0,,104.65,104.0,0.0,24947850.6,0.0,2024-02-06,482.0,5.91,,,8.9,44.38,2022-02-08,2020-09-22,1000.0,SUR,,5.8798,,2022-02-10,RUB,3
TQCB,2020-09-22,ГПБ БО-08,RU000A0JUMH3,7.0,33951.2,99.01,99.98,99.01,99.01,16.28,99.86,11.22,99.98,34.0,,,99.01,0.0,0.0,0.0,2024-05-23,62.0,5.76,,,4.87,24.55,2020-11-23,2020-09-22,1000.0,SUR,,6.4889,,2021-05-25,RUB,3
TQCB,2020-09-22,Оренб35002,RU000A0JUPE3,8.0,1989.98,104.47,105.5,104.51,104.51,0.12,104.74,4.68,105.5,38.0,,105.45,104.51,0.0,1488218.0,0.0,2021-06-14,258.0,4.35,,,11.0,1.37,,2020-09-22,50.0,SUR,,,,,RUB,3
TQCB,2020-09-22,ЗенитБО-13,RU000A0JUPW5,3.0,3995.9,99.89,99.9,99.9,99.9,16.04,99.9,6.59,99.89,4.0,,,99.9,0.0,0.0,0.0,2024-06-13,86.0,6.59,,,6.1,30.42,2020-12-17,2020-09-22,1000.0,SUR,,6.225,,2020-12-21,RUB,3
TQCB,2020-09-22,БелгОб2014,RU000A0JUQB7,191.0,137675.32,104.5,104.99,104.63,104.63,0.01,104.7,4.37,104.73,2630.0,,104.82,104.63,0.0,501042.58,0.0,2021-06-21,265.0,4.27,,,10.65,1.33,,2020-09-22,50.0,SUR,,,,,RUB,3
TQCB,2020-09-22,АшинМЗ БО1,RU000A0JUQC5,49.0,254819.0,84.1,84.78,84.68,84.67,17.64,84.38,109.0,84.11,302.0,,84.49,84.67,0.0,751941.5,0.0,2024-06-17,90.0,112.0,,,7.0,34.9,2020-12-21,2020-09-22,1000.0,SUR,,,,,RUB,3
TQCB,2020-09-22,Якут 35006,RU000A0JUQH4,24.0,18046.5,104.27,105.42,105.42,105.42,2.49,104.92,3.02,104.34,172.0,,104.46,105.42,0.0,500761.32,0.0,2021-07-02,270.0,3.67,,,10.1,2.52,,2020-09-22,100.0,SUR,,,,,RUB,3
TQCB,2020-09-22,СамарОбл10,RU000A0JUQP7,165.0,135642.68,101.18,101.64,101.21,101.23,3.37,101.38,5.56,101.64,892.0,,101.42,101.23,0.0,502793.38,0.0,2021-07-01,98.0,4.9,,,10.0,3.74,,2020-09-22,150.0,SUR,,,,,RUB,3
TQRD,2020-09-22,ОткрХОЛБО3,RU000A0JURM2,2.0,450.5,2.65,2.65,2.65,2.65,,2.65,,2.65,17.0,,,2.65,0.0,0.0,0.0,2027-07-14,,,,,0.01,0.05,,2020-09-22,1000.0,SUR,,,,,RUB,3
TQIR,2020-09-22,ОВК Фин Б1,RU000A0JUU25,10.0,16175.87,93.02,99.99,98.0,98.0,2.75,93.77,10.57,93.05,23.0,,,98.0,0.0,0.0,0.0,2024-09-03,1205.0,12.05,,,9.55,17.86,,2020-09-22,750.0,SUR,,,,,RUB,3
TQCB,2020-09-22,ГПБ БО-10,RU000A0JUV08,3.0,21042.0,100.2,100.2,100.2,100.2,33.98,100.2,-15.57,100.2,21.0,,99.99,100.2,0.0,504949.0,0.0,2024-09-26,4.0,-15.57,,,6.89,34.73,2020-09-26,2020-09-22,1000.0,SUR,,6.5189,,2021-03-30,RUB,3
TQCB,2020-09-22,ПромсвбБО8,RU000A0JUVG6,5.0,16878.7,98.7,99.98,99.98,99.98,24.38,99.29,5.1,99.57,17.0,,99.78,99.98,0.0,505902.3,0.0,2021-03-28,183.0,6.54,,,5.0,25.21,,2020-09-22,1000.0,SUR,,,,,RUB,3
TQCB,2020-09-22,РСХБ БО13,RU000A0JUW31,1.0,1004.4,100.44,100.44,100.44,100.44,16.42,100.44,7.36,100.44,1.0,,102.96,100.44,0.0,654818.4,0.0,2024-09-27,681.0,7.36,,,7.4,18.45,2022-09-30,2020-09-22,1000.0,SUR,,7.3098,,2022-10-04,RUB,3
TQCB,2020-09-22,РСХБ БО14,RU000A0JUW72,1.0,995.9,99.59,99.59,99.59,99.59,15.81,99.59,7.84,99.59,1.0,102.3,102.07,99.59,1088520.1,812480.4,1088520.1,2024-09-30,684.0,7.84,,,7.4,18.45,2022-10-03,2020-09-22,1000.0,SUR,,7.8079,,2022-10-05,RUB,3
TQCB,2020-09-22,ОткрФКББ05,RU000A0JV1D5,1.0,4999.5,99.99,99.99,99.99,99.99,0.03,99.99,0.06,99.99,5.0,,92.96,99.99,0.0,505688.9,0.0,2020-12-02,71.0,0.06,,,0.01,0.05,,2020-09-22,1000.0,SUR,,,0.0617,,RUB,3
TQCB,2020-09-22,РоснфтБО3,RU000A0JV1X3,1.0,1170.0,117.0,117.0,117.0,117.0,28.33,117.0,4.92,117.0,1.0,,116.43,117.0,0.0,702089.3,0.0,2024-11-28,1288.0,4.92,,,9.4,46.87,,2020-09-22,1000.0,SUR,,,,,RUB,3
TQCB,2020-09-22,ВТБ БО-30,RU000A0JV3Q3,4.0,230994.0,101.6,102.74,101.7,101.7,0.76,101.76,5.27,102.74,227.0,,101.71,101.7,0.0,515693.2,0.0,2024-12-13,351.0,5.2,,,6.95,17.33,2021-09-17,2020-09-22,1000.0,SUR,,5.1958,,2021-09-21,RUB,3
TQCB,2020-09-22,ОткрФКББ06,RU000A0JV5R6,2.0,4999.5,99.99,99.99,99.99,99.99,0.02,99.99,0.04,99.99,5.0,,,99.99,0.0,0.0,0.0,2021-01-18,118.0,0.04,,,0.01,0.05,,2020-09-22,1000.0,SUR,,,0.0402,,RUB,3
TQCB,2020-09-22,ГТЛК БО-04,RU000A0JVA10,14.0,30594454.0,103.06,103.75,103.71,103.71,2.62,103.72,6.75,103.7,29498.0,103.72,103.72,103.71,30594454.0,30594454.0,30594454.0,2025-03-06,973.0,6.75,,,7.98,19.9,2023-09-07,2020-09-22,1000.0,SUR,,6.7191,,2023-09-12,RUB,3
TQCB,2020-09-22,ОткрФКББ09,RU000A0JVBN2,1.0,19200.0,96.0,96.0,96.0,96.0,,96.0,,96.0,20.0,,,96.0,0.0,0.0,0.0,2021-03-26,,,,,0.1,0.5,,2020-09-22,1000.0,SUR,,,,,RUB,3
TQCB,2020-09-22,ОткрФКББ14,RU000A0JVBS1,1.0,969.6,96.96,96.96,96.96,96.96,0.03,96.96,4.72,96.96,1.0,,96.46,96.96,0.0,1311835.3,0.0,2021-05-26,246.0,4.72,,,0.01,0.05,,2020-09-22,1000.0,SUR,,,,,RUB,3
TQCB,2020-09-22,РусГидро09,RU000A0JVD25,4.0,5285.5,104.75,106.26,105.94,105.94,31.64,105.71,5.07,105.8,5.0,,104.58,105.94,0.0,504092.7,0.0,2025-04-15,848.0,5.16,,,7.5,37.4,2023-04-18,2020-09-22,1000.0,SUR,,5.0457,,2023-04-21,RUB,3
TQRD,2020-09-22,ОткрХОЛБО2,RU000A0JVDR9,7.0,893.5,2.4,2.99,2.99,2.99,0.04,2.48,59.04,2.4,36.0,,,2.99,0.0,0.0,0.0,2028-04-20,2749.0,63.03,,,0.01,0.05,,2020-09-22,1000.0,SUR,,,,,RUB,3
TQIR,2020-09-22,Финанс-М 1,RU000A0JVE65,2.0,810.1,40.01,41.0,41.0,41.0,13.56,40.51,,40.01,2.0,,40.71,41.0,0.0,502812.4,0.0,2030-06-12,92.0,,,,5.5,27.42,2020-12-23,2020-09-22,1000.0,SUR,,,,,RUB,3
TQCB,2020-09-22,КОМИ 12 об,RU000A0JVKF9,12.0,28578.52,103.25,103.95,103.52,103.54,6.3,103.55,5.01,103.95,69.0,,103.86,103.54,0.0,500205.04,0.0,2021-06-23,200.0,4.96,,,11.5,22.94,,2020-09-22,400.0,SUR,,,,,RUB,3
TQCB,2020-09-22,Оренб35003,RU000A0JVM81,73.0,498826.4,123.22,124.7,124.44,124.44,28.77,124.09,4.54,123.22,402.0,,124.09,124.44,0.0,505062.9,0.0,2025-07-03,870.0,4.67,,,14.0,34.9,,2020-09-22,1000.0,SUR,,,,,RUB,3
TQCB,2020-09-22,ПолюсБ2,RU000A0JVM99,8.0,124366.2,105.09,105.51,105.51,105.51,24.86,105.4,4.93,105.49,118.0,,105.46,105.51,0.0,507241.6,0.0,2025-07-03,279.0,5.07,,,12.1,60.33,2021-07-08,2020-09-22,1000.0,SUR,,4.8051,,2021-07-15,RUB,3
TQCB,2020-09-22,ПолюсБ3,RU000A0JVMB4,11.0,141986.1,103.99,105.78,105.78,105.78,24.86,104.4,4.59,105.58,136.0,,105.77,105.78,0.0,544730.4,0.0,2025-07-03,279.0,6.37,,,12.1,60.33,2021-07-08,2020-09-22,1000.0,SUR,,4.4708,,2021-07-15,RUB,3
TQCB,2020-09-22,ПолюсБ1,RU000A0JVMD0,11.0,18004.9,105.71,105.94,105.91,105.91,24.86,105.91,4.43,105.71,17.0,,105.64,105.91,0.0,516591.9,0.0,2025-07-03,279.0,4.43,,,12.1,60.33,2021-07-08,2020-09-22,1000.0,SUR,,4.3106,,2021-07-15,RUB,3
TQCB,2020-09-22,Лента БО-3,RU000A0JVP05,1.0,10100.0,101.0,101.0,101.0,101.0,10.73,101.0,4.35,101.0,10.0,,101.01,101.0,0.0,796934.1,0.0,2025-07-24,128.0,4.35,,,7.25,36.15,2021-01-28,2020-09-22,1000.0,SUR,,4.1841,,2021-02-01,RUB,3
TQRD,2020-09-22,ОткрХОЛБО1,RU000A0JVPJ0,8.0,517.0,4.0,5.1,5.1,5.1,,4.7,,5.1,11.0,,10.13,5.1,0.0,516210.0,0.0,2025-08-05,,,,,0.01,0.05,,2020-09-22,1000.0,SUR,,,,,RUB,3
TQCB,2020-09-22,ЕвропланБ2,RU000A0JVQT7,2.0,34631.6,101.8,102.29,102.29,102.29,6.83,101.86,6.14,101.8,34.0,,102.12,102.29,0.0,601457.8,0.0,2021-08-23,324.0,6.64,,,8.6,21.44,,2020-09-22,1000.0,SUR,,,,,RUB,3
TQCB,2020-09-22,РОССИУМ 01,RU000A0JVT43,4.0,47010.0,100.0,100.05,100.0,100.0,0.17,100.02,6.35,100.05,47.0,,,100.0,0.0,0.0,0.0,2025-09-15,181.0,6.3,,,6.25,31.16,2021-03-22,2020-09-22,1000.0,SUR,,,,,RUB,3
TQCB,2020-09-22,ВлгОб35006,RU000A0JVU65,12.0,7354.28,100.66,100.79,100.69,100.69,1.7,100.74,4.92,100.79,73.0,,100.78,100.69,0.0,775270.28,0.0,2020-10-30,38.0,4.42,,,11.74,2.93,,2020-09-22,100.0,SUR,,,4.6887,,RUB,3
TQCB,2020-09-22,Новсиб 7об,RU000A0JVUD3,13.0,3900816.44,105.76,106.47,106.47,106.47,16.98,106.0,3.95,105.77,6691.0,106.0,106.0,106.47,3900816.44,3900816.44,3900816.44,2022-10-10,270.0,4.56,,,12.66,17.36,,2020-09-22,550.0,SUR,,,,,RUB,3
TQCB,2020-09-22,Хакас2015,RU000A0JVUH4,20.0,545751.12,100.31,100.4,100.39,100.39,4.9,100.4,4.32,100.31,2718.0,100.4,100.4,100.39,545751.12,545751.12,545751.12,2020-10-11,19.0,4.12,,,12.25,6.18,,2020-09-22,200.0,SUR,,,4.0148,,RUB,3
TQCB,2020-09-22,СистемБ1P1,RU000A0JVUK8,6.0,6319.9,104.93,105.57,105.54,105.54,44.88,105.33,6.0,104.93,6.0,,105.66,105.54,0.0,2378403.0,0.0,2025-09-30,513.0,6.14,,,9.75,48.62,2022-04-05,2020-09-22,1000.0,SUR,,5.9571,,2022-04-08,RUB,3
TQCB,2020-09-22,ВымпелКБО3,RU000A0JVUP7,5.0,19795.0,98.01,100.0,98.01,98.14,4.52,98.98,59.43,99.75,20.0,,98.88,98.14,0.0,509211.4,0.0,2025-10-03,17.0,27.48,,,1.0,4.99,2020-10-09,2020-09-22,1000.0,SUR,,40.4403,,2020-10-14,RUB,3
TQCB,2020-09-22,Мордовия02,RU000A0JVV49,14.0,213862.8,100.5,100.55,100.54,100.54,7.8,100.55,4.3,100.52,709.0,,100.62,100.54,0.0,610641.75,0.0,2020-10-14,22.0,4.12,,,13.75,10.28,,2020-09-22,300.0,SUR,,,4.02,,RUB,3
TQCB,2020-09-22,iРОСНАНО 6,RU000A0JVVA7,15.0,241418.0,112.6,114.0,112.6,112.6,54.45,113.34,5.98,114.0,213.0,,113.52,112.6,0.0,502906.8,0.0,2022-10-13,658.0,5.62,,,12.5,62.33,,2020-09-22,1000.0,SUR,,,,,RUB,3
TQCB,2020-09-22,Волгогр 08,RU000A0JVVR1,17.0,1229861.36,100.57,100.63,100.63,100.63,3.41,100.63,4.69,100.62,6111.0,100.63,100.63,100.63,1229861.36,1229861.36,1229861.36,2020-10-19,27.0,4.69,,,13.53,5.41,,2020-09-22,200.0,SUR,,,4.4239,,RUB,3
TQCB,2020-09-22,РЖД БО-02,RU000A0JVW71,1.0,1020.0,102.0,102.0,102.0,102.0,29.98,102.0,6.25,102.0,1.0,,102.79,102.0,0.0,1652905.6,0.0,2025-10-16,698.0,6.25,,,7.2,35.9,2022-10-20,2020-09-22,1000.0,SUR,,6.186,,2022-10-27,RUB,3
TQCB,2020-09-22,РСХБ БО9,RU000A0JVWB3,1.0,10345.0,103.45,103.45,103.45,103.45,11.51,103.45,5.67,103.45,10.0,,102.68,103.45,0.0,30959560.7,0.0,2025-10-17,861.0,5.67,,,7.0,17.45,2023-04-21,2020-09-22,1000.0,SUR,,5.6387,,2023-04-25,RUB,3
TQCB,2020-09-22,ГТЛК БО-05,RU000A0JVWD9,2.0,109890.0,111.0,111.0,111.0,111.0,18.08,111.0,7.17,111.0,99.0,,111.56,111.0,0.0,534396.1,0.0,2025-10-17,962.0,7.17,,,11.0,27.42,2023-10-20,2020-09-22,1000.0,SUR,,7.139,,2023-10-25,RUB,3
TQCB,2020-09-22,ГТЛК БО-06,RU000A0JVWJ6,1.0,1004.8,100.48,100.48,100.48,100.48,14.8,100.48,4.18,100.48,1.0,99.83,99.87,100.48,1094149.8,989664.3,1094149.8,2025-10-20,34.0,4.18,,,9.48,23.64,2020-10-26,2020-09-22,1000.0,SUR,,3.7241,,2020-10-29,RUB,3
TQCB,2020-09-22,ОГК2 Б1P1R,RU000A0JVYN4,10.0,1295978.6,100.21,100.25,100.24,100.24,23.99,100.23,5.33,100.23,1293.0,100.23,100.23,100.24,1295978.6,1295978.6,1295978.6,2020-11-17,56.0,5.4,,,6.95,34.65,,2020-09-22,1000.0,SUR,,,5.1237,,RUB,3
TQCB,2020-09-22,ОГК2 Б1P2R,RU000A0JVYP9,3.0,160384.0,100.24,100.24,100.24,100.24,23.99,100.24,5.33,100.24,160.0,,100.26,100.24,0.0,634629.1,0.0,2020-11-17,56.0,5.33,,,6.95,34.65,,2020-09-22,1000.0,SUR,,,5.1237,,RUB,3
TQCB,2020-09-22,КАМАЗ БО-4,RU000A0JVZC4,2.0,12066.0,100.55,100.55,100.55,100.55,25.15,100.55,4.31,100.55,12.0,100.61,100.61,100.55,781731.9,769681.7,781731.9,2020-11-23,62.0,4.31,,,7.65,38.15,,2020-09-22,1000.0,SUR,,,4.1632,,RUB,3
TQCB,2020-09-22,ПКТ 01,RU000A0JW0S4,6.0,131810.1,101.1,103.5,102.0,102.0,35.17,101.39,4.14,101.11,130.0,,101.16,102.0,0.0,970160.5,0.0,2025-12-09,84.0,6.83,,,13.1,65.32,2020-12-15,2020-09-22,1000.0,SUR,,3.9578,,2020-12-18,RUB,3
TQCB,2020-09-22,АтомэнпБО8,RU000A0JW175,30.0,611110.0,110.0,112.3,111.68,111.68,28.89,111.52,8.47,111.5,548.0,111.52,111.52,111.68,611110.0,611110.0,611110.0,2025-12-12,1485.0,8.5,,,11.1,55.35,,2020-09-22,1000.0,SUR,,,,,RUB,3
TQCB,2020-09-22,ТомскОб 55,RU000A0JW1K9,6.0,12424.74,110.4,110.45,110.4,110.4,0.2,110.44,3.71,110.43,15.0,,110.15,110.4,0.0,532036.55,0.0,2023-06-19,597.0,3.69,,,9.9,18.51,,2020-09-22,750.0,SUR,,,,,RUB,3
TQCB,2020-09-22,ГТЛК БО-07,RU000A0JW1P8,4.0,29193.3,100.55,100.68,100.67,100.67,0.0,100.67,5.51,100.55,29.0,,100.49,100.67,0.0,788862.3,0.0,2025-12-16,91.0,5.51,,,8.15,20.32,2020-12-22,2020-09-22,1000.0,SUR,,5.2708,,2020-12-25,RUB,3
TQCB,2020-09-22,НорНик БО5,RU000A0JW5C7,91.0,1607777.5,115.65,116.65,115.95,115.95,12.39,115.83,8.05,116.65,1388.0,115.83,115.83,115.95,1607777.5,1607777.5,1607777.5,2026-02-06,1534.0,8.08,,,11.6,57.84,,2020-09-22,1000.0,SUR,,,,,RUB,3
TQCB,2020-09-22,ПКТ 02,RU000A0JW5E3,3.0,5150.0,103.0,103.0,103.0,103.0,14.0,103.0,5.24,103.0,5.0,,103.27,103.0,0.0,550408.0,0.0,2026-02-06,143.0,5.24,,,13.1,65.32,2021-02-12,2020-09-22,1000.0,SUR,,5.0334,,2021-02-17,RUB,3
TQCB,2020-09-22,МЕТАЛИНБ08,RU000A0JWBE9,5.0,5162365.6,101.36,103.2,103.2,103.2,0.0,103.0,4.4,103.0,5012.0,103.1,103.0,103.2,6122135.1,5169591.6,6122135.1,2026-03-17,182.0,4.81,,,10.95,54.6,2021-03-23,2020-09-22,1000.0,SUR,,4.3105,,2021-03-26,RUB,3
TQCB,2020-09-22,МЕТАЛИНБ02,RU000A0JWBF6,12.0,5367019.5,101.35,103.2,103.2,102.89,0.0,103.04,4.4,101.35,5211.0,102.99,102.99,102.89,5367019.5,5367019.5,5367019.5,2026-03-17,182.0,4.73,,,10.95,54.6,2021-03-23,2020-09-22,1000.0,SUR,,4.3105,,2021-03-26,RUB,3
TQCB,2020-09-22,ЕврХол1P1R,RU000A0JWBH2,41.0,353109.0,103.51,103.66,103.55,103.55,0.0,103.55,5.32,103.65,341.0,,103.59,103.55,0.0,536582.7,0.0,2021-03-23,182.0,5.32,,,12.6,62.83,,2020-09-22,1000.0,SUR,,,5.2236,,RUB,3
TQCB,2020-09-22,СИБУРХол10,RU000A0JWBK6,9.0,16486.9,102.71,103.09,103.09,103.09,0.0,103.04,4.18,102.71,16.0,,103.15,103.09,0.0,513686.0,0.0,2026-03-17,182.0,4.29,,,10.5,52.36,2021-03-23,2020-09-22,1000.0,SUR,,4.0943,,2021-03-26,RUB,3
TQCB,2020-09-22,ПКТ 03,RU000A0JWBP5,12.0,5830202.3,102.71,104.0,104.0,104.0,61.99,103.1,4.35,103.3,5643.0,103.32,103.32,104.0,5830202.3,5830202.3,5830202.3,2026-03-18,173.0,6.19,,,12.5,62.33,2021-03-24,2020-09-22,1000.0,SUR,,17.5194,,2021-03-29,RUB,3
TQCB,2020-09-22,ТМК БО-5,RU000A0JWCM0,6.0,6577759.5,100.07,100.21,100.21,100.21,41.18,100.21,3.45,100.07,6564.0,100.21,100.21,100.21,6630866.9,6593788.5,6630866.9,2026-04-01,15.0,3.45,,,9.0,44.88,2020-10-07,2020-09-22,1000.0,SUR,,2.3183,,2020-10-13,RUB,3
TQIR,2020-09-22,ИнДевелБО1,RU000A0JWCW9,1.0,3710.69,99.9,99.9,99.9,99.9,38.85,99.9,11.79,99.9,4.0,,,99.9,0.0,0.0,0.0,2026-04-02,16.0,11.79,,,9.2,42.6,2020-10-08,2020-09-22,928.6,SUR,,7.646,,2020-10-15,RUB,3
TQCB,2020-09-22,ОДК 02,RU000A0JWDA3,1.0,106000.0,106.0,106.0,106.0,106.0,40.26,106.0,6.33,106.0,100.0,,104.75,106.0,0.0,509086.2,0.0,2023-04-17,830.0,6.33,,,8.8,43.88,,2020-09-22,1000.0,SUR,,,,,RUB,3
TQCB,2020-09-22,РУСАЛБрБ01,RU000A0JWDN6,12.0,102319.4,96.49,96.61,96.49,96.49,0.04,96.53,6.68,96.61,106.0,,96.4,96.49,0.0,628528.6,0.0,2026-04-07,203.0,6.6,,,0.01,0.05,2021-04-13,2020-09-22,1000.0,SUR,,6.58,,2021-04-15,RUB,3
TQCB,2020-09-22,ТранснфБО5,RU000A0JWEB9,2.0,2061.3,102.6,103.53,103.53,103.53,44.0,103.07,3.69,102.6,2.0,,103.13,103.53,0.0,505337.3,0.0,2026-04-09,196.0,4.52,,,10.1,50.36,2021-04-15,2020-09-22,1000.0,SUR,,3.6,,2021-04-19,RUB,3
TQCB,2020-09-22,ПромсвбБП1,RU000A0JWEU9,4.0,25578.8,102.2,102.55,102.2,102.2,43.1,102.32,6.24,102.31,25.0,,102.6,102.2,0.0,575585.2,0.0,2021-04-19,200.0,6.02,,,10.15,50.61,,2020-09-22,1000.0,SUR,,,,,RUB,3
TQCB,2020-09-22,МиратФБО-6,RU000A0JWF22,24.0,248913.4,101.87,102.15,102.03,102.04,38.06,102.01,5.66,102.14,244.0,,101.7,102.04,0.0,525789.3,0.0,2021-04-23,205.0,5.7,,,9.2,45.87,,2020-09-22,1000.0,SUR,,,,,RUB,3
TQCB,2020-09-22,АбсолютБC1,RU000A0JWF71,3.0,6216.2,102.02,104.0,104.0,104.0,59.99,103.6,10.73,102.02,6.0,,,104.0,0.0,0.0,0.0,2021-10-22,360.0,11.15,,,14.5,72.3,,2020-09-22,1000.0,SUR,,,,,RUB,3
TQCB,2020-09-22,ИКС5ФинБО6,RU000A0JWG05,14.0,2326856.5,104.7,105.5,105.5,105.5,33.57,105.48,5.7,104.7,2206.0,105.48,105.48,105.5,2326856.5,2326856.5,2326856.5,2023-04-27,697.0,5.71,,,8.45,42.13,2022-10-27,2020-09-22,1000.0,SUR,,5.6658,,2022-10-31,RUB,3
TQCB,2020-09-22,БашнфтБО6,RU000A0JWGC2,24.0,2237088.9,107.04,107.41,107.4,107.4,41.51,107.4,9.1,107.04,2083.0,107.4,107.4,107.4,2237088.9,2237088.9,2237088.9,2026-04-29,1328.0,9.1,,,10.9,54.35,2025-04-30,2020-09-22,1000.0,SUR,,9.0612,,2025-05-07,RUB,3
TQCB,2020-09-22,БашнфтБО8,RU000A0JWGD0,2.0,2202.6,107.77,112.49,112.49,112.49,41.51,110.13,7.77,107.77,2.0,,112.57,112.49,0.0,504311.6,0.0,2026-04-29,1333.0,8.38,,,10.9,54.35,2025-04-30,2020-09-22,1000.0,SUR,,7.7409,,2025-05-07,RUB,3
TQCB,2020-09-22,Якут-08 об,RU000A0JWGT6,6.0,149193.86,102.45,102.65,102.6,102.6,5.2,102.64,4.81,102.56,323.0,102.65,102.65,102.6,6015179.44,6015179.44,6015179.44,2021-05-18,172.0,4.72,,,10.29,11.54,,2020-09-22,450.0,SUR,,,,,RUB,3
TQCB,2020-09-22,ЯрОбл 2016,RU000A0JWHN7,9.0,175289.8,106.42,107.39,107.3,107.3,6.14,106.56,5.41,106.42,235.0,,107.36,107.3,0.0,508025.35,0.0,2023-05-19,560.0,5.89,,,10.0,17.45,,2020-09-22,700.0,SUR,,,,,RUB,3
TQCB,2020-09-22,РЖД БО-17,RU000A0JWHU2,3.0,7399.0,110.0,126.0,126.0,126.0,33.19,123.32,6.54,110.0,6.0,,123.69,126.0,0.0,3636589.3,0.0,2041-04-26,2569.0,6.85,,,9.85,49.12,2031-05-09,2020-09-22,1000.0,SUR,,6.5304,,2031-05-14,RUB,3
TQCB,2020-09-22,Новсиб 8об,RU000A0JWHW8,3.0,13120.96,108.51,111.0,111.0,111.0,14.66,109.34,5.67,108.52,15.0,,110.53,111.0,0.0,510187.2,0.0,2026-05-28,928.0,6.28,,,10.45,21.07,,2020-09-22,800.0,SUR,,,,,RUB,3
TQCB,2020-09-22,ГазпрнефБ3,RU000A0JWK41,2.0,11403.4,98.34,104.2,104.2,104.2,23.36,103.67,6.55,98.34,11.0,106.01,106.35,104.2,929679.7,500885.7,929679.7,2046-05-03,1174.0,6.72,,,7.75,38.64,2024-05-30,2020-09-22,1000.0,SUR,,6.5273,,2024-06-03,RUB,3
TQCB,2020-09-22,ОДК 01,RU000A0JWK74,4.0,17009.1,103.31,116.9,116.9,116.9,32.1,113.39,7.22,103.31,15.0,,116.74,116.9,0.0,602396.8,0.0,2026-06-10,1601.0,7.95,,,10.75,53.6,,2020-09-22,1000.0,SUR,,,,,RUB,3
TQCB,2020-09-22,ЯмалСтИн 1,RU000A0JWKL5,1.0,1090.0,109.0,109.0,109.0,109.0,35.14,109.0,-1.1,109.0,1.0,,105.72,109.0,0.0,510619.9,0.0,2021-04-24,202.0,-1.1,,,14.25,35.53,,2020-09-22,1000.0,SUR,,,,,RUB,3
TQRD,2020-09-22,СТТ 01,RU000A0JWKY8,7.0,2696.8,19.0,19.94,19.0,19.0,43.78,19.26,,19.94,14.0,,19.56,19.0,0.0,501483.5,0.0,2021-06-20,88.0,,,,17.0,84.77,2020-12-19,2020-09-22,1000.0,SUR,,44590.3049,,2020-12-23,RUB,3
TQCB,2020-09-22,НижгорОб11,RU000A0JWLD0,6.0,33194.8,106.0,107.24,107.24,107.24,19.38,107.08,5.14,106.0,31.0,,107.18,107.24,0.0,508042.2,0.0,2023-06-22,500.0,5.25,,,10.25,25.55,,2020-09-22,1000.0,SUR,,,,,RUB,3
TQCB,2020-09-22,ЛнССМУБ1P1,RU000A0JWLG3,84.0,9640606.7,102.2,102.9,102.5,102.5,0.55,102.5,6.77,102.2,27663.0,102.5,102.5,102.5,9640606.7,9640606.7,9640606.7,2021-06-17,177.0,6.77,,,11.85,10.04,,2020-09-22,340.0,SUR,,,,,RUB,3
TQIR,2020-09-22,РСГ-ФинБ10,RU000A0JWLJ7,4.0,29108.4,103.95,103.99,103.95,103.95,37.74,103.96,8.97,103.99,28.0,,103.91,103.95,0.0,533043.4,0.0,2021-06-18,257.0,8.95,,,14.5,72.3,,2020-09-22,1000.0,SUR,,,,,RUB,3
TQCB,2020-09-22,ТинькоффБ7,RU000A0JWM31,6.0,20378.5,101.73,101.98,101.89,101.89,18.04,101.89,4.85,101.98,20.0,,101.96,101.89,0.0,501626.2,0.0,2021-06-24,269.0,4.85,,,7.4,36.9,,2020-09-22,1000.0,SUR,,,,,RUB,3
TQCB,2020-09-22,АВТОБАН-Ф1,RU000A0JWM49,10.0,84447.1,102.86,103.0,103.0,103.0,26.82,102.98,6.92,103.0,82.0,,103.0,103.0,0.0,508797.7,0.0,2021-06-24,266.0,6.95,,,11.0,54.85,,2020-09-22,1000.0,SUR,,,,,RUB,3
TQCB,2020-09-22,СамарОбл12,RU000A0JWM56,9.0,271374.2,107.71,108.58,108.58,108.57,23.24,108.55,5.75,108.53,250.0,,108.58,108.57,0.0,23740822.9,0.0,2024-06-21,759.0,5.76,,,9.64,24.03,,2020-09-22,1000.0,SUR,,,,,RUB,3
TQCB,2020-09-22,МОСТРЕСТ 7,RU000A0JWN63,6.0,418992.3,103.06,103.27,103.2,103.2,17.74,103.2,7.44,103.06,406.0,,103.14,103.2,0.0,645666.6,0.0,2026-07-07,612.0,7.44,,,9.25,46.12,2022-07-12,2020-09-22,1000.0,SUR,,7.4085,,2022-07-14,RUB,3
TQCB,2020-09-22,МОСТРЕСТ 8,RU000A0JWN89,9.0,410326.0,102.0,103.95,103.95,103.94,14.66,102.58,6.46,102.0,400.0,102.75,102.72,103.94,1509461.1,509471.0,1509461.1,2026-07-29,307.0,8.13,,,11.15,55.6,2021-08-04,2020-09-22,1000.0,SUR,,6.395,,2021-08-06,RUB,3
TQOD,2020-09-22,ВЭБ ПБО1Р3,RU000A0JWNE4,18.0,63181.46,101.6013,102.045,101.95,101.9573,9.13,101.9056,2.45,101.6013,62.0,101.9056,101.9056,101.9573,4804198.16,4804198.16,4804198.16,2021-07-15,292.0,2.51,,,4.9,24.43,,2020-09-22,1000.0,USD,,,,,USD,3
TQCB,2020-09-22,ПИК БО-7,RU000A0JWP46,29.0,208689.6,102.36,102.9,102.88,102.88,12.63,102.8,7.12,102.36,203.0,,102.78,102.88,0.0,530336.2,0.0,2026-07-24,632.0,7.17,,,8.7,43.38,2022-07-29,2020-09-22,1000.0,SUR,,7.0634,,2022-08-03,RUB,3
TQCB,2020-09-22,Совком БО3,RU000A0JWPA7,5.0,190268.5,101.94,102.35,102.35,102.35,12.34,102.29,5.69,102.35,186.0,,102.34,102.35,0.0,764486.5,0.0,2021-07-30,304.0,5.76,,,8.5,42.38,,2020-09-22,1000.0,SUR,,,,,RUB,3
TQCB,2020-09-22,ИКС5ФинБО7,RU000A0JWPL4,1.0,20800.0,104.0,104.0,104.0,104.0,11.48,104.0,5.52,104.0,20.0,,104.37,104.0,0.0,3497490.6,0.0,2023-08-01,475.0,5.52,,,8.55,42.63,2022-02-01,2020-09-22,1000.0,SUR,,5.4886,,2022-02-03,RUB,3
TQCB,2020-09-22,ТрнфБО1P3,RU000A0JWPW1,6.0,17383554.5,107.46,110.4,110.4,110.4,12.17,110.4,5.54,107.46,15746.0,110.4,110.4,110.4,17599012.6,17599012.6,17599012.6,2023-08-03,936.0,5.54,,,9.45,47.12,,2020-09-22,1000.0,SUR,,,,,RUB,3
TQCB,2020-09-22,ТКБ-С04,RU000A0JWQ45,16.0,100662.6,104.11,106.99,105.01,105.01,14.79,104.86,11.3,106.99,96.0,,106.58,105.01,0.0,545685.1,0.0,2022-02-14,474.0,11.42,,,15.0,74.79,,2020-09-22,1000.0,SUR,,,,,RUB,3
TQCB,2020-09-22,ГазпрнефБ4,RU000A0JWRF2,1.0,1010.1,101.01,101.01,101.01,101.01,7.21,101.01,8.39,101.01,1.0,104.56,104.54,101.01,532230.0,501809.0,532230.0,2046-07-24,328.0,8.39,,,9.4,46.87,2021-08-24,2020-09-22,1000.0,SUR,,8.3148,,2021-08-26,RUB,3
TQCB,2020-09-22,МТС БО-02,RU000A0JWRV9,2.0,2015.5,100.75,100.8,100.75,100.78,5.14,100.78,5.77,100.8,2.0,,100.79,100.78,0.0,540240.4,0.0,2031-08-15,157.0,5.69,,,7.5,37.4,2021-02-26,2020-09-22,1000.0,SUR,,5.553,,2021-03-03,RUB,3
TQCB,2020-09-22,ТранснфБО6,RU000A0JWS92,1.0,1049.3,104.93,104.93,104.93,104.93,5.35,104.93,6.65,104.93,1.0,,107.55,104.93,0.0,107639863.0,0.0,2026-08-25,661.0,6.65,,,9.3,46.37,2022-08-30,2020-09-22,1000.0,SUR,,6.6197,,2022-09-01,RUB,3
TQCB,2020-09-22,Мордовия03,RU000A0JWSQ7,132.0,2417335.72,105.31,105.58,105.54,105.54,2.31,105.52,5.76,105.58,5727.0,105.52,105.52,105.54,2417335.72,2417335.72,2417335.72,2021-09-03,331.0,5.78,,,11.7,11.67,,2020-09-22,400.0,SUR,,,,,RUB,3
TQCB,2020-09-22,ГТЛК БО-08,RU000A0JWST1,5.0,744348.7,104.65,104.98,104.65,104.65,4.26,104.84,6.11,104.96,710.0,104.8,104.82,104.65,776568.3,756802.1,776568.3,2026-09-01,341.0,5.9,,,11.1,55.35,2021-09-07,2020-09-22,1000.0,SUR,,6.0399,,2021-09-10,RUB,3
TQCB,2020-09-22,ТамбовОбл2,RU000A0JWT75,2.0,11000.0,106.0,114.0,106.0,106.0,23.67,110.0,5.89,114.0,10.0,,107.95,106.0,0.0,518137.6,0.0,2023-09-20,570.0,3.44,,,9.6,23.93,,2020-09-22,1000.0,SUR,,,,,RUB,3
TQCB,2020-09-22,Удмурт2016,RU000A0JWT91,11.0,351192.0,121.25,122.55,121.75,121.75,25.15,122.37,6.01,122.24,287.0,,122.31,121.75,0.0,508789.1,0.0,2026-09-19,1566.0,5.89,,,10.55,26.3,,2020-09-22,1000.0,SUR,,,,,RUB,3
TQCB,2020-09-22,ПочтаРосБ3,RU000A0JWTL6,2.0,14427.0,103.05,103.05,103.05,103.05,1.03,103.05,6.46,103.05,14.0,,105.64,103.05,0.0,33064034.2,0.0,2026-09-10,995.0,6.46,,,7.5,37.4,2023-09-14,2020-09-22,1000.0,SUR,,6.4266,,2023-09-19,RUB,3
TQCB,2020-09-22,Ростел1P1R,RU000A0JWTN2,6.0,7304.1,103.4,104.86,104.86,104.86,1.0,104.34,6.0,103.99,7.0,,105.99,104.86,0.0,18192449.7,0.0,2026-09-10,1288.0,6.15,,,7.3,36.4,2024-09-12,2020-09-22,1000.0,SUR,,,,,RUB,3
TQCB,2020-09-22,ЛСР БО 1Р1,RU000A0JWU98,42.0,1670362.84,102.85,103.15,103.0,103.0,15.9,103.01,6.76,102.94,4054.0,103.01,103.01,103.0,1670362.84,1670362.84,1670362.84,2021-09-22,122.0,6.75,,,10.75,16.08,,2020-09-22,600.0,SUR,,,,,RUB,3
TQCB,2020-09-22,СберБ БО37,RU000A0JWUE9,15.0,4771818.2,104.1,104.27,104.27,104.27,44.6,104.14,4.96,104.27,4582.0,104.14,104.14,104.27,4771818.2,4771818.2,4771818.2,2021-09-30,350.0,5.09,,,9.25,46.63,,2020-09-22,1000.0,SUR,,,,,RUB,3
TQCB,2020-09-22,РСХБ 08Т1,RU000A0JWV63,105.0,3418301.6,128.82,129.8,128.99,128.94,67.93,128.99,8.22,129.8,2650.0,128.99,128.99,128.94,3418301.6,3418301.6,3418301.6,,1546.0,8.22,,,14.25,71.05,2026-09-23,2020-09-22,1000.0,SUR,,,,,RUB,3
TQCB,2020-09-22,Акрон Б1P1,RU000A0JWV89,1.0,1001.0,100.1,100.1,100.1,100.1,45.26,100.1,4.86,100.1,1.0,100.71,100.71,100.1,562966.8,507570.8,562966.8,2026-09-24,9.0,4.86,,,9.55,47.62,2020-10-01,2020-09-22,1000.0,SUR,,2.7972,,2020-10-06,RUB,3
TQCB,2020-09-22,ТрнфБО1P4,RU000A0JWVC1,4.0,5425.0,102.4,110.03,110.03,110.03,44.08,108.5,4.11,102.4,5.0,,107.43,110.03,0.0,4519426.4,0.0,2022-09-29,664.0,4.88,,,9.3,46.37,,2020-09-22,1000.0,SUR,,,,,RUB,3
TQCB,2020-09-22,ЕвропланБ7,RU000A0JWVL2,1.0,1023.9,102.39,102.39,102.39,102.39,39.12,102.39,6.16,102.39,1.0,,102.03,102.39,0.0,1002966168.4,0.0,2026-09-29,356.0,6.16,,,8.5,42.38,2021-10-05,2020-09-22,1000.0,SUR,,6.1001,,2021-10-08,RUB,3
TQCB,2020-09-22,ПКБ БО-01,RU000A0JWWG0,107.0,3987546.4,100.65,100.85,100.78,100.78,13.77,100.77,14.19,100.85,7914.0,100.77,100.77,100.78,3987546.4,3987546.4,3987546.4,2021-10-15,194.0,14.21,,,15.0,18.7,,2020-09-22,500.0,SUR,,,,,RUB,3
TQCB,2020-09-22,РГ Лиз 01,RU000A0JWWX5,1.0,2000.0,100.0,100.0,100.0,100.0,37.48,100.0,9.03,100.0,2.0,,100.13,100.0,0.0,504670.2,0.0,2021-10-21,30.0,9.03,,,9.0,44.88,2020-10-22,2020-09-22,1000.0,SUR,,,,,RUB,3
TQCB,2020-09-22,КрасЯрКр12,RU000A0JWXF0,9.0,32291629.6,106.45,107.79,106.45,106.45,39.0,106.45,5.45,106.74,30335.0,106.45,106.45,106.45,32301231.9,32299101.4,32301231.9,2023-10-25,533.0,5.45,,,9.75,48.62,,2020-09-22,1000.0,SUR,,,,,RUB,3
TQCB,2020-09-22,Хакас2016,RU000A0JWXQ7,105.0,2671632.5,110.4,111.28,110.67,110.6,17.31,110.54,6.57,111.25,2417.0,110.54,110.54,110.6,2671632.5,2671632.5,2671632.5,2023-11-02,714.0,6.63,,,11.7,29.17,,2020-09-22,1000.0,SUR,,,,,RUB,3
TQCB,2020-09-22,СтаврКрай3,RU000A0JWY29,1.0,8815.2,110.19,110.19,110.19,110.19,13.16,110.19,3.25,110.19,8.0,,109.51,110.19,0.0,502638.5,0.0,2023-11-07,555.0,3.25,,,9.8,24.43,,2020-09-22,1000.0,SUR,,,,,RUB,3
TQCB,2020-09-22,ПолиплБ03,RU000A0JWYK8,14.0,55584.4,98.55,99.51,99.1,99.1,24.4,99.26,14.61,98.93,56.0,,98.43,99.1,0.0,502014.5,0.0,2021-11-05,45.0,13.12,,,6.5,32.41,2020-11-06,2020-09-22,1000.0,SUR,,,,,RUB,3
TQCB,2020-09-22,СистемБ1P4,RU000A0JWYQ5,31.0,321052.1,100.52,100.66,100.64,100.64,36.78,100.64,4.39,100.52,319.0,,100.52,100.64,0.0,3393410.9,0.0,2026-10-30,45.0,4.39,,,9.8,48.87,2020-11-06,2020-09-22,1000.0,SUR,,3.8729,,2020-11-11,RUB,3
TQCB,2020-09-22,СвердлОб3,RU000A0JWZ77,2.0,5375.0,107.5,107.5,107.5,107.5,8.59,107.5,6.1,107.5,5.0,,108.13,107.5,0.0,1675973.7,0.0,2024-11-15,710.0,6.1,,,9.8,24.43,,2020-09-22,1000.0,SUR,,,,,RUB,3
TQCB,2020-09-22,СистемБ1P5,RU000A0JWZY6,5.0,12063.7,100.53,100.54,100.53,100.53,6.01,100.53,6.84,100.53,12.0,100.38,100.3,100.53,886320.9,623852.0,886320.9,2026-11-13,1112.0,6.84,,,6.85,17.08,2024-02-16,2020-09-22,1000.0,SUR,,6.812,,2024-02-21,RUB,3
TQCB,2020-09-22,Автодор1P1,RU000A0JX009,1.0,2020.0,101.0,101.0,101.0,101.0,34.54,101.0,3.85,101.0,2.0,100.85,100.85,101.0,15145672.2,15145672.2,15145672.2,2020-11-20,59.0,3.85,,,10.25,51.11,,2020-09-22,1000.0,SUR,,,3.7243,,RUB,3
TQCB,2020-09-22,МосОбл2016,RU000A0JX0B9,8.0,59493.9,107.99,108.34,108.34,108.33,7.4,108.17,5.41,108.0,55.0,,108.21,108.33,0.0,518319.8,0.0,2023-11-21,690.0,5.5,,,9.65,24.06,,2020-09-22,1000.0,SUR,,,,,RUB,3
TQCB,2020-09-22,ЯНАО-2016,RU000A0JX0Z8,12.0,65071.44,104.23,104.54,104.34,104.34,3.08,104.28,4.99,104.24,104.0,,104.42,104.34,0.0,598334.1,0.0,2023-12-06,359.0,5.05,,,9.37,14.02,,2020-09-22,600.0,SUR,,,,,RUB,3
TQCB,2020-09-22,РЖД-41 обл,RU000A0JX1S1,2.0,98623.1,102.01,102.74,102.74,102.74,18.77,102.73,5.38,102.01,96.0,102.74,102.74,102.74,13316380.6,13315356.1,13316380.6,2031-11-27,751.0,5.39,,,6.65,33.16,2022-12-08,2020-09-22,1000.0,SUR,,5.3521,,2022-12-12,RUB,3
TQCB,2020-09-22,ХМАО 10,RU000A0JX215,12.0,464550948.0,105.35,106.0,105.9,105.9,0.25,105.55,4.91,105.35,440124.0,105.55,105.55,105.9,464550948.0,464550948.0,464550948.0,2023-12-18,499.0,5.16,,,9.15,22.81,,2020-09-22,1000.0,SUR,,,,,RUB,3
TQCB,2020-09-22,КалинОбл16,RU000A0JX2S9,15.0,77350.9,105.61,105.99,105.97,105.97,1.15,105.96,4.6,105.61,73.0,,105.7,105.97,0.0,506319.0,0.0,2021-12-17,364.0,4.61,,,10.5,26.18,,2020-09-22,1000.0,SUR,,,,,RUB,3
TQCB,2020-09-22,ИркОбл2016,RU000A0JX314,9.0,18222.8,102.96,103.75,103.75,103.75,0.2,103.54,4.91,102.96,22.0,,103.9,103.75,0.0,520310.96,0.0,2021-12-25,311.0,5.16,,,9.25,18.45,,2020-09-22,800.0,SUR,,,,,RUB,3
TQCB,2020-09-22,Роснфт1P2,RU000A0JX355,4.0,8404.8,104.67,105.43,104.99,104.99,24.44,105.06,5.21,105.43,8.0,104.63,104.63,104.99,62794160.7,62794160.7,62794160.7,2026-12-11,428.0,5.16,,,9.39,46.82,2021-12-17,2020-09-22,1000.0,SUR,,5.1479,,2021-12-22,RUB,3
TQCB,2020-09-22,ЛидерИнБП1,RU000A0JX3A5,11.0,87403.5,100.25,100.5,100.5,100.5,19.82,100.46,5.9,100.49,87.0,,100.28,100.5,0.0,504415.6,0.0,2021-12-21,91.0,6.07,,,7.95,39.64,2020-12-22,2020-09-22,1000.0,SUR,,5.6523,,2020-12-25,RUB,3
TQCB,2020-09-22,АльфаБО-18,RU000A0JX5W4,24.0,551190.8,101.27,101.76,101.7,101.7,11.4,101.7,5.78,101.27,542.0,101.7,101.7,101.7,551190.8,551190.8,551190.8,2032-01-05,791.0,5.78,,,6.5,32.41,2023-01-16,2020-09-22,1000.0,SUR,,5.7617,,2023-01-18,RUB,3
TQCB,2020-09-22,ТрнфБО1P5,RU000A0JXC24,2.0,7840.0,112.0,112.0,112.0,112.0,13.43,112.0,5.35,112.0,7.0,,111.12,112.0,0.0,824528.0,0.0,2024-01-26,1075.0,5.35,,,9.25,46.12,,2020-09-22,1000.0,SUR,,,,,RUB,3
TQCB,2020-09-22,ГТЛК 1P-03,RU000A0JXE06,23.0,1200472.6,111.55,111.83,111.78,111.78,14.16,111.78,7.22,111.82,1074.0,111.78,111.78,111.78,1200472.6,1200472.6,1200472.6,2032-01-22,1041.0,7.22,,,11.0,27.42,2024-02-01,2020-09-22,1000.0,SUR,,7.1835,,2024-02-06,RUB,3
TQCB,2020-09-22,МТС 001P-1,RU000A0JXEV5,9.0,18936.4,105.1,105.29,105.28,105.28,11.34,105.2,5.01,105.1,18.0,,105.07,105.28,0.0,533746.0,0.0,2022-02-04,478.0,5.07,,,9.0,44.88,,2020-09-22,1000.0,SUR,,,,,RUB,3
TQCB,2020-09-22,ГазпромКБ5,RU000A0JXFS8,105.0,16479611.7,110.09,110.4,110.37,110.37,10.0,110.35,5.57,110.09,14934.0,110.35,110.35,110.37,16479611.7,16479611.7,16479611.7,2027-02-03,1090.0,5.57,,,8.9,44.38,2024-02-07,2020-09-22,1000.0,SUR,,5.5403,,2024-02-12,RUB,3
TQCB,2020-09-22,ЧТПЗ 1P2,RU000A0JXHE4,18.0,3095521.2,104.96,105.33,105.28,105.28,10.79,105.0,5.9,105.21,2948.0,105.0,105.0,105.28,3095521.2,3095521.2,3095521.2,2022-02-10,482.0,6.11,,,9.85,49.12,,2020-09-22,1000.0,SUR,,,,,RUB,3
TQCB,2020-09-22,ПИК БО-П01,RU000A0JXK40,167.0,7003338.3,99.1,99.4,99.36,99.36,3.87,99.28,7.31,99.14,7054.0,99.28,99.28,99.36,7003338.3,7003338.3,7003338.3,2022-02-25,157.0,7.51,,,5.65,28.17,2021-02-26,2020-09-22,1000.0,SUR,,,,,RUB,3
TQCB,2020-09-22,ИНГР БО-01,RU000A0JXLM9,1.0,7996.0,99.95,99.95,99.95,99.95,0.92,99.95,6.97,99.95,8.0,100.04,100.02,99.95,911361.0,504084.0,911361.0,2022-03-17,177.0,6.97,,,6.75,33.66,2021-03-18,2020-09-22,1000.0,SUR,,,,,RUB,3
TQCB,2020-09-22,ОткрФКБОП3,RU000A0JXLR8,1.0,5175.0,103.5,103.5,103.5,103.5,30.51,103.5,4.98,103.5,5.0,,101.03,103.5,0.0,510211.4,0.0,2023-04-10,849.0,4.98,,,6.4,32.26,,2020-09-22,1000.0,SUR,,,,,RUB,3
TQCB,2020-09-22,ТрнфБО1P6,RU000A0JXM97,49.0,652049.9,102.0,102.32,102.1,102.1,44.63,102.2,4.75,102.16,638.0,102.2,102.2,102.1,652049.9,652049.9,652049.9,2021-03-24,175.0,4.54,,,9.0,44.88,,2020-09-22,1000.0,SUR,,,,,RUB,3
TQRD,2020-09-22,СТТ 02,RU000A0JXMB0,4.0,1480.0,37.0,37.0,37.0,37.0,48.22,37.0,,37.0,4.0,,24.47,37.0,0.0,500004.7,0.0,2022-03-30,6.0,,,,10.0,49.86,2020-09-28,2020-09-22,1000.0,SUR,,121.4846,,2022-03-30,RUB,3
TQCB,2020-09-22,ЧТПЗ 1P3,RU000A0JXME4,29.0,2317507.5,109.76,110.18,109.76,109.87,23.65,109.94,6.71,110.18,2108.0,109.94,109.94,109.87,2317507.5,2317507.5,2317507.5,2024-03-21,1084.0,6.65,,,9.7,24.18,,2020-09-22,1000.0,SUR,,,,,RUB,3
TQCB,2020-09-22,МТС 001P-2,RU000A0JXMH7,43.0,421219.9,101.3,102.62,102.62,102.62,43.64,102.49,3.56,102.1,411.0,,102.45,102.62,0.0,504036.7,0.0,2021-03-25,176.0,3.82,,,8.85,44.13,,2020-09-22,1000.0,SUR,,,,,RUB,3
TQCB,2020-09-22,РСХБ БО 1P,RU000A0JXMQ8,173.0,89714952.8,100.05,100.2,100.07,100.07,46.59,100.08,-3.09,100.08,89644.0,100.08,100.08,100.07,89714952.8,89714952.8,89714952.8,2020-09-25,3.0,-4.76,,,9.5,47.37,,2020-09-22,1000.0,SUR,,,-2.0906,,RUB,3
TQCB,2020-09-22,РЖД Б01P1R,RU000A0JXN05,11.0,163959.0,108.31,108.6,108.59,108.59,26.7,108.58,5.29,108.31,151.0,,108.62,108.59,0.0,503984.2,0.0,2032-05-18,878.0,5.29,,,8.7,43.38,2023-05-30,2020-09-22,1000.0,SUR,,5.2689,,2023-06-02,RUB,3
TQIR,2020-09-22,РСГ-ФинБ7,RU000A0JXN13,2.0,351968.0,103.52,103.52,103.52,103.52,56.55,103.52,9.68,103.52,340.0,103.63,103.62,103.52,735749.9,710861.9,735749.9,2022-04-01,498.0,9.68,,,12.0,59.84,,2020-09-22,1000.0,SUR,,,,,RUB,3
TQCB,2020-09-22,СистемБ1P6,RU000A0JXN21,37.0,888626.0,103.5,103.99,103.96,103.96,41.94,103.57,6.23,103.58,858.0,103.57,103.57,103.96,888626.0,888626.0,888626.0,2027-03-26,512.0,6.5,,,8.9,44.38,2022-04-01,2020-09-22,1000.0,SUR,,6.1608,,2022-04-06,RUB,3
TQCB,2020-09-22,ВСК 01P-01,RU000A0JXNB8,2.0,2036.5,101.65,102.0,101.65,101.65,47.64,101.83,7.26,102.0,2.0,,102.39,101.65,0.0,1211293.7,0.0,2022-04-05,187.0,6.91,,,10.35,51.61,2021-04-06,2020-09-22,1000.0,SUR,,7.1177,,2021-04-09,RUB,3
TQCB,2020-09-22,Газпнф1P1R,RU000A0JXNF9,11.0,131712.8,104.85,105.39,105.39,105.39,39.81,105.37,5.07,104.9,125.0,,105.49,105.39,0.0,507406.7,0.0,2022-04-06,518.0,5.08,,,8.7,43.38,,2020-09-22,1000.0,SUR,,,,,RUB,3
TQCB,2020-09-22,ГПБ БО-16,RU000A0JXP45,3.0,41168.2,100.4,100.47,100.47,100.47,39.36,100.41,2.22,100.4,41.0,100.58,100.58,100.47,543137.4,543137.4,543137.4,2024-04-18,26.0,3.08,,,9.15,45.88,2020-10-18,2020-09-22,1000.0,SUR,,1.9839,,2020-10-20,RUB,3
TQCB,2020-09-22,ТМК БО-6,RU000A0JXPD9,18.0,46901.8,101.96,101.98,101.96,101.96,33.75,101.96,6.17,101.96,46.0,,101.95,101.96,0.0,648406.9,0.0,2027-04-13,372.0,6.17,,,8.0,39.89,2021-10-19,2020-09-22,1000.0,SUR,,6.061,,2021-10-25,RUB,3
TQCB,2020-09-22,ГТЛК 1P-04,RU000A0JXPG2,25.0,665109.5,106.86,107.2,107.18,107.18,17.0,106.93,6.95,107.2,622.0,106.93,106.93,107.18,665109.5,665109.5,665109.5,2032-04-06,831.0,7.06,,,9.85,24.56,2023-04-18,2020-09-22,1000.0,SUR,,6.9243,,2023-04-21,RUB,3
TQCB,2020-09-22,ЛСР БО 1Р2,RU000A0JXPM0,122.0,3042890.88,102.2,102.79,102.69,102.69,13.11,102.33,6.38,102.78,3717.0,102.33,102.33,102.69,3042890.88,3042890.88,3042890.88,2022-04-20,288.0,6.85,,,9.65,19.25,,2020-09-22,800.0,SUR,,,,,RUB,3
TQCB,2020-09-22,Ростел1P2R,RU000A0JXPN8,5.0,19977.0,104.7,105.25,105.25,105.25,36.26,105.14,5.19,104.7,19.0,105.15,105.15,105.25,14725208.7,14723103.5,14725208.7,2027-04-14,533.0,5.27,,,8.65,43.13,2022-04-20,2020-09-22,1000.0,SUR,,5.1412,,2022-04-25,RUB,3
TQCB,2020-09-22,Калаш БП1,RU000A0JXPU3,32.0,788985.9,103.79,103.98,103.94,103.94,37.9,103.81,6.53,103.79,760.0,103.81,103.81,103.94,788985.9,788985.9,788985.9,2022-04-21,531.0,6.62,,,9.1,45.38,,2020-09-22,1000.0,SUR,,,,,RUB,3
TQCB,2020-09-22,ФПК 1P-01,RU000A0JXQ28,1.0,20718.0,103.59,103.59,103.59,103.59,36.65,103.59,7.03,103.59,20.0,105.85,105.85,103.59,10504179.6,9990540.6,10504179.6,2027-04-15,686.0,7.03,,,8.8,43.88,2022-10-20,2020-09-22,1000.0,SUR,,6.9737,,2022-10-25,RUB,3
TQCB,2020-09-22,РЖД Б01P2R,RU000A0JXQ44,12.0,42339.9,110.76,112.42,111.5,111.5,35.4,111.42,6.13,112.42,38.0,,111.5,111.5,0.0,9731648.3,0.0,2037-04-02,1632.0,6.14,,,8.5,42.38,2026-04-16,2020-09-22,1000.0,SUR,,6.1091,,2026-04-21,RUB,3
TQCB,2020-09-22,АВТОБФ БП1,RU000A0JXQ51,8.0,101170.0,99.82,100.28,99.86,99.86,38.27,100.17,11.08,100.18,101.0,,100.03,99.86,0.0,505136.7,0.0,2024-04-19,31.0,7.12,,,9.25,46.12,2020-10-23,2020-09-22,1000.0,SUR,,9.4583,,2022-04-27,RUB,3
TQCB,2020-09-22,Тинькофф1R,RU000A0JXQ85,100.0,654475.3,101.8,102.0,101.9,101.9,36.82,101.94,5.59,101.99,642.0,101.94,101.94,101.9,654475.3,654475.3,654475.3,2022-04-22,205.0,5.52,,,8.9,44.38,2021-04-23,2020-09-22,1000.0,SUR,,5.4658,,2021-04-27,RUB,3
TQCB,2020-09-22,ПИК БО-П02,RU000A0JXQ93,85.0,393770.1,103.61,104.16,104.11,104.12,11.1,104.01,6.51,104.16,631.0,,104.02,104.12,0.0,524859.96,0.0,2022-04-22,305.0,6.63,,,11.25,16.83,,2020-09-22,600.0,SUR,,,,,RUB,3
TQCB,2020-09-22,ТрнфБО1P7,RU000A0JXQD7,17.0,12815454.4,100.35,100.4,100.4,100.4,35.0,100.4,4.49,100.4,12765.0,100.4,100.4,100.4,12815454.4,12815454.4,12815454.4,2020-10-28,36.0,4.49,,,8.75,43.63,,2020-09-22,1000.0,SUR,,,4.2829,,RUB,3
TQCB,2020-09-22,О'КЕЙ-Б01Р,RU000A0JXQH8,28.0,246322.1,102.1,102.49,102.2,102.2,14.13,102.21,5.9,102.49,241.0,,102.2,102.2,0.0,509968.3,0.0,2021-04-29,213.0,5.88,,,9.55,23.81,,2020-09-22,1000.0,SUR,,,,,RUB,3
TQCB,2020-09-22,ТелХолПБО3,RU000A0JXQJ4,17.0,136245.5,100.11,100.3,100.3,100.3,42.31,100.18,7.52,100.26,136.0,,100.22,100.3,0.0,686491.5,0.0,2020-10-29,37.0,8.77,,,10.65,53.1,,2020-09-22,1000.0,SUR,,,7.076,,RUB,3
TQCB,2020-09-22,Роснфт1P4,RU000A0JXQK2,131.0,10839641.1,107.0,107.47,107.39,107.39,34.36,107.11,5.62,107.26,10120.0,107.11,107.11,107.39,10839641.1,10839641.1,10839641.1,2027-04-22,845.0,5.74,,,8.65,43.13,2023-04-27,2020-09-22,1000.0,SUR,,5.5838,,2023-05-03,RUB,3
TQCB,2020-09-22,Якут-09 об,RU000A0JXR43,11.0,68419.98,105.56,106.54,106.48,106.48,8.47,105.59,5.64,105.56,72.0,,106.82,106.48,0.0,1428565.05,0.0,2024-05-16,762.0,6.07,,,8.59,19.27,,2020-09-22,900.0,SUR,,,,,RUB,3
TQCB,2020-09-22,РСетиМРБ10,RU000A0JXR50,2.0,621270.0,102.9,104.19,104.19,104.19,30.69,103.55,5.9,102.9,600.0,104.49,104.51,104.19,7559079.3,7253016.3,7559079.3,2027-05-06,555.0,6.32,,,8.55,42.63,2022-05-12,2020-09-22,1000.0,SUR,,5.8516,,2022-05-16,RUB,3
TQCB,2020-09-22,РЖД Б01P3R,RU000A0JXR84,2.0,207493.2,105.18,110.99,110.99,110.99,30.15,110.96,5.74,105.18,187.0,108.46,108.46,110.99,606285.7,606285.7,606285.7,2037-04-23,1411.0,5.75,,,8.4,41.88,2025-05-08,2020-09-22,1000.0,SUR,,5.721,,2025-05-14,RUB,3
TQCB,2020-09-22,ПочтаРБ1P2,RU000A0JXRD5,9.0,129311.7,101.8,102.61,101.8,101.8,29.52,101.82,5.75,102.6,127.0,,101.52,101.8,0.0,10624351.6,0.0,2027-05-11,231.0,5.72,,,8.55,42.63,2021-05-18,2020-09-22,1000.0,SUR,,5.6519,,2021-05-21,RUB,3
TQCB,2020-09-22,АльфаБО-20,RU000A0JXRV7,5.0,13060.8,100.2,100.49,100.49,100.49,18.91,100.47,5.1,100.2,13.0,100.5,100.5,100.49,1978810.7,1961748.8,1978810.7,2032-05-11,240.0,5.13,,,5.8,28.92,2021-05-25,2020-09-22,1000.0,SUR,,5.0337,,2021-05-27,RUB,3
TQCB,2020-09-22,СберБ БО19,RU000A0JXRW5,4.0,2205519.9,102.01,102.25,102.25,102.25,26.15,102.25,4.95,102.15,2157.0,102.25,102.24,102.25,2621610.6,2517138.9,2621610.6,2027-05-30,243.0,4.95,,,8.3,41.84,2021-05-30,2020-09-22,1000.0,SUR,,4.8705,,2021-06-02,RUB,3
TQCB,2020-09-22,КТЖФинанс1,RU000A0JXS34,19.0,300179.0,104.51,105.09,104.51,104.61,25.17,104.59,6.01,105.09,287.0,,104.91,104.61,0.0,1294529.0,0.0,2022-06-07,580.0,5.96,,,8.75,43.63,,2020-09-22,1000.0,SUR,,,,,RUB,3
TQCB,2020-09-22,ПочтаРБ1P3,RU000A0JXS59,1.0,103247.2,100.24,100.24,100.24,100.24,19.4,100.24,5.99,100.24,103.0,100.25,100.24,100.24,674675.2,653570.2,674675.2,2027-05-19,898.0,5.99,,,6.0,29.92,2023-05-24,2020-09-22,1000.0,SUR,,5.9497,,2023-05-29,RUB,3
TQCB,2020-09-22,ВлгОб35007,RU000A0JXSD3,32.0,249675.8,105.19,105.5,105.46,105.46,3.79,105.35,6.18,105.3,237.0,,105.39,105.46,0.0,513229.9,0.0,2024-06-02,855.0,6.23,,,8.65,21.57,,2020-09-22,1000.0,SUR,,,,,RUB,3
TQCB,2020-09-22,ТМК БО-7,RU000A0JXSF8,1.0,1013.1,101.31,101.31,101.31,101.31,29.72,101.31,7.43,101.31,1.0,,102.38,101.31,0.0,511880.4,0.0,2027-05-21,240.0,7.43,,,9.35,46.62,2021-05-28,2020-09-22,1000.0,SUR,,7.2314,,2021-06-03,RUB,3
TQCB,2020-09-22,Акрон Б1P2,RU000A0JXSS1,2.0,2069.8,103.0,103.98,103.98,103.98,26.39,103.49,5.15,103.0,2.0,102.64,102.64,103.98,1026429.6,1026429.6,1026429.6,2027-05-25,412.0,5.58,,,8.6,42.88,2021-11-30,2020-09-22,1000.0,SUR,,5.1075,,2021-12-03,RUB,3
TQCB,2020-09-22,СамарОбл13,RU000A0JXT41,1.0,10640.0,106.4,106.4,106.4,106.4,4.04,106.4,5.27,106.4,10.0,,106.04,106.4,0.0,521719.4,0.0,2024-05-31,767.0,5.27,,,8.19,20.42,,2020-09-22,1000.0,SUR,,,,,RUB,3
TQCB,2020-09-22,МежИнБ01P1,RU000A0JXT58,1.0,790.0,79.0,79.0,79.0,79.0,,79.0,,79.0,1.0,,95.36,79.0,0.0,955461.5,0.0,2027-03-01,,,,,0.01,0.05,,2020-09-22,1000.0,SUR,,,,,RUB,3
TQCB,2020-09-22,БелугаБП1,RU000A0JXTB5,12.0,2665410.84,103.7,104.0,103.7,103.7,20.5,103.7,6.71,103.81,3427.0,103.7,103.7,103.7,2665410.84,2665410.84,2665410.84,2022-06-07,470.0,6.71,,,9.5,35.53,,2020-09-22,750.0,SUR,,,,,RUB,3
TQCB,2020-09-22,ЧТПЗ 1P4,RU000A0JXTY7,2.0,512272.5,102.25,102.25,102.25,102.25,24.03,102.25,5.8,102.25,501.0,102.2,102.2,102.25,566206.3,564164.3,566206.3,2027-06-08,258.0,5.8,,,8.95,44.63,2021-06-15,2020-09-22,1000.0,SUR,,5.7164,,2021-06-18,RUB,3
TQCB,2020-09-22,ВЭБ ПБО1Р8,RU000A0JXU48,1.0,77178.67,101.5,101.5,101.5,101.5,850.11,101.5,3.57,101.5,1.0,,102.8867,101.5,0.0,1160658.76,0.0,2022-12-15,,3.57,,,4.25,21.19,,2020-09-22,1000.0,SUR,,,,,USD,3
TQCB,2020-09-22,ВЭБ ПБО1Р9,RU000A0JXU71,54.0,5598651.6,102.4,102.79,102.73,102.63,22.77,102.6,4.96,102.79,5457.0,102.6,102.6,102.63,5598651.6,5598651.6,5598651.6,2021-06-18,262.0,5.14,,,8.75,43.63,,2020-09-22,1000.0,SUR,,,,,RUB,3
TQCB,2020-09-22,РСХБ БО 2P,RU000A0JXUC1,10.0,92988.7,101.75,102.2,102.2,102.2,21.8,102.19,5.64,101.76,91.0,,102.52,102.2,0.0,649983.7,0.0,2021-06-21,265.0,5.65,,,8.65,43.13,,2020-09-22,1000.0,SUR,,,,,RUB,3
TQCB,2020-09-22,КОМИ 14 об,RU000A0JXUD9,4.0,9666.5,107.3,107.45,107.45,107.45,0.0,107.41,6.06,107.45,9.0,,107.16,107.45,0.0,1021194.2,0.0,2024-06-25,1084.0,6.07,,,8.4,20.94,,2020-09-22,1000.0,SUR,,,,,RUB,3
TQCB,2020-09-22,ДелПорт1P1,RU000A0JXVG0,6.0,90107.9,103.52,105.3,105.25,105.25,19.83,104.78,6.33,105.3,86.0,,104.71,105.25,0.0,503675.0,0.0,2022-07-05,605.0,6.61,,,9.4,46.87,,2020-09-22,1000.0,SUR,,,,,RUB,3
TQCB,2020-09-22,ПИК БО-П03,RU000A0JXY44,177.0,2292087.6,106.51,107.05,107.0,107.0,15.61,106.91,6.86,106.75,2144.0,106.91,106.91,107.0,2292087.6,2292087.6,2292087.6,2022-07-29,615.0,6.91,,,10.75,26.8,,2020-09-22,1000.0,SUR,,,,,RUB,3
TQCB,2020-09-22,КраснодКр1,RU000A0JXYS9,9.0,27980.3,107.59,107.75,107.59,107.59,9.19,107.62,5.92,107.61,26.0,,107.88,107.59,0.0,501659.0,0.0,2024-08-09,966.0,5.91,,,8.6,21.44,,2020-09-22,1000.0,SUR,,,,,RUB,3
TQCB,2020-09-22,РЖД Б01P4R,RU000A0JXZB2,2.0,2173.0,100.0,117.3,117.3,117.3,9.04,108.65,4.32,100.0,2.0,,109.99,117.3,0.0,23013065.8,0.0,2032-07-29,1502.0,6.26,,,8.25,41.14,2025-08-07,2020-09-22,1000.0,SUR,,4.3118,,2025-08-12,RUB,3
TQOD,2020-09-22,ГТЛК 1P-05,RU000A0JY023,10.0,72287.5,103.1498,103.15,103.15,103.15,2.65,103.15,3.34,103.15,96.0,103.15,103.15,103.15,5496604.18,5496604.18,5496604.18,2024-08-21,718.0,3.34,,,4.9,8.92,,2020-09-22,730.0,USD,,,,,USD,3
TQCB,2020-09-22,МФ МарЭл17,RU000A0JY031,6.0,25747.4,105.82,116.63,106.5,106.51,6.36,107.28,5.99,116.63,24.0,,105.96,106.51,0.0,584902.8,0.0,2024-08-21,857.0,5.66,,,8.6,21.44,,2020-09-22,1000.0,SUR,,,,,RUB,3
TQCB,2020-09-22,ВТБ Б1-110,RU000A0NH1W7,1.0,19780.0,98.9,98.9,98.9,98.9,,98.9,,98.9,20.0,98.99,98.93,98.9,3718934.0,748934.0,3718934.0,2022-09-06,,,,,0.01,0.05,,2020-09-22,1000.0,SUR,,,,2022-09-06,RUB,3
TQCB,2020-09-22,ВТБ Б1-111,RU000A0NH1X5,11.0,27855.4,99.2,99.99,99.99,99.99,,99.48,,99.21,28.0,,99.67,99.99,0.0,507339.5,0.0,2022-09-13,,,,,0.01,0.05,,2020-09-22,1000.0,SUR,,,,2022-09-13,RUB,3
TQCB,2020-09-22,ВТБ Б1-112,RU000A0NH1Y3,12.0,68725.0,99.5,101.0,100.5,100.5,,99.6,,100.0,69.0,,,100.5,0.0,0.0,0.0,2022-09-20,,,,,0.01,0.05,,2020-09-22,1000.0,SUR,,,,,RUB,3
TQCB,2020-09-22,ВТБ Б1-120,RU000A0NH269,2.0,54450.0,99.0,99.0,99.0,99.0,,99.0,,99.0,55.0,,99.57,99.0,0.0,625301.8,0.0,2023-09-08,,,,,0.01,0.05,,2020-09-22,1000.0,SUR,,,,,RUB,3
TQCB,2020-09-22,ВТБ Б1-121,RU000A0NH277,3.0,68311.0,99.0,99.01,99.0,99.0,,99.0,,99.0,69.0,99.16,99.01,99.0,3977363.3,3155437.6,3977363.3,2023-09-15,,,,,0.01,0.05,,2020-09-22,1000.0,SUR,,,,,RUB,3
TQCB,2020-09-22,ЛнССМУБ1P2,RU000A0ZYA66,145.0,10720868.79,101.71,102.25,102.18,102.18,2.4,101.95,7.03,101.99,11815.0,101.95,101.95,102.18,10720868.79,10720868.79,10720868.79,2022-09-09,384.0,7.26,,,8.95,19.86,,2020-09-22,890.0,SUR,,,,,RUB,3
TQCB,2020-09-22,ГТЛК 1P-06,RU000A0ZYAP9,1.0,842.06,99.49,99.49,99.49,99.49,0.8,99.49,5.98,99.49,1.0,,99.72,99.49,0.0,523538.01,0.0,2032-09-01,1924.0,5.98,,,5.75,12.13,,2020-09-22,846.38,SUR,,,,,RUB,3
TQIR,2020-09-22,КарМаниБ1,RU000A0ZYAQ7,76.0,570308.8,103.01,104.1,104.1,104.09,5.26,103.5,8.8,103.51,551.0,103.5,103.5,104.09,570308.8,570308.8,570308.8,2022-10-25,197.0,9.97,,,16.0,13.59,2021-04-15,2020-09-22,1000.0,SUR,,8.4644,,2021-04-22,RUB,3
TQCB,2020-09-22,МФКузбас17,RU000A0ZYB40,8.0,69713.3,101.97,105.84,105.44,105.44,0.0,104.05,5.94,101.97,67.0,,104.73,105.44,0.0,679714.8,0.0,2024-09-26,827.0,6.56,,,8.2,20.44,,2020-09-22,1000.0,SUR,,,,,RUB,3
TQCB,2020-09-22,ГПБ БО-24,RU000A0ZYB73,18.0,9201139.7,100.11,100.4,100.11,100.11,41.42,100.11,-4.56,100.4,9191.0,100.11,100.11,100.11,9201139.7,9201139.7,9201139.7,2020-09-26,4.0,-4.56,,,8.4,42.35,,2020-09-22,1000.0,SUR,,,-3.5004,,RUB,3
TQCB,2020-09-22,РосбнБ1P1,RU000A0ZYBG6,40.0,50119258.0,100.07,100.48,100.09,100.09,40.03,100.07,3.57,100.48,50083.0,100.07,100.07,100.09,50119258.0,50119258.0,50119258.0,2020-09-30,8.0,4.61,,,8.35,41.86,,2020-09-22,1000.0,SUR,,,3.0675,,RUB,3
TQCB,2020-09-22,АльфаБО-21,RU000A0ZYBM4,4.0,1019425.4,100.04,100.14,100.1,100.1,39.12,100.04,4.93,100.04,1019.0,100.05,100.04,100.1,2344223.0,1126498.7,2344223.0,2032-10-13,12.0,6.96,,,8.35,41.86,2020-10-04,2020-09-22,1000.0,SUR,,3.6219,,2020-10-07,RUB,3
TQCB,2020-09-22,СберБ БО3R,RU000A0ZYBS1,245.0,9998748.9,100.64,100.89,100.75,100.75,36.16,100.73,4.42,100.64,9926.0,100.73,100.73,100.75,9998748.9,9998748.9,9998748.9,2020-12-08,75.0,4.52,,,8.0,39.89,,2020-09-22,1000.0,SUR,,,,,RUB,3
TQCB,2020-09-22,РСХБ БО 3P,RU000A0ZYBT9,7.0,580102.5,102.77,103.17,103.03,103.03,40.27,103.0,5.36,103.17,563.0,103.06,103.06,103.03,665777.7,664738.5,665777.7,2021-09-28,350.0,5.39,,,8.4,41.88,,2020-09-22,1000.0,SUR,,,,,RUB,3
TQCB,2020-09-22,ЛСР БО 1Р3,RU000A0ZYBV5,50.0,795999.1,103.18,103.48,103.29,103.29,20.71,103.24,6.93,103.4,771.0,103.24,103.24,103.29,795999.1,795999.1,795999.1,2022-09-27,528.0,6.96,,,9.0,22.44,,2020-09-22,1000.0,SUR,,,,,RUB,3
TQCB,2020-09-22,МегафнБ1P3,RU000A0ZYC98,5.0,11621.9,104.73,105.82,105.82,105.75,36.35,105.65,4.86,104.73,11.0,,104.82,105.75,0.0,527227.8,0.0,2022-10-03,677.0,4.95,,,7.85,39.14,,2020-09-22,1000.0,SUR,,,,,RUB,3
TQCB,2020-09-22,Курск35001,RU000A0ZYCD1,4.0,5496.91,104.41,105.49,105.38,105.38,10.96,104.7,5.99,105.49,7.0,,105.26,105.38,0.0,586588.65,0.0,2025-10-12,920.0,6.25,,,7.96,14.88,,2020-09-22,750.0,SUR,,,,,RUB,3
TQCB,2020-09-22,ВБРР Б1P1,RU000A0ZYCJ8,18.0,977821.2,100.16,100.19,100.19,100.19,39.12,100.15,4.75,100.19,976.0,100.19,100.19,100.19,977821.2,977821.2,977821.2,2020-10-12,20.0,5.53,,,8.5,43.78,,2020-09-22,1000.0,SUR,,,4.4168,,RUB,3
TQCB,2020-09-22,КрасЯрКр13,RU000A0ZYCM2,29.0,1192524.1,98.82,106.35,105.52,105.52,16.13,100.81,6.11,106.34,1183.0,100.81,100.81,105.52,1192524.1,1192524.1,1192524.1,2024-10-03,1045.0,7.78,,,7.85,19.57,,2020-09-22,1000.0,SUR,,,,,RUB,3
TQCB,2020-09-22,ТКХ БП1,RU000A0ZYCR1,12.0,144999.1,101.81,102.2,102.15,102.15,40.93,102.11,6.93,101.81,142.0,,102.0,102.15,0.0,3438422.1,0.0,2027-09-30,357.0,6.97,,,9.0,44.88,2021-10-07,2020-09-22,1000.0,SUR,,6.825,,2021-10-12,RUB,3
TQCB,2020-09-22,Карелия 18,RU000A0ZYCZ4,121.0,4356101.9,102.6,103.1,102.82,102.82,10.3,102.81,6.76,103.08,4237.0,102.81,102.81,102.82,4356101.9,4356101.9,4356101.9,2023-10-15,731.0,6.76,,,8.0,19.95,,2020-09-22,1000.0,SUR,,,,,RUB,3
TQCB,2020-09-22,ТрнфБО1P8,RU000A0ZYDD9,6.0,29291.8,108.15,108.97,108.97,108.97,34.41,108.49,5.91,108.15,27.0,,108.4,108.97,0.0,580999.5,0.0,2025-10-09,1521.0,6.02,,,7.9,39.39,,2020-09-22,1000.0,SUR,,,,,RUB,3
TQCB,2020-09-22,ФСК ЕЭС Б3,RU000A0ZYDH0,3.0,4204.3,104.02,105.47,105.47,105.47,14.23,104.7,5.03,104.02,4.0,,104.85,105.47,0.0,112393031.0,0.0,2052-09-06,694.0,5.43,,,7.75,19.32,2022-10-14,2020-09-22,1000.0,SUR,,4.9771,,2022-10-21,RUB,3
TQCB,2020-09-22,НижгорОб12,RU000A0ZYDQ1,2.0,72794.3,104.74,104.74,104.74,104.74,7.1,104.74,4.82,104.74,139.0,104.61,104.62,104.74,555470.7,534606.8,555470.7,2022-10-23,507.0,4.82,,,8.1,10.1,,2020-09-22,500.0,SUR,,,,,RUB,3
TQCB,2020-09-22,Газпнф1P3R,RU000A0ZYDS7,68.0,1565476.9,104.87,105.39,105.19,105.19,33.34,105.21,5.23,105.39,1488.0,105.21,105.21,105.19,1565476.9,1565476.9,1565476.9,2022-10-17,691.0,5.22,,,7.85,39.14,,2020-09-22,1000.0,SUR,,,,,RUB,3
TQCB,2020-09-22,СвердлОб4,RU000A0ZYDU3,18.0,3206116.0,104.67,104.95,104.95,104.95,12.02,104.95,6.03,104.94,3055.0,104.95,104.95,104.95,3206116.0,3206116.0,3206116.0,2025-10-22,993.0,6.03,,,7.7,19.2,,2020-09-22,1000.0,SUR,,,,,RUB,3
TQIR,2020-09-22,ДрктЛиз1P1,RU000A0ZYE96,20.0,298642.8,100.01,100.48,100.39,100.39,25.07,100.22,10.26,100.02,298.0,,100.31,100.39,0.0,542699.4,0.0,2020-10-22,30.0,12.58,,,15.0,37.4,,2020-09-22,1000.0,SUR,,,9.4792,,RUB,3
TQCB,2020-09-22,ТрансФ1P04,RU000A0ZYEB1,85.0,3657171.0,99.9,99.99,99.99,99.99,43.73,99.92,10.68,99.97,3660.0,99.92,99.92,99.99,3657171.0,3657171.0,3657171.0,2027-10-14,30.0,11.62,,,10.5,52.36,2020-10-22,2020-09-22,1000.0,SUR,,8.8366,,2020-10-27,RUB,3
TQCB,2020-09-22,ГПБ БО-17,RU000A0ZYEE5,10.0,2539521.6,102.88,102.96,102.96,102.96,31.78,102.9,5.27,102.88,2468.0,102.9,102.9,102.96,2539521.6,2539521.6,2539521.6,2024-10-31,384.0,5.32,,,8.0,40.33,2021-10-31,2020-09-22,1000.0,SUR,,5.2273,,2021-11-02,RUB,3
TQCB,2020-09-22,СамолетБП2,RU000A0ZYEM8,2.0,4256.8,106.42,106.42,106.42,106.42,17.01,106.42,8.38,106.42,4.0,,106.25,106.42,0.0,515318.0,0.0,2022-10-27,683.0,8.38,,,11.5,28.67,,2020-09-22,1000.0,SUR,,,,,RUB,3
TQCB,2020-09-22,СэтлГрБ1P1,RU000A0ZYEQ9,30.0,201643.0,102.62,103.29,102.97,102.97,14.35,103.19,7.02,103.29,196.0,,102.87,102.97,0.0,501994.6,0.0,2022-10-27,381.0,6.81,,,9.7,24.18,,2020-09-22,1000.0,SUR,,,,,RUB,3
TQCB,2020-09-22,ДОМ.РФ Б-7,RU000A0ZYF38,1.0,1000.0,100.0,100.0,100.0,100.0,8.55,100.0,6.63,100.0,1.0,,100.31,100.0,0.0,1329072.5,0.0,2050-11-07,43.0,6.63,,,6.5,16.21,2020-11-04,2020-09-22,1000.0,SUR,,6.1801,,2020-11-06,RUB,3
TQCB,2020-09-22,НАО 2017,RU000A0ZYF61,11.0,28877.1,102.8,103.39,103.15,103.15,7.03,103.13,5.98,103.39,40.0,,103.27,103.15,0.0,580470.45,0.0,2024-11-07,592.0,5.99,,,7.8,13.61,,2020-09-22,700.0,SUR,,,,,RUB,3
TQCB,2020-09-22,КрасЯрКр14,RU000A0ZYFB8,3.0,5288.0,105.6,106.0,106.0,106.0,10.1,105.76,5.98,106.0,5.0,105.62,105.64,106.0,558722.3,546146.3,558722.3,2024-10-31,1081.0,6.06,,,7.84,19.55,,2020-09-22,1000.0,SUR,,,,,RUB,3
TQCB,2020-09-22,МТС 001P-3,RU000A0ZYFC6,6.0,17756.7,104.22,104.51,104.48,104.48,29.11,104.45,5.49,104.51,17.0,104.3,104.22,104.48,611211.9,500250.8,611211.9,2022-11-03,709.0,5.51,,,7.7,38.39,,2020-09-22,1000.0,SUR,,,,,RUB,3
TQCB,2020-09-22,ДОМ.РФ Б-8,RU000A0ZYFM5,1.0,13001.3,100.01,100.01,100.01,100.01,9.44,100.01,8.44,100.01,13.0,,102.98,100.01,0.0,3293151.9,0.0,2050-11-13,395.0,8.44,,,8.2,20.44,2021-11-09,2020-09-22,1000.0,SUR,,8.3769,,2021-11-11,RUB,3
TQCB,2020-09-22,Ростел1P3R,RU000A0ZYG52,46.0,1162489.9,104.51,105.49,105.49,105.49,26.58,105.49,5.03,105.49,1102.0,105.49,105.49,105.49,1162489.9,1162489.9,1162489.9,2027-11-09,721.0,5.03,,,7.7,38.39,2022-11-15,2020-09-22,1000.0,SUR,,5.0016,,2022-11-18,RUB,3
TQCB,2020-09-22,СаратОбл17,RU000A0ZYG60,15.0,86748.4,105.34,105.94,105.74,105.74,5.99,105.79,6.28,105.87,82.0,,105.63,105.74,0.0,515477.2,0.0,2024-11-20,1054.0,6.26,,,8.1,20.19,,2020-09-22,1000.0,SUR,,,,,RUB,3
TQCB,2020-09-22,ОрлОбл2017,RU000A0ZYGM3,10.0,40124.0,102.67,103.0,102.99,102.99,20.24,102.88,6.03,102.68,39.0,,103.01,102.99,0.0,1439073.9,0.0,2022-11-26,450.0,6.12,,,8.3,20.69,,2020-09-22,1000.0,SUR,,,,,RUB,3
TQCB,2020-09-22,ТойотаБ1P1,RU000A0ZYHH1,4.0,479243.5,100.87,100.9,100.9,100.9,24.7,100.89,3.29,100.87,475.0,100.83,100.84,100.9,584798.1,558667.3,584798.1,2020-12-02,71.0,3.34,,,8.05,40.36,,2020-09-22,1000.0,SUR,,,3.2021,,RUB,3
TQCB,2020-09-22,ГПБ БО-15,RU000A0ZYHK5,8.0,63454.5,100.25,100.75,100.59,100.59,24.77,100.72,4.82,100.25,63.0,100.71,100.72,100.59,3121908.0,1104887.0,3121908.0,2020-12-01,70.0,4.13,,,8.0,40.11,,2020-09-22,1000.0,SUR,,,4.6635,,RUB,3
TQCB,2020-09-22,ЛевенгукБ1,RU000A0ZYHW0,4.0,13413.5,103.18,103.19,103.18,103.18,9.04,103.18,7.71,103.18,13.0,,103.13,103.18,0.0,518728.5,0.0,2027-11-22,157.0,7.71,,,15.0,37.4,2021-03-01,2020-09-22,1000.0,SUR,,7.5223,,2021-03-04,RUB,3
TQCB,2020-09-22,СПбГО35001,RU000A0ZYHX8,8.0,595195.0,106.75,107.2,107.2,107.2,23.42,106.3,5.82,106.91,557.0,106.87,106.86,107.2,616640.6,597333.3,616640.6,2025-05-28,1313.0,6.06,,,7.7,38.39,,2020-09-22,1000.0,SUR,,,,,RUB,3
TQCB,2020-09-22,ННовгор 17,RU000A0ZYJ00,20.0,75124.3,102.62,103.17,102.94,102.94,4.66,102.91,5.87,102.62,73.0,,102.71,102.94,0.0,531012.0,0.0,2022-12-05,457.0,5.89,,,8.1,20.19,,2020-09-22,1000.0,SUR,,,,,RUB,3
TQCB,2020-09-22,РСХБ БО 4P,RU000A0ZYJ42,1.0,2012.6,100.63,100.63,100.63,100.63,24.85,100.63,5.05,100.63,2.0,100.69,100.69,100.63,4696269.8,4696269.8,4696269.8,2020-12-09,78.0,5.05,,,8.1,42.16,,2020-09-22,1000.0,SUR,,,4.891,,RUB,3
TQCB,2020-09-22,ФСК ЕЭС Б4,RU000A0ZYJ91,6.0,10587.8,104.62,106.3,105.06,105.06,4.16,105.88,5.98,106.3,10.0,,106.16,105.06,0.0,3818685.3,0.0,2052-10-23,1044.0,5.69,,,7.6,18.95,2023-11-29,2020-09-22,1000.0,SUR,,5.938,,2023-12-06,RUB,3
TQCB,2020-09-22,Ульян.об17,RU000A0ZYJB0,11.0,31681.1,105.49,105.92,105.74,105.74,5.33,105.6,6.1,105.92,30.0,,105.07,105.74,0.0,528509.6,0.0,2024-12-07,973.0,6.15,,,8.1,20.42,,2020-09-22,1000.0,SUR,,,,,RUB,3
TQCB,2020-09-22,Совком БО5,RU000A0ZYJR6,2.0,2021.6,101.08,101.08,101.08,101.08,22.6,101.08,5.96,101.08,2.0,,101.08,101.08,0.0,1764940.3,0.0,2027-11-25,247.0,5.96,,,7.5,37.4,2021-06-03,2020-09-22,1000.0,SUR,,5.8178,,2021-06-08,RUB,3
TQCB,2020-09-22,ДОМРФИА 2P,RU000A0ZYJT2,3.0,16462.18,106.76,106.76,106.76,106.76,4.95,106.76,,106.76,55.0,106.54,106.49,106.76,9661539.24,3397429.35,9661539.24,2046-04-28,,,,,11.5,8.13,2025-01-28,2020-09-22,280.36,SUR,,,,,RUB,3
TQIR,2020-09-22,МаниМенБ1,RU000A0ZYJX4,29.0,220752.8,100.23,100.65,100.44,100.44,6.9,100.34,12.19,100.39,220.0,,100.49,100.44,0.0,569766.2,0.0,2020-12-04,73.0,12.75,,,14.0,34.9,,2020-09-22,1000.0,SUR,,,11.4709,,RUB,3
TQCB,2020-09-22,Оренб35004,RU000A0ZYKH5,1.0,1138.0,113.8,113.8,113.8,113.8,2.69,113.8,5.6,113.8,1.0,,116.14,113.8,0.0,501713.0,0.0,2027-12-02,1794.0,5.6,,,8.18,20.39,,2020-09-22,1000.0,SUR,,,,,RUB,3
TQCB,2020-09-22,СПбГО35002,RU000A0ZYKJ1,6.0,160080.0,106.0,106.5,106.0,106.03,21.38,106.01,6.08,106.0,151.0,106.33,106.35,106.03,941063.5,886997.0,941063.5,2026-12-04,1308.0,6.07,,,7.65,38.15,,2020-09-22,1000.0,SUR,,,,,RUB,3
TQCB,2020-09-22,КалинОбл17,RU000A0ZYKU8,16.0,44611.6,106.02,106.29,106.04,106.04,1.52,106.22,6.26,106.29,42.0,,106.02,106.04,0.0,501464.1,0.0,2024-12-17,1223.0,6.21,,,7.91,19.72,,2020-09-22,1000.0,SUR,,,,,RUB,3
TQCB,2020-09-22,ХМАО 11,RU000A0ZYKW4,2.0,6204.6,103.41,103.41,103.41,103.41,0.0,103.41,6.21,103.41,6.0,,105.61,103.41,0.0,53251327.9,0.0,2024-12-17,817.0,6.21,,,7.6,18.95,,2020-09-22,1000.0,SUR,,,,,RUB,3
TQCB,2020-09-22,КЧР 2017,RU000A0ZYL22,36.0,235978.0,106.82,107.72,107.25,107.24,1.43,107.26,6.51,107.33,220.0,,107.23,107.24,0.0,510419.3,0.0,2024-12-18,1113.0,6.5,,,8.7,21.69,,2020-09-22,1000.0,SUR,,,,,RUB,3
TQCB,2020-09-22,МгдОбл2017,RU000A0ZYL48,45.0,687668.94,100.42,104.19,103.79,103.79,0.92,103.08,5.76,104.19,953.0,103.08,103.08,103.79,687668.94,687668.94,687668.94,2022-12-25,587.0,6.21,,,8.0,13.96,,2020-09-22,700.0,SUR,,,,,RUB,3
TQCB,2020-09-22,ФПКГарИнP3,RU000A0ZYL55,4.0,51000.6,99.86,100.1,99.86,99.86,31.89,100.0,12.82,99.86,51.0,,100.03,99.86,0.0,1396484.5,0.0,2020-12-16,85.0,12.16,,,12.0,59.84,,2020-09-22,1000.0,SUR,,,12.0889,,RUB,3
TQIR,2020-09-22,РСГ-ФинБ4,RU000A0ZYLB6,27.0,4245778.9,100.51,100.78,100.7,100.7,28.93,100.68,7.95,100.52,4217.0,100.68,100.68,100.7,4245778.9,4245778.9,4245778.9,2020-12-17,86.0,8.04,,,11.0,54.85,,2020-09-22,1000.0,SUR,,,7.6264,,RUB,3
TQCB,2020-09-22,Газпнф1P4R,RU000A0ZYLC4,10.0,30824.0,105.73,106.61,106.35,106.4,20.25,106.29,6.06,105.73,29.0,,106.64,106.4,0.0,557746.1,0.0,2024-12-12,1328.0,6.08,,,7.7,38.39,,2020-09-22,1000.0,SUR,,,,,RUB,3
TQCB,2020-09-22,iСЛТ 1Р1,RU000A0ZYLD2,41.0,1892175.9,100.75,101.04,100.79,100.8,14.47,100.81,7.54,101.0,3754.0,100.81,100.81,100.8,1892175.9,1892175.9,1892175.9,2020-12-17,86.0,7.45,,,11.0,27.42,,2020-09-22,500.0,SUR,,,7.2432,,RUB,3
TQCB,2020-09-22,ВЦЗ 1P1R,RU000A0ZYLK7,22.0,335368.7,106.44,106.8,106.68,106.69,1.37,106.47,9.47,106.8,315.0,,106.54,106.69,0.0,518826.8,0.0,2027-12-10,726.0,9.58,,,12.5,31.16,2022-12-16,2020-09-22,1000.0,SUR,,9.4059,,2022-12-21,RUB,3
TQCB,2020-09-22,iУОМЗ БО-2,RU000A0ZYLL5,3.0,20232.2,100.42,101.2,101.2,101.2,24.08,101.16,4.07,100.42,20.0,,100.7,101.2,0.0,510564.7,0.0,2020-12-18,87.0,4.24,,,9.25,46.12,,2020-09-22,1000.0,SUR,,,3.9633,,RUB,3
TQCB,2020-09-22,ГПБ БО-25,RU000A0ZYM05,6.0,20356992.0,100.76,100.99,100.77,100.77,19.29,100.76,4.97,100.99,20203.0,100.77,100.77,100.77,24416058.0,24359526.0,24416058.0,2020-12-26,95.0,5.01,,,8.0,40.11,,2020-09-22,1000.0,SUR,,,4.825,,RUB,3
TQCB,2020-09-22,ДФФ 1Р-01,RU000A0ZYM21,174.0,12766727.2,101.15,102.05,101.57,101.57,20.19,101.47,7.45,102.05,12582.0,101.47,101.47,101.57,12766727.2,12766727.2,12766727.2,2022-12-20,752.0,7.5,,,8.1,40.39,,2020-09-22,1000.0,SUR,,,,,RUB,3
TQCB,2020-09-22,МосОбл2017,RU000A0ZYML3,12.0,79548.91,102.81,102.98,102.98,102.98,13.72,102.98,5.08,102.97,103.0,,102.81,102.98,0.0,611449.11,0.0,2022-12-22,430.0,5.08,,,7.5,14.02,,2020-09-22,750.0,SUR,,,,,RUB,3
TQCB,2020-09-22,ГТЛК 1P-07,RU000A0ZYNY4,77.0,12896181.5,95.5,95.9,95.9,95.84,9.64,95.58,7.39,95.61,13492.0,95.58,95.58,95.84,12896181.5,12896181.5,12896181.5,2032-12-31,790.0,7.56,,,5.25,13.09,2023-01-13,2020-09-22,1000.0,SUR,,7.3389,,2023-01-18,RUB,3
TQCB,2020-09-22,ТрансКонБ1,RU000A0ZYPG6,3.0,157160.8,102.68,103.4,103.4,103.4,12.53,103.4,5.27,102.68,152.0,102.87,102.87,103.4,5334640.8,5334640.8,5334640.8,2023-01-19,547.0,5.27,,,7.5,37.4,,2020-09-22,1000.0,SUR,,,,,RUB,3
TQCB,2020-09-22,ВБРР Б1P2,RU000A0ZYQX9,3.0,48880.0,100.0,102.0,102.0,102.0,11.33,101.83,5.42,100.0,48.0,102.03,102.04,102.0,531588.2,523443.4,531588.2,2021-07-30,304.0,5.63,,,7.8,38.89,,2020-09-22,1000.0,SUR,,,,,RUB,3
TQCB,2020-09-22,СистемБ1P7,RU000A0ZYQY7,54.0,279773.2,101.3,101.65,101.35,101.35,14.52,101.37,6.1,101.65,276.0,,101.35,101.35,0.0,506762.7,0.0,2028-01-21,129.0,6.04,,,10.0,49.86,2021-01-29,2020-09-22,1000.0,SUR,,5.8282,,2021-02-03,RUB,3
TQCB,2020-09-22,БСК 1P1,RU000A0ZYR18,33.0,4737862.5,102.05,102.41,102.34,102.34,11.76,102.07,6.99,102.06,4642.0,102.07,102.07,102.34,4737862.5,4737862.5,4737862.5,2023-01-27,666.0,7.15,,,8.1,20.19,,2020-09-22,1000.0,SUR,,,,,RUB,3
TQCB,2020-09-22,ГТЛК 1P-08,RU000A0ZYR91,28.0,526713.4,95.5,96.27,96.06,96.06,6.91,95.94,5.71,96.0,549.0,95.94,95.94,96.06,526713.4,526713.4,526713.4,2033-01-18,3307.0,5.73,,,5.15,12.84,,2020-09-22,1000.0,SUR,,7.6044,,2022-08-05,RUB,3
TQCB,2020-09-22,ГПБ БО-19,RU000A0ZYRY5,17.0,110869.2,101.45,102.78,102.7,102.7,8.37,102.66,5.47,101.46,108.0,,102.77,102.7,0.0,1605275.2,0.0,2023-02-12,489.0,5.5,,,7.45,37.56,2022-02-12,2020-09-22,1000.0,SUR,,5.4305,,2022-02-15,RUB,3
TQIR,2020-09-22,ЖКИнвБО01,RU000A0ZYSS5,18.0,87429.1,101.28,101.76,101.75,101.75,8.05,101.66,10.09,101.76,86.0,,101.63,101.75,0.0,596581.7,0.0,2021-03-05,164.0,10.31,,,14.0,70.96,,2020-09-22,1000.0,SUR,,,9.7664,,RUB,3
TQCB,2020-09-22,Роснфт2P4,RU000A0ZYT40,25.0,2078267.0,103.62,104.23,104.22,104.1,8.22,104.17,5.66,103.62,1995.0,104.17,104.17,104.1,2078267.0,2078267.0,2078267.0,2028-02-03,808.0,5.68,,,7.5,37.4,2023-02-09,2020-09-22,1000.0,SUR,,5.6204,,2023-02-14,RUB,3
TQCB,2020-09-22,Мегафон1P4,RU000A0ZYTM6,3.0,22219.2,100.85,101.17,100.86,100.86,7.1,101.0,5.03,101.17,22.0,101.07,101.07,100.86,1436243.8,1434226.0,1436243.8,2021-02-15,146.0,4.67,,,7.2,35.9,,2020-09-22,1000.0,SUR,,,4.9217,,RUB,3
TQCB,2020-09-22,РЖД 1Р-05R,RU000A0ZYU05,17.0,61924.3,104.4,105.28,104.99,104.99,7.0,104.96,6.29,105.15,59.0,,105.0,104.99,0.0,52653363.5,0.0,2033-02-01,1659.0,6.3,,,7.3,36.4,2026-02-10,2020-09-22,1000.0,SUR,,6.2787,,2026-02-13,RUB,3
TQCB,2020-09-22,АЛЬФА БО40,RU000A0ZYU21,3.0,13196.5,100.81,101.57,100.81,100.81,5.84,101.51,5.43,101.57,13.0,,100.76,100.81,0.0,620669.2,0.0,2033-03-04,154.0,3.71,,,7.35,36.85,2021-02-23,2020-09-22,1000.0,SUR,,5.2872,,2021-02-26,RUB,3
TQCB,2020-09-22,ЛидерИнБП2,RU000A0ZYU39,6.0,87427.3,101.4,101.79,101.79,101.72,10.9,101.66,7.2,101.47,86.0,,101.45,101.72,0.0,1142375.1,0.0,2023-02-15,148.0,7.54,,,11.7,58.34,2021-02-17,2020-09-22,1000.0,SUR,,6.9202,,2021-02-22,RUB,3
TQCB,2020-09-22,СберБ БО4R,RU000A0ZYUJ0,71.0,7006492.4,101.5,102.04,101.9,101.91,4.73,101.68,4.83,101.84,6891.0,101.68,101.68,101.91,7006492.4,7006492.4,7006492.4,2021-08-27,333.0,5.08,,,6.9,34.41,,2020-09-22,1000.0,SUR,,,,,RUB,3
TQCB,2020-09-22,ТрнфБО1P9,RU000A0ZYUS1,46.0,851275.3,102.61,102.71,102.61,102.61,5.68,102.69,5.27,102.7,829.0,102.69,102.69,102.61,851275.3,851275.3,851275.3,2022-02-21,499.0,5.21,,,7.15,35.65,,2020-09-22,1000.0,SUR,,,,,RUB,3
TQCB,2020-09-22,ГазпромКБ1,RU000A0ZYUV5,1.0,2060.0,103.0,103.0,103.0,103.0,5.48,103.0,6.46,103.0,2.0,104.31,104.31,103.0,4119174.8,4113977.6,4119174.8,2028-02-15,1405.0,6.46,,,7.15,35.65,2025-02-18,2020-09-22,1000.0,SUR,,6.4428,,2025-02-21,RUB,3
TQCB,2020-09-22,ГазпромКБ3,RU000A0ZYUY9,2.0,310060.0,103.0,103.01,103.01,103.01,5.48,103.01,6.46,103.0,301.0,103.72,103.72,103.01,602634.6,602634.6,602634.6,2028-02-15,1405.0,6.46,,,7.15,35.65,2025-02-18,2020-09-22,1000.0,SUR,,6.4401,,2025-02-21,RUB,3
TQCB,2020-09-22,ГазпромКБ4,RU000A0ZYV04,6.0,25160.1,103.01,105.0,105.0,105.0,5.48,104.83,5.93,103.01,24.0,,104.1,105.0,0.0,814062.0,0.0,2028-02-15,1408.0,5.97,,,7.15,35.65,2025-02-18,2020-09-22,1000.0,SUR,,5.9166,,2025-02-21,RUB,3
TQCB,2020-09-22,Роснфт2P5,RU000A0ZYVU5,13.0,314590.5,102.2,104.73,104.73,104.51,5.0,104.17,5.84,102.51,302.0,,104.36,104.51,0.0,535364.7,0.0,2028-02-18,1125.0,6.02,,,7.3,36.4,2024-02-23,2020-09-22,1000.0,SUR,,5.8112,,2024-02-28,RUB,3
TQCB,2020-09-22,Система1P8,RU000A0ZYWU3,20.0,45468.0,107.15,108.64,108.58,108.58,4.93,108.26,6.6,108.33,42.0,,108.57,108.58,0.0,631860.1,0.0,2028-02-23,1244.0,6.69,,,9.0,44.88,2024-08-28,2020-09-22,1000.0,SUR,,6.5716,,2024-09-02,RUB,3
TQCB,2020-09-22,МТС 1P-05,RU000A0ZYWX7,14.0,318177.4,101.5,102.1,102.08,102.08,3.89,101.65,4.86,102.1,313.0,,101.69,102.08,0.0,525762.8,0.0,2021-09-01,338.0,5.34,,,7.1,35.4,,2020-09-22,1000.0,SUR,,,,,RUB,3
TQCB,2020-09-22,МТС 1P-06,RU000A0ZYWY5,14.0,114219.3,104.75,104.83,104.78,104.78,3.97,104.79,6.09,104.82,109.0,,104.75,104.78,0.0,2855478.0,0.0,2025-02-26,1413.0,6.09,,,7.25,36.15,,2020-09-22,1000.0,SUR,,,,,RUB,3
TQCB,2020-09-22,ФПК 1P-03,RU000A0ZYX69,4.0,10398.0,103.95,104.0,103.95,103.95,3.95,103.98,6.15,104.0,10.0,103.65,103.65,103.95,2172554.3,2171515.4,2172554.3,2028-02-23,1275.0,6.14,,,7.2,35.9,2024-08-28,2020-09-22,1000.0,SUR,,6.1224,,2024-09-02,RUB,3
TQCB,2020-09-22,РСХБ БО-5Р,RU000A0ZYXJ4,75.0,6516394.9,102.02,102.88,102.75,102.75,2.64,102.72,5.48,102.02,6344.0,102.72,102.72,102.75,6516394.9,6516394.9,6516394.9,2022-03-09,514.0,5.51,,,7.4,36.9,,2020-09-22,1000.0,SUR,,,,,RUB,3
TQCB,2020-09-22,Газпнф1P6R,RU000A0ZYXV9,28.0,2348078.3,104.01,104.79,104.01,104.01,2.37,104.27,5.99,104.44,2252.0,104.27,104.27,104.01,2348078.3,2348078.3,2348078.3,2024-03-07,1140.0,5.9,,,7.2,35.9,,2020-09-22,1000.0,SUR,,,,,RUB,3
TQCB,2020-09-22,Ростел1P4R,RU000A0ZYYE3,4.0,55265.8,103.5,104.29,104.29,104.29,2.15,104.28,5.85,103.5,53.0,104.03,104.27,104.29,3390461.3,1153188.3,3390461.3,2028-03-03,1142.0,5.85,,,7.15,35.65,2024-03-08,2020-09-22,1000.0,SUR,,5.8198,,2024-03-13,RUB,3
TQCB,2020-09-22,ИКС5Фин1P3,RU000A0ZZ083,7.0,97513.1,83.0,84.8,84.0,84.0,,84.06,,84.5,116.0,,84.24,84.0,0.0,564432.0,0.0,2033-03-08,,,,,0.01,0.05,,2020-09-22,1000.0,SUR,,,,2023-03-24,RUB,3
TQIR,2020-09-22,ДрктЛиз1P2,RU000A0ZZ0D3,34.0,563698.6,99.8,99.99,99.91,99.91,31.7,99.95,13.85,99.81,564.0,99.95,99.95,99.91,563698.6,563698.6,563698.6,2021-03-25,176.0,13.76,,,13.0,32.41,,2020-09-22,1000.0,SUR,,,,,RUB,3
TQCB,2020-09-22,ЭлемЛиз1P1,RU000A0ZZ0L6,24.0,26898.92,101.05,101.62,101.22,101.22,6.47,101.26,5.92,101.06,105.0,,100.79,101.22,0.0,500046.69,0.0,2021-03-26,93.0,5.76,,,10.6,6.69,,2020-09-22,253.0,SUR,,,,,RUB,3
TQCB,2020-09-22,СберБ БО6R,RU000A0ZZ117,59.0,3914568.2,104.46,104.74,104.74,104.73,24.26,104.57,5.33,104.46,3739.0,104.7,104.7,104.73,3914568.2,3914568.2,3914568.2,2023-05-19,881.0,5.4,,,7.2,35.9,,2020-09-22,1000.0,SUR,,,,,RUB,3
TQIR,2020-09-22,КарМаниБ2,RU000A0ZZ1F6,155.0,1119296.2,102.46,103.03,102.7,102.7,0.44,102.69,-16.16,103.03,1090.0,102.69,102.69,102.7,1119296.2,1119296.2,1119296.2,2023-05-10,30.0,-16.05,,,16.0,13.59,2020-10-22,2020-09-22,1000.0,SUR,,14.9695,,2022-06-10,RUB,3
TQCB,2020-09-22,ОГК-2 1P3R,RU000A0ZZ1H2,6.0,16121.1,100.51,101.3,100.51,100.51,32.75,100.76,6.03,101.3,16.0,,100.95,100.51,0.0,530984.7,0.0,2023-03-31,186.0,5.53,,,6.95,34.65,2021-04-02,2020-09-22,1000.0,SUR,,5.8434,,2021-04-07,RUB,3
TQCB,2020-09-22,ГТЛК 1P-09,RU000A0ZZ1J8,49.0,28195262.6,100.71,101.3,101.01,101.01,16.31,101.03,7.25,101.08,27907.0,101.03,101.03,101.01,28195262.6,28195262.6,28195262.6,2033-03-18,1264.0,7.24,,,7.35,18.32,2024-09-27,2020-09-22,1000.0,SUR,,7.2179,,2024-10-02,RUB,3
TQCB,2020-09-22,ПИК БО-П04,RU000A0ZZ1M2,1.0,70000.0,100.0,100.0,100.0,100.0,30.63,100.0,6.49,100.0,70.0,,,100.0,0.0,0.0,0.0,2028-03-24,10.0,6.49,,,6.5,32.41,2020-10-02,2020-09-22,1000.0,SUR,,,,,RUB,3
TQCB,2020-09-22,ДОМ 1P-3R,RU000A0ZZ1N0,1.0,2786392.5,100.05,100.05,100.05,100.05,37.7,100.05,5.9,100.05,2785.0,,100.06,100.05,0.0,2898732.1,0.0,2028-03-24,10.0,5.9,,,8.0,39.89,2020-10-02,2020-09-22,1000.0,SUR,,3.5483,,2020-10-07,RUB,3
TQCB,2020-09-22,МРСКЦенБО6,RU000A0ZZ1Y7,1.0,1004.5,100.45,100.45,100.45,100.45,31.99,100.45,6.17,100.45,1.0,,100.75,100.45,0.0,1510192.4,0.0,2028-03-28,190.0,6.17,,,6.95,34.65,2021-04-06,2020-09-22,1000.0,SUR,,6.0702,,2021-04-08,RUB,3
TQCB,2020-09-22,ТрнфБО1P10,RU000A0ZZ349,3.0,3060.4,101.9,102.19,101.95,101.95,31.64,102.01,5.11,102.19,3.0,101.9,101.9,101.95,126664695.7,24649688.8,126664695.7,2021-10-08,363.0,5.05,,,7.0,34.9,,2020-09-22,1000.0,SUR,,,,,RUB,3
TQCB,2020-09-22,СберИОС7,RU000A0ZZ3U1,2.0,1052595.0,100.1,103.19,100.1,100.1,,100.25,,103.19,1050.0,100.04,100.05,100.1,6400769.4,5400769.4,6400769.4,2021-05-16,,,,,0.01,0.31,,2020-09-22,1000.0,SUR,,,,,RUB,3
TQOD,2020-09-22,АЛЬФА-Б1P2,RU000A0ZZ4B9,1.0,979.0,97.9,97.9,97.9,97.9,0.04,97.9,2.01,97.9,1.0,97.0631,97.0589,97.9,12186186.38,7351865.08,12186186.38,2021-10-20,393.0,2.01,,,0.01,0.15,,2020-09-22,1000.0,USD,,,2.0026,,USD,3
TQCB,2020-09-22,РСХБ 01Т1,RU000A0ZZ4T1,36.0,1407566.5,105.53,106.46,105.96,105.97,37.73,106.07,8.09,105.53,1327.0,106.07,106.07,105.97,1407566.5,1407566.5,1407566.5,,2012.0,8.07,,,9.0,44.88,2028-04-12,2020-09-22,1000.0,SUR,,,,,RUB,3
TQCB,2020-09-22,РСХБ 09Т1,RU000A0ZZ505,58.0,1290686.2,105.11,105.82,105.77,105.77,37.48,105.28,8.13,105.6,1226.0,105.28,105.28,105.77,1290686.2,1290686.2,1290686.2,,2009.0,8.22,,,9.0,44.88,2028-04-13,2020-09-22,1000.0,SUR,,,,,RUB,3
TQCB,2020-09-22,Пионер 1P3,RU000A0ZZ547,23.0,175870.2,100.84,102.43,102.32,102.32,19.73,101.66,8.1,101.85,173.0,,102.15,102.32,0.0,614928.5,0.0,2021-04-23,205.0,9.33,,,12.0,29.92,,2020-09-22,1000.0,SUR,,,,,RUB,3
TQCB,2020-09-22,ПочтаРБ1P4,RU000A0ZZ5H3,2.0,5228.1,104.01,104.7,104.7,104.7,29.75,104.56,5.81,104.01,5.0,104.28,104.28,104.7,922846.9,915540.0,922846.9,2028-04-24,858.0,5.87,,,7.7,38.39,2023-05-01,2020-09-22,1000.0,SUR,,5.7841,,2023-05-04,RUB,3
TQCB,2020-09-22,ПочтаРБ1P5,RU000A0ZZ5J9,13.0,75172.2,104.0,105.22,104.51,104.51,29.75,104.41,5.89,104.01,72.0,,104.81,104.51,0.0,540816.2,0.0,2028-04-24,858.0,5.93,,,7.7,38.39,2023-05-01,2020-09-22,1000.0,SUR,,5.8634,,2023-05-04,RUB,3
TQCB,2020-09-22,СберИОС10,RU000A0ZZ5U6,2.0,1920.7,95.88,96.19,96.19,96.04,,96.04,,95.88,2.0,,94.38,96.04,0.0,721975.7,0.0,2021-11-19,,,,,0.01,0.35,,2020-09-22,1000.0,SUR,,,,,RUB,3
TQCB,2020-09-22,ДОМ 1P-4R,RU000A0ZZ7C0,3.0,241800.5,100.4,101.95,101.95,101.95,20.99,101.17,5.19,100.4,239.0,,102.1,101.95,0.0,970120336.9,0.0,2028-05-10,260.0,6.31,,,7.9,39.39,2021-06-16,2020-09-22,1000.0,SUR,,5.0749,,2021-06-21,RUB,3
TQCB,2020-09-22,ДДёнерБОП1,RU000A0ZZ7R8,8.0,573725.0,103.2,104.6,103.2,103.2,210.96,104.31,9.72,104.0,11.0,104.22,104.25,103.2,1198500.0,729725.0,1198500.0,2021-07-08,248.0,8.0,,,14.0,575.34,,2020-09-22,50000.0,SUR,,,,,RUB,3
TQCB,2020-09-22,КАМАЗ БО10,RU000A0ZZ877,2.0,1998.0,99.9,99.9,99.9,99.9,19.59,99.9,6.65,99.9,2.0,,99.96,99.9,0.0,532774.2,0.0,2033-05-10,63.0,6.65,,,6.01,29.97,2020-11-24,2020-09-22,1000.0,SUR,,,,,RUB,3
TQCB,2020-09-22,КАМАЗ БО11,RU000A0ZZ893,1.0,999.0,99.9,99.9,99.9,99.9,19.59,99.9,6.65,99.9,1.0,,99.97,99.9,0.0,513826.1,0.0,2033-05-10,63.0,6.65,,,6.01,29.97,2020-11-24,2020-09-22,1000.0,SUR,,,,,RUB,3
TQIR,2020-09-22,ПЮДМ БО-П1,RU000A0ZZ8A2,8.0,611015.0,101.05,102.16,101.05,101.84,123.29,101.84,14.11,102.16,12.0,101.9,101.88,101.84,764255.0,713175.0,764255.0,2023-05-04,224.0,12.67,,,15.0,616.44,2021-05-14,2020-09-22,50000.0,SUR,,13.7486,,2021-05-19,RUB,3
TQCB,2020-09-22,КраснодКр2,RU000A0ZZ8X4,5.0,330186.6,104.34,105.5,105.36,105.36,4.39,105.49,5.93,104.34,313.0,104.76,104.75,105.36,5824818.4,5605006.0,5824818.4,2025-06-03,1061.0,5.88,,,7.63,19.02,,2020-09-22,1000.0,SUR,,,,,RUB,3
TQCB,2020-09-22,ГТЛК 1P-10,RU000A0ZZ984,22.0,653122.8,96.3,96.78,96.47,96.47,3.03,96.62,6.72,96.76,676.0,96.62,96.62,96.47,653122.8,653122.8,653122.8,2033-05-20,3207.0,6.71,,,6.15,15.33,,2020-09-22,1000.0,SUR,,8.5913,,2022-06-08,RUB,3
TQCB,2020-09-22,СберИОС11,RU000A0ZZ992,2.0,3904.0,97.6,97.6,97.6,97.6,,97.6,,97.6,4.0,,96.0,97.6,0.0,526105.3,0.0,2021-12-24,,,,,0.01,0.35,,2020-09-22,1000.0,SUR,,,,,RUB,3
TQCB,2020-09-22,РЖД 1Р-07R,RU000A0ZZ9R4,6.0,29297.0,104.5,105.56,105.55,105.55,20.6,104.63,5.69,104.6,28.0,,104.5,105.55,0.0,43917255.6,0.0,2033-05-26,1191.0,5.97,,,7.3,36.4,2024-06-06,2020-09-22,1000.0,SUR,,5.6715,,2024-06-11,RUB,3
TQCB,2020-09-22,УрКаПБО4P,RU000A0ZZ9W4,27.0,573191.7,103.6,104.71,104.69,104.69,21.52,103.84,5.88,104.6,552.0,103.84,103.84,104.69,573191.7,573191.7,573191.7,2023-06-09,896.0,6.23,,,7.7,38.39,,2020-09-22,1000.0,SUR,,,,,RUB,3
TQOD,2020-09-22,ГТЛК 1P-11,RU000A0ZZAL5,1.0,1074.5,107.45,107.45,107.45,107.45,0.65,107.45,3.12,107.45,1.0,107.6164,107.5068,107.45,2196498.33,1703556.31,2196498.33,2033-06-03,930.0,3.12,,,5.95,14.83,2023-06-16,2020-09-22,1000.0,USD,,3.1027,,2023-06-21,USD,3
TQIR,2020-09-22,ПионЛизБП1,RU000A0ZZAT8,63.0,1264415.4,99.4,100.21,100.0,99.73,3.02,99.72,12.96,100.1,1268.0,99.72,99.72,99.73,1264415.4,1264415.4,1264415.4,2023-05-31,838.0,13.1,,,12.25,10.07,,2020-09-22,1000.0,SUR,,12.5194,,2021-06-18,RUB,3
TQCB,2020-09-22,ПИК БО-П06,RU000A0ZZAW2,14.0,283262.8,100.06,100.35,100.27,100.27,17.14,100.09,5.87,100.08,283.0,,100.1,100.27,0.0,566544.2,0.0,2021-06-23,92.0,6.63,,,6.95,34.65,2020-12-23,2020-09-22,1000.0,SUR,,,,,RUB,3
TQCB,2020-09-22,ПИК БО-П07,RU000A0ZZBJ7,80.0,8929429.3,101.5,102.0,101.84,101.84,20.98,101.83,6.24,101.76,8769.0,101.83,101.83,101.84,8929429.3,8929429.3,8929429.3,2021-06-25,269.0,6.25,,,8.7,43.38,,2020-09-22,1000.0,SUR,,,,,RUB,3
TQCB,2020-09-22,СберБ Б12R,RU000A0ZZBN9,30.0,1253611.5,103.0,103.3,103.2,103.2,9.99,103.21,5.2,103.0,1214.0,103.26,103.26,103.2,1253611.5,1253611.5,1253611.5,2022-02-02,479.0,5.19,,,7.6,37.9,,2020-09-22,1000.0,SUR,,,,,RUB,3
TQCB,2020-09-22,ЕвропланБ8,RU000A0ZZBV2,25.0,280730.1,100.3,100.7,100.7,100.7,17.03,100.62,6.92,100.65,279.0,,100.73,100.7,0.0,501632.5,0.0,2028-06-20,443.0,6.98,,,7.4,36.9,2021-12-28,2020-09-22,1000.0,SUR,,6.8567,,2021-12-31,RUB,3
TQCB,2020-09-22,ЛЕГЕНДА1P1,RU000A0ZZCV0,104.0,1284364.65,100.84,101.71,101.44,101.44,19.85,101.49,10.77,100.86,1834.0,101.49,101.49,101.44,1284364.65,1284364.65,1284364.65,2021-07-08,146.0,10.64,,,14.0,24.08,,2020-09-22,690.0,SUR,,,,,RUB,3
TQIR,2020-09-22,ЧЗПСН-П Б1,RU000A0ZZD39,22.0,89665.1,104.16,104.35,104.31,104.31,31.12,104.26,10.45,104.16,86.0,,104.19,104.31,0.0,504260.1,0.0,2021-07-12,280.0,10.52,,,16.0,79.78,,2020-09-22,1000.0,SUR,,,,,RUB,3
TQCB,2020-09-22,СберБ Б16R,RU000A0ZZE20,41.0,2018509.5,104.37,105.15,104.99,104.99,12.74,104.97,5.25,104.95,1923.0,104.97,104.97,104.99,2018509.5,2018509.5,2018509.5,2023-01-18,787.0,5.26,,,7.5,37.4,,2020-09-22,1000.0,SUR,,,,,RUB,3
TQIR,2020-09-22,СолЛизБО01,RU000A0ZZEA0,3.0,5000.0,100.0,100.0,100.0,100.0,23.3,100.0,14.18,100.0,5.0,,100.1,100.0,0.0,570575.9,0.0,2023-07-18,284.0,14.18,,,13.5,33.66,2021-07-20,2020-09-22,1000.0,SUR,,13.5075,,2021-08-03,RUB,3
TQCB,2020-09-22,ЯрОбл35016,RU000A0ZZEM5,1.0,1063.0,106.3,106.3,106.3,106.3,18.73,106.3,6.23,106.3,1.0,,106.61,106.3,0.0,700416.7,0.0,2025-09-21,1206.0,6.23,,,7.95,19.82,,2020-09-22,1000.0,SUR,,,,,RUB,3
TQCB,2020-09-22,ГазпромБ22,RU000A0ZZES2,8.0,391613.6,108.47,108.98,108.98,108.98,12.43,108.48,6.02,108.6,361.0,109.95,108.68,108.98,10479446.0,612936.4,10479446.0,2048-06-23,1491.0,6.14,,,8.1,40.39,2025-07-22,2020-09-22,1000.0,SUR,,5.996,,2025-07-29,RUB,3
TQCB,2020-09-22,ГазпромБ23,RU000A0ZZET0,3.0,486142.8,108.83,109.09,109.0,109.0,12.43,109.0,6.02,108.83,446.0,109.03,109.03,109.0,1536273.3,1536273.3,1536273.3,2048-06-23,1491.0,6.02,,,8.1,40.39,2025-07-22,2020-09-22,1000.0,SUR,,5.9913,,2025-07-29,RUB,3
TQCB,2020-09-22,Альфа-Б2Р1,RU000A0ZZEW4,7.0,3060144.4,101.8,102.44,102.28,101.8,11.25,101.8,5.2,102.44,3006.0,101.8,101.8,101.8,3215952.8,3074454.4,3215952.8,2021-08-02,307.0,5.79,,,7.9,39.61,,2020-09-22,1000.0,SUR,,,,,RUB,3
TQCB,2020-09-22,ЦППК 1P-02,RU000A0ZZFH2,49.0,3164605.6,102.26,103.06,102.63,102.63,13.22,102.45,6.75,102.26,3089.0,102.45,102.45,102.63,3164605.6,3164605.6,3164605.6,2021-08-03,307.0,6.97,,,9.85,49.12,,2020-09-22,1000.0,SUR,,,,,RUB,3
TQCB,2020-09-22,ПР-Лиз 1P1,RU000A0ZZFP5,4.0,14114.0,100.71,100.9,100.88,100.88,15.12,100.81,9.31,100.89,14.0,,100.74,100.88,0.0,515807.0,0.0,2021-08-04,302.0,9.4,,,11.5,28.67,,2020-09-22,1000.0,SUR,,8.7681,,2021-02-10,RUB,3
TQOD,2020-09-22,АЛЬФА-Б1P3,RU000A0ZZG36,4.0,7843.4,97.8,98.1,97.8,97.8,0.01,98.0425,2.38,98.05,8.0,98.0163,98.0163,97.8,1996109.6,1996109.6,1996109.6,2021-09-06,349.0,2.11,,,0.01,0.05,,2020-09-22,1000.0,USD,,,,,USD,3
TQCB,2020-09-22,СУЭК-Ф1P2R,RU000A0ZZG93,3.0,117301.4,102.0,102.14,102.14,102.14,9.78,102.0,5.83,102.0,115.0,101.38,101.65,102.14,3406382.9,856870.9,3406382.9,2021-08-09,314.0,6.0,,,8.3,41.39,,2020-09-22,1000.0,SUR,,,,,RUB,3
TQCB,2020-09-22,ФолксвБ1P2,RU000A0ZZGE7,35.0,73057.2,102.52,102.96,102.9,102.9,8.72,102.9,5.31,102.52,71.0,,102.84,102.9,0.0,629403.5,0.0,2021-08-17,322.0,5.31,,,8.6,43.12,,2020-09-22,1000.0,SUR,,,,,RUB,3
TQCB,2020-09-22,РЖД 1Р-08R,RU000A0ZZGT5,5.0,5993.2,99.23,100.05,100.01,100.02,6.68,99.89,6.15,99.23,6.0,,100.17,100.02,0.0,514866.8,0.0,2028-08-03,142.0,6.47,,,6.1,30.42,2021-02-11,2020-09-22,1000.0,SUR,,,,,RUB,3
TQIR,2020-09-22,МясничБОП2,RU000A0ZZGZ2,19.0,262609.7,103.6,104.49,104.25,104.25,5.18,104.21,7.29,103.6,252.0,,103.99,104.25,0.0,578182.7,0.0,2021-08-04,238.0,7.35,,,13.5,11.1,,2020-09-22,1000.0,SUR,,,,,RUB,3
TQCB,2020-09-22,ВТБ Б-1-8,RU000A0ZZH84,28.0,901933.3,102.38,102.79,102.79,102.76,7.67,102.61,4.96,102.38,879.0,102.61,102.61,102.76,901933.3,901933.3,901933.3,2021-08-24,325.0,5.17,,,8.0,19.95,,2020-09-22,1000.0,SUR,,,,,RUB,3
TQCB,2020-09-22,СберИОС25,RU000A0ZZKR1,2.0,1247004.0,120.6,120.6,120.6,120.6,,120.6,,120.6,1034.0,,123.22,120.6,0.0,10515191.0,0.0,2022-03-15,,,,,1.35,47.6,,2020-09-22,1000.0,SUR,,,,,RUB,3
TQCB,2020-09-22,СберИОС22,RU000A0ZZL54,1.0,1221.6,122.16,122.16,122.16,122.16,,122.16,,122.16,1.0,,116.77,122.16,0.0,1412970.7,0.0,2021-10-14,,,,,0.01,0.31,,2020-09-22,1000.0,SUR,,,,,RUB,3
TQCB,2020-09-22,СберИОС18,RU000A0ZZMA3,1.0,1175466.0,122.7,122.7,122.7,122.7,,122.7,,122.7,958.0,,125.46,122.7,0.0,9447129.0,0.0,2022-03-31,,,,,1.35,47.6,,2020-09-22,1000.0,SUR,,,,,RUB,3
TQCB,2020-09-22,СберИОС23,RU000A0ZZMB1,1.0,1210.7,121.07,121.07,121.07,121.07,,121.07,,121.07,1.0,120.39,119.86,121.07,3204667.3,744314.9,3204667.3,2022-03-24,,,,,0.01,0.35,,2020-09-22,1000.0,SUR,,,,,RUB,3
TQIR,2020-09-22,СолЛизБО02,RU000A0ZZMQ9,12.0,283092.0,99.98,100.5,99.98,99.98,0.0,100.03,14.22,100.01,283.0,,100.25,99.98,0.0,541351.5,0.0,2023-09-19,347.0,14.16,,,13.5,33.66,2021-09-21,2020-09-22,1000.0,SUR,,13.6641,,2021-10-05,RUB,3
TQCB,2020-09-22,ДерПлат1P2,RU000A0ZZNL8,3.0,5000.0,100.0,100.0,100.0,100.0,40.77,100.0,12.1,100.0,5.0,,99.96,100.0,0.0,506810.3,0.0,2023-05-18,58.0,12.1,,,12.0,59.84,2020-11-19,2020-09-22,1000.0,SUR,,10.9406,,2020-11-24,RUB,3
TQCB,2020-09-22,ЛегионБО-1,RU000A0ZZNV7,40.0,805896.4,99.97,100.35,100.35,100.35,64.82,100.11,3.18,100.04,805.0,100.11,100.11,100.35,805896.4,805896.4,805896.4,2021-10-04,13.0,10.48,,,14.0,69.81,2020-10-05,2020-09-22,1000.0,SUR,,2.4044,,2020-10-08,RUB,3
TQCB,2020-09-22,СберИОС29,RU000A0ZZP27,1.0,17400.0,116.0,116.0,116.0,116.0,,116.0,,116.0,15.0,114.91,115.03,116.0,2467166.8,1042134.8,2467166.8,2021-11-11,,,,,0.01,0.31,,2020-09-22,1000.0,SUR,,,,,RUB,3
TQCB,2020-09-22,СберИОС27,RU000A0ZZP35,2.0,2406554.0,125.8,125.8,125.8,125.8,,125.8,,125.8,1913.0,,129.41,125.8,0.0,11469682.0,0.0,2022-04-18,,,,,1.35,47.64,,2020-09-22,1000.0,SUR,,,,,RUB,3
TQCB,2020-09-22,Новосиб 19,RU000A0ZZPB4,1.0,1084.0,108.4,108.4,108.4,108.4,15.26,108.4,3.4,108.4,1.0,,105.42,108.4,0.0,537656.3,0.0,2023-10-15,579.0,3.4,,,8.57,21.37,,2020-09-22,1000.0,SUR,,,,,RUB,3
TQCB,2020-09-22,РСХБ БО-6Р,RU000A0ZZPZ3,11.0,563732.5,105.9,106.35,106.24,105.9,38.96,105.96,5.82,106.09,532.0,105.96,105.96,105.9,563732.5,563732.5,563732.5,2022-10-14,680.0,5.97,,,9.0,44.88,,2020-09-22,1000.0,SUR,,,,,RUB,3
TQCB,2020-09-22,СберИОС33,RU000A0ZZQ18,1.0,605626.0,126.7,126.7,126.7,126.7,,126.7,,126.7,478.0,,130.03,126.7,0.0,11465046.1,0.0,2022-04-28,,,,,1.35,47.6,,2020-09-22,1000.0,SUR,,,,,RUB,3
TQCB,2020-09-22,СветофорП1,RU000A0ZZQ59,13.0,87357.1,100.4,100.74,100.4,100.4,24.16,100.41,8.68,100.41,87.0,,100.51,100.4,0.0,506582.6,0.0,2020-10-20,28.0,8.53,,,14.0,34.9,,2020-09-22,1000.0,SUR,,,8.0479,,RUB,3
TQCB,2020-09-22,ФСК ЕЭС1Р1,RU000A0ZZQN7,2.0,5455.9,108.07,110.69,108.07,108.07,14.54,109.12,5.94,110.69,5.0,,109.49,108.07,0.0,24290165.2,0.0,2023-10-19,990.0,5.57,,,8.7,21.69,,2020-09-22,1000.0,SUR,,,,,RUB,3
TQCB,2020-09-22,ЛипецкОб10,RU000A0ZZR33,1.0,815.12,101.89,101.89,101.89,101.89,10.52,101.89,7.92,101.89,1.0,,105.59,101.89,0.0,3599407.76,0.0,2025-10-21,795.0,7.92,,,8.57,17.09,,2020-09-22,800.0,SUR,,,,,RUB,3
TQIR,2020-09-22,ДрктЛиз1P3,RU000A0ZZR90,16.0,696763.1,100.39,101.4,100.39,100.67,21.48,100.83,14.3,101.4,691.0,100.83,100.83,100.67,696763.1,696763.1,696763.1,2021-10-26,369.0,13.82,,,14.0,34.9,,2020-09-22,1000.0,SUR,,,,,RUB,3
TQCB,2020-09-22,АЛЬФА-Б2Р2,RU000A0ZZRB0,15.0,54973.3,103.56,104.0,103.92,103.92,35.31,103.72,5.32,103.56,53.0,,104.17,103.92,0.0,500022.6,0.0,2021-11-01,382.0,5.51,,,8.95,44.87,,2020-09-22,1000.0,SUR,,,,,RUB,3
TQCB,2020-09-22,СберИОС35,RU000A0ZZRU0,1.0,1870.0,93.5,93.5,93.5,93.5,,93.5,,93.5,2.0,,93.18,93.5,0.0,890800.5,0.0,2021-12-06,,,,,0.01,0.31,,2020-09-22,1000.0,SUR,,,,,RUB,3
TQCB,2020-09-22,ТрансмхПБ2,RU000A0ZZRZ9,1.0,1035.5,103.55,103.55,103.55,103.55,36.1,103.55,5.84,103.55,1.0,103.77,103.68,103.55,3330868.6,2300760.1,3330868.6,2021-10-29,379.0,5.84,,,9.15,45.62,,2020-09-22,1000.0,SUR,,,,,RUB,3
TQCB,2020-09-22,ДерПлат1P3,RU000A0ZZS73,3.0,5000.0,100.0,100.0,100.0,100.0,40.77,100.0,12.1,100.0,5.0,,100.0,100.0,0.0,620995.4,0.0,2023-05-18,58.0,12.1,,,12.0,59.84,2020-11-19,2020-09-22,1000.0,SUR,,10.9406,,2020-11-24,RUB,3
TQCB,2020-09-22,СберИОС36,RU000A0ZZSJ1,1.0,1198458.0,125.1,125.1,125.1,125.1,,125.1,,125.1,958.0,,130.71,125.1,0.0,9810800.0,0.0,2022-05-18,,,,,1.35,47.6,,2020-09-22,1000.0,SUR,,,,,RUB,3
TQCB,2020-09-22,УрКаПБО5P,RU000A0ZZT80,20.0,852798.6,103.7,104.21,104.21,104.19,33.89,103.87,5.47,103.71,821.0,103.87,103.87,104.19,852798.6,852798.6,852798.6,2021-11-09,390.0,5.78,,,9.3,46.37,,2020-09-22,1000.0,SUR,,,,,RUB,3
TQCB,2020-09-22,СберИОС28,RU000A0ZZTW2,1.0,746900.0,106.7,106.7,106.7,106.7,,106.7,,106.7,700.0,105.94,106.19,106.7,11177089.0,5483771.0,11177089.0,2021-12-20,,,,,0.01,0.31,,2020-09-22,1000.0,SUR,,,,,RUB,3
TQIR,2020-09-22,МСБЛиз2P01,RU000A0ZZUR0,41.0,109611.8,100.54,100.95,100.9,100.87,1.28,100.91,11.57,100.95,353.0,,101.08,100.87,0.0,502035.97,0.0,2021-05-09,121.0,11.54,,,13.75,3.48,,2020-09-22,307.72,SUR,,,,,RUB,3
TQCB,2020-09-22,СберИОС39,RU000A0ZZUX8,2.0,2518080.0,129.0,129.0,129.0,129.0,,129.0,,129.0,1952.0,,131.55,129.0,0.0,10676552.0,0.0,2022-06-01,,,,,1.35,47.6,,2020-09-22,1000.0,SUR,,,,,RUB,3
TQCB,2020-09-22,ХКФинБ1P2,RU000A0ZZUZ3,10.0,316097.9,102.19,104.0,103.21,103.21,8.77,103.98,7.27,102.19,304.0,,103.98,103.21,0.0,506384.2,0.0,2021-11-19,402.0,6.55,,,10.0,24.93,,2020-09-22,1000.0,SUR,,,,,RUB,3
TQIR,2020-09-22,ГрузЦ БОП2,RU000A0ZZV03,6.0,70921.0,101.22,101.53,101.22,101.22,36.99,101.32,6.2,101.53,7.0,,101.51,101.22,0.0,507543.0,0.0,2020-11-12,51.0,5.43,,,15.0,123.29,,2020-09-22,10000.0,SUR,,,,,RUB,3
TQCB,2020-09-22,ГТЛК 1P-12,RU000A0ZZV11,14.0,290739.4,103.24,103.88,103.88,103.88,8.68,103.84,6.54,103.24,280.0,,104.03,103.88,0.0,655404.4,0.0,2033-11-04,402.0,6.58,,,9.9,24.68,2021-11-19,2020-09-22,1000.0,SUR,,6.4516,,2021-11-24,RUB,3
TQIR,2020-09-22,Роделен1Р1,RU000A0ZZV52,49.0,108053.1,100.5,101.5,101.0,101.0,0.8,101.16,11.29,100.7,275.0,,101.31,101.0,0.0,500139.12,0.0,2021-11-10,210.0,10.98,,,12.5,3.99,,2020-09-22,388.4,SUR,,,,,RUB,3
TQCB,2020-09-22,ИА ДОМ 6P2,RU000A0ZZV86,2.0,382138.73,106.05,106.2,106.2,106.2,3.66,106.2,,106.05,670.0,106.26,106.26,106.2,4424075.61,4412657.5,4424075.61,2048-05-28,,,,,9.95,13.47,2026-08-28,2020-09-22,537.07,SUR,,,,,RUB,3
TQCB,2020-09-22,СберИОС42,RU000A0ZZW69,4.0,517030.0,103.4,104.0,103.4,103.41,,103.41,,103.4,500.0,106.58,103.93,103.41,8311058.0,1972558.0,8311058.0,2022-01-10,,,,,0.01,0.31,,2020-09-22,1000.0,SUR,,,,,RUB,3
TQIR,2020-09-22,РоялКапБО2,RU000A0ZZWG9,3.0,5043.2,100.86,100.87,100.86,100.86,8.05,100.86,9.65,100.87,5.0,,100.53,100.86,0.0,535814.0,0.0,2020-12-01,70.0,9.65,,,14.0,34.9,,2020-09-22,1000.0,SUR,,,9.1567,,RUB,3
TQIR,2020-09-22,ОАЭ  БО-П1,RU000A0ZZWJ3,42.0,633977.7,101.79,102.29,102.19,102.17,10.17,102.09,13.04,102.29,621.0,102.09,102.09,102.17,633977.7,633977.7,633977.7,2023-02-12,556.0,13.11,,,13.75,11.3,,2020-09-22,1000.0,SUR,,,,,RUB,3
TQCB,2020-09-22,СберИОС44,RU000A0ZZWX4,2.0,3795640.0,124.0,124.0,124.0,124.0,,124.0,,124.0,3061.0,,127.54,124.0,0.0,11826703.0,0.0,2022-06-16,,,,,1.35,47.6,,2020-09-22,1000.0,SUR,,,,,RUB,3
TQCB,2020-09-22,СберБ Б52R,RU000A0ZZWZ9,21.0,1537537.6,104.2,104.65,104.52,104.52,9.95,104.45,5.06,104.2,1472.0,104.45,104.45,104.52,1537537.6,1537537.6,1537537.6,2022-02-07,482.0,5.12,,,8.45,42.13,,2020-09-22,1000.0,SUR,,,,,RUB,3
TQCB,2020-09-22,РЖД 1Р-10R,RU000A0ZZX19,5.0,46802.1,105.02,106.4,106.4,106.4,26.13,106.37,4.82,105.02,44.0,106.31,106.31,106.4,3376281.7,3073324.9,3376281.7,2022-06-03,576.0,4.84,,,8.75,43.63,,2020-09-22,1000.0,SUR,,,,,RUB,3
TQCB,2020-09-22,ПР-Лиз 1P2,RU000A0ZZX35,34.0,302318.3,100.84,101.2,101.18,101.19,4.32,101.11,9.79,100.84,299.0,,101.04,101.19,0.0,503203.5,0.0,2021-12-06,418.0,9.85,,,10.5,26.18,,2020-09-22,1000.0,SUR,,,,,RUB,3
TQCB,2020-09-22,ГПБ001P03P,RU000A0ZZXM5,9.0,785512.0,104.5,105.5,105.5,105.5,24.77,104.87,5.62,104.7,749.0,104.89,104.89,105.5,795034.0,795034.0,795034.0,2022-06-13,585.0,6.01,,,8.95,44.87,,2020-09-22,1000.0,SUR,,,,,RUB,3
TQCB,2020-09-22,КЕБ БО1Р02,RU000A0ZZXP8,30.0,262878.8,100.17,100.38,100.38,100.38,21.37,100.34,5.68,100.38,262.0,,100.32,100.38,0.0,565792.5,0.0,2020-12-09,78.0,5.88,,,7.5,37.4,,2020-09-22,1000.0,SUR,,,5.4855,,RUB,3
TQCB,2020-09-22,ВсИнстрБО1,RU000A0ZZXT0,53.0,647044.1,100.5,100.67,100.64,100.64,3.78,100.63,8.7,100.61,643.0,100.63,100.63,100.64,647044.1,647044.1,647044.1,2021-12-09,79.0,8.75,,,11.5,28.67,2020-12-10,2020-09-22,1000.0,SUR,,8.0655,,2020-12-15,RUB,3
TQIR,2020-09-22,СолЛизБО03,RU000A0ZZY42,3.0,18085.0,100.0,100.5,100.5,100.5,2.96,100.47,11.68,100.5,18.0,,100.05,100.5,0.0,527278.8,0.0,2023-12-11,83.0,11.82,,,13.5,33.66,2020-12-14,2020-09-22,1000.0,SUR,,9.834,,2020-12-28,RUB,3
TQCB,2020-09-22,РСХБ 11В1,RU000A0ZZY59,6.0,2046668.1,111.171,113.9998,113.9998,113.9997,1856.09,112.5776,6.86,111.171,24.0,112.5776,112.5776,113.9997,3338474.82,3338474.82,3338474.82,,2186.0,7.08,,,9.0,44.88,2028-12-04,2020-09-22,1000.0,SUR,,,,,USD,3
TQOD,2020-09-22,РСХБ 11В1,RU000A0ZZY59,7.0,16988.94,111.5,113.7,113.7,113.9997,24.41,112.5776,6.91,111.5,15.0,112.5776,112.5776,113.9997,3338474.82,3338474.82,3338474.82,,,7.08,,,9.0,44.88,2028-12-04,2020-09-22,1000.0,USD,,,,,USD,3
TQCB,2020-09-22,Калсб 1P01,RU000A0ZZYL5,142.0,1922861.5,99.8,99.99,99.98,99.98,35.26,99.94,13.39,99.98,1924.0,99.94,99.94,99.98,1922861.5,1922861.5,1922861.5,2023-12-11,414.0,13.43,,,13.0,64.82,2021-12-13,2020-09-22,1000.0,SUR,,13.1631,,2021-12-20,RUB,3
TQIR,2020-09-22,ОАЭ  БО-П2,RU000A0ZZYP6,30.0,160418.6,101.91,102.47,102.22,102.22,5.27,102.18,13.05,102.47,157.0,,102.15,102.22,0.0,503589.4,0.0,2023-02-25,569.0,13.08,,,13.75,11.3,,2020-09-22,1000.0,SUR,,,,,RUB,3
TQCB,2020-09-22,НКНХ 1Р-01,RU000A0ZZZ17,9.0,18266.2,114.03,114.4,114.03,114.03,25.64,114.16,6.64,114.03,16.0,,114.4,114.03,0.0,711576.1,0.0,2028-12-07,1532.0,6.61,,,9.75,48.62,2025-12-11,2020-09-22,1000.0,SUR,,6.6197,,2025-12-16,RUB,3
TQCB,2020-09-22,СберИОС46,RU000A0ZZZ41,2.0,2513682.0,131.4,131.4,131.4,131.4,,131.4,,131.4,1913.0,,,131.4,0.0,0.0,0.0,2022-06-30,,,,,1.35,47.6,,2020-09-22,1000.0,SUR,,,,,RUB,3
TQCB,2020-09-22,АЛЬФА-Б2Р3,RU000A0ZZZ66,15.0,6503321.8,105.53,105.85,105.84,105.84,23.19,105.85,5.72,105.54,6144.0,105.85,105.85,105.84,6503321.8,6503321.8,6503321.8,2022-06-24,595.0,5.71,,,9.2,46.13,,2020-09-22,1000.0,SUR,,,,,RUB,3
TQCB,2020-09-22,СовкЛиз1P1,RU000A0ZZZN8,10.0,400428.65,102.52,103.09,103.09,103.09,0.0,103.08,6.51,102.52,457.0,,103.08,103.09,0.0,707967.83,0.0,2021-12-21,286.0,6.52,,,10.35,25.8,,2020-09-22,850.0,SUR,,,,,RUB,3
TQCB,2020-09-22,ВЭБ 1P-12,RU000A0ZZZP3,34.0,27814622.7,104.45,104.88,104.59,104.58,0.0,104.55,5.41,104.45,26603.0,104.55,104.55,104.58,27814622.7,27814622.7,27814622.7,2021-12-21,436.0,5.44,,,9.14,22.79,,2020-09-22,1000.0,SUR,,,,,RUB,3
TQCB,2020-09-22,iСЛТ001P02,RU000A0ZZZU3,24.0,870653.9,103.51,103.8,103.8,103.8,27.12,103.77,7.87,103.71,839.0,103.77,103.77,103.8,870653.9,870653.9,870653.9,2021-12-22,429.0,7.9,,,11.0,54.85,,2020-09-22,1000.0,SUR,,,,,RUB,3
TQCB,2020-09-22,Автодор2Р2,RU000A100048,1.0,1006.4,100.64,100.64,100.64,100.64,17.68,100.64,4.68,100.64,1.0,100.31,100.31,100.64,527654.9,518606.4,527654.9,2021-12-23,93.0,4.68,,,7.25,36.15,2020-12-24,2020-09-22,1000.0,SUR,,,,,RUB,3
TQCB,2020-09-22,СберИОС48,RU000A1000J1,1.0,971.0,97.1,97.1,97.1,97.1,,97.1,,97.1,1.0,95.59,95.93,97.1,785782.2,635043.7,785782.2,2022-08-08,,,,,0.01,0.35,,2020-09-22,1000.0,SUR,,,,,RUB,3
TQCB,2020-09-22,РедСофт1P2,RU000A1000V6,34.0,296716.8,103.01,103.53,103.01,103.01,14.79,103.39,8.85,103.53,287.0,,103.56,103.01,0.0,515738.2,0.0,2021-05-13,224.0,8.21,,,13.5,33.66,,2020-09-22,1000.0,SUR,,,,,RUB,3
TQCB,2020-09-22,СберИОС54,RU000A100196,1.0,690420.0,124.4,124.4,124.4,124.4,,124.4,,124.4,555.0,,125.94,124.4,0.0,7398841.0,0.0,2022-07-27,,,,,1.35,47.6,,2020-09-22,1000.0,SUR,,,,,RUB,3
TQCB,2020-09-22,ЮАИЗ 1-001,RU000A1001L5,3.0,16364.0,102.1,102.7,102.7,102.7,17.41,102.28,8.32,102.5,16.0,,102.11,102.7,0.0,500349.0,0.0,2024-01-22,452.0,8.67,,,10.25,25.55,2022-01-19,2020-09-22,1000.0,SUR,,7.8639,,2022-02-16,RUB,3
TQCB,2020-09-22,СберИОС49,RU000A1001M3,3.0,178992.0,101.7,101.7,101.7,101.7,,101.7,,101.7,176.0,101.44,100.89,101.7,1156437.0,846467.0,1156437.0,2021-02-12,,,,,0.01,0.2,,2020-09-22,1000.0,SUR,,,,,RUB,3
TQCB,2020-09-22,ММЦБ П01-1,RU000A1001T8,7.0,7384.7,105.49,105.5,105.49,105.49,0.0,105.5,-8.05,105.5,7.0,,102.35,105.49,0.0,500506.9,0.0,2029-01-12,91.0,-8.08,,,13.5,33.66,2020-12-22,2020-09-22,1000.0,SUR,,-7.7276,,2020-12-25,RUB,3
TQCB,2020-09-22,Росбанк2P4,RU000A100220,3.0,13642.7,104.8,104.97,104.8,104.8,13.0,104.94,5.3,104.97,13.0,104.26,104.21,104.8,692275.3,629455.3,692275.3,2022-01-31,473.0,5.19,,,8.95,44.87,,2020-09-22,1000.0,SUR,,,,,RUB,3
TQCB,2020-09-22,МТС 1P-07,RU000A100238,17.0,56891.6,109.2,109.69,109.22,109.22,13.35,109.41,5.77,109.49,52.0,,109.2,109.22,0.0,501233.2,0.0,2024-01-23,1065.0,5.7,,,8.7,21.69,,2020-09-22,1000.0,SUR,,,,,RUB,3
TQCB,2020-09-22,СберИОС55,RU000A100295,3.0,1707404.0,118.9,118.9,118.9,118.9,,118.9,,118.9,1436.0,120.88,120.66,118.9,15408086.0,9931178.0,15408086.0,2022-08-10,,,,,1.35,47.6,,2020-09-22,1000.0,SUR,,,,,RUB,3
TQCB,2020-09-22,РЖД 1Р-12R,RU000A1002C2,6.0,34859.9,106.68,109.04,108.99,108.99,12.63,108.94,5.79,106.68,32.0,,109.34,108.99,0.0,545593.7,0.0,2024-01-26,1080.0,5.8,,,8.7,43.38,,2020-09-22,1000.0,SUR,,,,,RUB,3
TQCB,2020-09-22,ГПБ 1P-05P,RU000A1002E8,49.0,7385993.7,107.1,107.74,107.21,107.23,13.29,107.43,5.91,107.13,6875.0,107.43,107.43,107.23,7385993.7,7385993.7,7385993.7,2023-01-31,788.0,5.81,,,9.15,46.13,,2020-09-22,1000.0,SUR,,,,,RUB,3
TQCB,2020-09-22,Мегафон1P5,RU000A1002P4,1.0,1041.0,104.1,104.1,104.1,104.1,11.71,104.1,5.44,104.1,1.0,104.56,104.6,104.1,32445330.7,28943876.7,32445330.7,2022-01-31,474.0,5.44,,,8.55,42.63,,2020-09-22,1000.0,SUR,,,,,RUB,3
TQCB,2020-09-22,Магнит3Р01,RU000A1002U4,3.0,11472.9,104.12,104.95,104.95,104.95,11.68,104.3,4.94,104.69,11.0,104.2,104.2,104.95,14597457.6,14594307.6,14597457.6,2022-02-01,475.0,5.44,,,8.7,43.38,,2020-09-22,1000.0,SUR,,,,,RUB,3
TQIR,2020-09-22,НафттрнБО1,RU000A100303,6.0,83116.0,103.02,105.83,103.99,103.99,88.77,103.9,12.72,105.83,8.0,,104.31,103.99,0.0,500688.0,0.0,2024-01-11,976.0,12.75,,,13.5,110.96,,2020-09-22,10000.0,SUR,,1.6862,,2021-02-04,RUB,3
TQCB,2020-09-22,ГТЛК 1P-13,RU000A1003A4,24.0,4651885.9,104.04,104.48,104.45,104.19,11.97,104.4,6.22,104.18,4456.0,104.4,104.4,104.19,4651885.9,4651885.9,4651885.9,2034-01-20,470.0,6.26,,,9.5,23.68,2022-02-04,2020-09-22,1000.0,SUR,,6.1457,,2022-02-09,RUB,3
TQCB,2020-09-22,КАМАЗ БОП1,RU000A1003C0,17.0,758837.21,102.5,103.15,103.15,103.15,8.51,102.51,5.87,102.51,987.0,102.51,102.51,103.15,758837.21,758837.21,758837.21,2022-02-04,365.0,6.53,,,9.0,33.66,,2020-09-22,750.0,SUR,,,,,RUB,3
TQIR,2020-09-22,АПРИФП БП1,RU000A1003E6,120.0,821977.4,102.55,104.91,104.39,104.39,7.89,104.05,13.17,103.9,790.0,104.05,104.05,104.39,821977.4,821977.4,821977.4,2022-01-27,444.0,13.47,,,16.0,13.15,,2020-09-22,1000.0,SUR,,,,,RUB,3
TQCB,2020-09-22,СберИОС57,RU000A1003G1,1.0,1406.9,140.69,140.69,140.69,140.69,,140.69,,140.69,1.0,,140.31,140.69,0.0,902214.0,0.0,2022-03-21,,,,,0.01,0.31,,2020-09-22,1000.0,SUR,,,,,RUB,3
TQCB,2020-09-22,ФолксвБ1P3,RU000A1003L1,7.0,29116.2,103.92,104.1,104.1,104.1,9.27,103.99,5.88,104.04,28.0,104.33,104.33,104.1,655211.6,620781.5,655211.6,2022-02-15,488.0,5.96,,,8.9,44.62,,2020-09-22,1000.0,SUR,,,,,RUB,3
TQCB,2020-09-22,ФридФинБО1,RU000A1003N7,23.0,1379659.6,108.6,109.1,108.6,108.65,13.15,108.72,5.53,108.81,1269.0,108.72,108.72,108.65,1379659.6,1379659.6,1379659.6,2022-02-10,477.0,5.44,,,12.0,59.84,,2020-09-22,1000.0,SUR,,-56.1406,,2020-11-03,RUB,3
TQCB,2020-09-22,ТойотаБ1P2,RU000A100436,4.0,34366.6,103.84,104.28,104.28,104.15,7.67,104.14,5.63,103.84,33.0,,103.82,104.15,0.0,617741.7,0.0,2022-02-21,495.0,5.73,,,8.75,43.87,,2020-09-22,1000.0,SUR,,,,,RUB,3
TQCB,2020-09-22,СберИОС61,RU000A100451,1.0,1126900.0,118.0,118.0,118.0,118.0,,118.0,,118.0,955.0,,119.66,118.0,0.0,11234962.0,0.0,2022-08-29,,,,,1.35,47.6,,2020-09-22,1000.0,SUR,,,,,RUB,3
TQCB,2020-09-22,НПК ПБО-02,RU000A1004A2,2.0,107550.0,107.5,107.6,107.6,107.6,7.96,107.55,5.74,107.5,100.0,,107.26,107.6,0.0,537358.5,0.0,2024-02-15,880.0,5.76,,,8.8,43.88,,2020-09-22,1000.0,SUR,,,,,RUB,3
TQCB,2020-09-22,Магнит3Р02,RU000A1004G9,15.0,30483.8,101.51,101.7,101.53,101.53,6.52,101.61,4.81,101.7,30.0,,101.61,101.53,0.0,534446.0,0.0,2021-02-23,154.0,4.62,,,8.5,42.38,,2020-09-22,1000.0,SUR,,,4.7145,,RUB,3
TQCB,2020-09-22,ЕвропланБ5,RU000A1004K1,29.0,111346.9,100.99,101.45,101.15,101.24,7.21,101.22,7.03,100.99,110.0,,101.17,101.24,0.0,1137127.3,0.0,2029-02-14,155.0,6.86,,,9.75,48.62,2021-02-24,2020-09-22,1000.0,SUR,,6.7698,,2021-03-01,RUB,3
TQCB,2020-09-22,СберИОС59,RU000A1004M7,4.0,2015694.0,101.7,101.7,101.7,101.7,,101.7,,101.7,1982.0,103.44,103.44,101.7,4273151.0,4273151.0,4273151.0,2022-04-04,,,,,0.01,0.31,,2020-09-22,1000.0,SUR,,,,,RUB,3
TQCB,2020-09-22,СберИОС64,RU000A1004N5,4.0,1990817.9,94.8,96.59,94.8,94.8,,94.47,,96.59,2100.0,94.83,94.83,94.8,2232378.0,2232378.0,2232378.0,2022-09-30,,,,,0.01,0.35,,2020-09-22,1000.0,SUR,,,,,RUB,3
TQCB,2020-09-22,РЕСОЛизБП2,RU000A1004S4,5.0,44801.7,104.19,104.19,104.19,104.19,6.91,104.19,6.67,104.19,43.0,,104.6,104.19,0.0,1017777.7,0.0,2022-02-24,496.0,6.67,,,9.7,48.37,,2020-09-22,1000.0,SUR,,,,,RUB,3
TQCB,2020-09-22,ЕАБР 1Р-03,RU000A1004X4,1.0,1019.9,101.99,101.99,101.99,101.99,3.3,101.99,4.2,101.99,1.0,,101.51,101.99,0.0,4121416.0,0.0,2021-03-09,168.0,4.2,,,8.6,42.88,,2020-09-22,1000.0,SUR,,,4.129,,RUB,3
TQCB,2020-09-22,НЗРМ БО-П1,RU000A1004Z9,2.0,21455.0,106.56,107.99,106.56,106.56,3.7,107.28,10.12,107.99,2.0,,107.13,106.56,0.0,503524.0,0.0,2022-08-12,615.0,9.68,,,13.5,110.96,,2020-09-22,10000.0,SUR,,,,,RUB,3
TQIR,2020-09-22,БЭЛТИ БОП1,RU000A100535,4.0,5437.72,101.43,101.5,101.43,101.43,5.4,101.45,12.67,101.43,8.0,,100.84,101.43,0.0,502015.41,0.0,2022-03-01,284.0,12.65,,,14.0,23.39,,2020-09-22,670.0,SUR,,,,,RUB,3
TQCB,2020-09-22,СберИОС62,RU000A100576,2.0,1281282.0,119.3,119.3,119.3,119.3,,119.3,,119.3,1074.0,,126.52,119.3,0.0,8513664.0,0.0,2022-09-12,,,,,1.35,47.6,,2020-09-22,1000.0,SUR,,,,,RUB,3
TQCB,2020-09-22,МОЭК БО1P1,RU000A1005H4,1.0,5220.0,104.4,104.4,104.4,104.4,4.74,104.4,5.5,104.4,5.0,,104.3,104.4,0.0,469429498.1,0.0,2025-02-26,504.0,5.5,,,8.65,43.13,2022-03-02,2020-09-22,1000.0,SUR,,5.4378,,2022-03-07,RUB,3
TQCB,2020-09-22,Система1P9,RU000A1005L6,56.0,9717969.9,104.37,105.15,104.97,104.97,5.42,104.91,6.32,105.14,9263.0,104.91,104.91,104.97,9717969.9,9717969.9,9717969.9,2029-02-21,501.0,6.37,,,9.9,49.36,2022-03-02,2020-09-22,1000.0,SUR,,6.2558,,2022-03-07,RUB,3
TQIR,2020-09-22,СолЛизБО04,RU000A1005N2,8.0,196719.0,98.3,98.5,98.3,98.3,5.14,98.36,17.47,98.5,200.0,98.35,98.31,98.3,1369971.7,697998.5,1369971.7,2024-03-04,164.0,17.31,,,12.5,31.16,2021-03-08,2020-09-22,1000.0,SUR,,15.9732,,2021-03-22,RUB,3
TQCB,2020-09-22,ГарИнв1P05,RU000A1005T9,726.0,16317674.15,95.66,96.98,96.61,96.71,24.93,96.64,14.67,96.72,17589.0,96.64,96.64,96.71,16317674.15,16317674.15,16317674.15,2024-04-05,654.0,14.65,,,12.0,29.04,,2020-09-22,960.0,SUR,,,,,RUB,3
TQCB,2020-09-22,РОЛЬФ 1Р01,RU000A1005Y9,60.0,1899776.5,102.01,102.49,102.42,102.42,4.01,102.14,8.94,102.48,1860.0,102.14,102.14,102.42,1899776.5,1899776.5,1899776.5,2022-03-08,499.0,9.16,,,10.45,26.05,,2020-09-22,1000.0,SUR,,,,,RUB,3
TQIR,2020-09-22,МясничБОП3,RU000A1006B5,122.0,1007177.1,103.68,104.87,104.3,104.3,6.29,104.26,11.64,104.46,966.0,104.26,104.26,104.3,1007177.1,1007177.1,1007177.1,2024-02-17,637.0,11.67,,,13.5,11.1,,2020-09-22,1000.0,SUR,,,,,RUB,3
TQIR,2020-09-22,ПионЛизБП2,RU000A1006C3,62.0,594594.4,89.51,90.49,90.0,90.0,4.89,89.95,13.17,90.28,661.0,89.95,89.95,90.0,594594.4,594594.4,594594.4,2029-01-21,1967.0,13.18,,,10.5,8.63,,2020-09-22,1000.0,SUR,,,,,RUB,3
TQCB,2020-09-22,Мегафон1P6,RU000A1006G4,2.0,7735.0,110.5,110.5,110.5,110.5,1.95,110.5,5.61,110.5,7.0,,106.01,110.5,0.0,792980.3,0.0,2024-03-11,1123.0,5.61,,,8.9,44.38,,2020-09-22,1000.0,SUR,,,,,RUB,3
TQCB,2020-09-22,СберИОС72,RU000A1006R1,3.0,3114696.0,119.2,119.2,119.2,119.2,,119.2,,119.2,2613.0,,121.04,119.2,0.0,9908364.0,0.0,2022-09-28,,,,,1.35,47.6,,2020-09-22,1000.0,SUR,,,,,RUB,3
TQCB,2020-09-22,БрайтФ БП1,RU000A100725,3.0,3999.9,99.99,100.0,100.0,100.0,23.16,100.0,9.72,99.99,4.0,,99.94,100.0,0.0,510673.5,0.0,2029-03-15,2.0,9.72,,,9.5,23.68,2020-09-24,2020-09-22,1000.0,SUR,,9.421,,2021-04-01,RUB,3
TQCB,2020-09-22,АВТОБФ БП2,RU000A100733,112.0,808066.4,100.82,101.58,101.03,101.04,0.0,101.13,9.03,100.82,799.0,101.13,101.13,101.04,808066.4,808066.4,808066.4,2024-03-19,182.0,8.81,,,11.0,54.85,2021-03-23,2020-09-22,1000.0,SUR,,8.8305,,2021-03-26,RUB,3
TQCB,2020-09-22,ТрейдбБОП1,RU000A100741,17.0,312862.4,101.04,101.39,101.04,101.04,0.0,101.25,13.43,101.35,309.0,,101.32,101.04,0.0,507626.2,0.0,2021-03-23,179.0,12.95,,,15.0,37.4,,2020-09-22,1000.0,SUR,,,,,RUB,3
TQCB,2020-09-22,СберБ Б78R,RU000A100758,87.0,13121114.5,101.61,102.31,101.9,101.9,40.21,101.94,4.4,101.61,12868.0,101.97,101.97,101.9,13121114.5,13121114.5,13121114.5,2021-03-26,178.0,4.31,,,8.2,40.89,,2020-09-22,1000.0,SUR,,,,,RUB,3
TQCB,2020-09-22,Лента Б1P2,RU000A100782,7.0,20883.0,104.0,104.55,104.45,104.45,42.89,104.42,5.59,104.55,20.0,,104.47,104.45,0.0,500424.3,0.0,2029-03-14,504.0,5.61,,,8.65,43.13,2022-03-23,2020-09-22,1000.0,SUR,,8.6398,,2022-03-28,RUB,3
TQCB,2020-09-22,СберИОС70,RU000A1007B3,1.0,99200.0,99.2,99.2,99.2,99.2,,99.2,,99.2,100.0,101.31,101.3,99.2,6030695.0,5827695.0,6030695.0,2021-04-15,,,,,0.01,0.2,,2020-09-22,1000.0,SUR,,,,,RUB,3
TQCB,2020-09-22,СберИОС71,RU000A1007C1,2.0,53716.0,103.3,103.3,103.3,103.3,,103.3,,103.3,52.0,102.59,102.59,103.3,4166144.4,4166144.4,4166144.4,2022-04-28,,,,,0.01,0.3,,2020-09-22,1000.0,SUR,,,,,RUB,3
TQCB,2020-09-22,Славнеф1Р2,RU000A1007H0,4.0,106575969.5,106.0,106.7,106.7,106.7,21.09,106.56,5.88,106.0,100015.0,106.55,106.56,106.7,117207755.6,107194896.5,117207755.6,2029-03-15,817.0,5.94,,,8.65,21.57,2023-03-23,2020-09-22,1000.0,SUR,,5.8396,,2023-03-28,RUB,3
TQCB,2020-09-22,АВНГРДБ1P2,RU000A1007Q1,2.0,3007.2,100.11,100.5,100.11,100.11,5.99,100.24,0.73,100.5,3.0,,,100.11,0.0,0.0,0.0,2029-02-28,6.0,-8.32,,,8.75,7.43,2020-09-28,2020-09-22,1000.0,SUR,,8.8283,,2021-04-02,RUB,3
TQCB,2020-09-22,КАМАЗ БОП2,RU000A1007V1,1.0,688.76,102.8,102.8,102.8,102.8,14.13,102.8,5.99,102.8,1.0,102.86,102.89,102.8,1816549.97,916186.62,1816549.97,2022-03-25,350.0,5.99,,,8.75,14.62,,2020-09-22,670.0,SUR,,,,,RUB,3
TQCB,2020-09-22,РЖД 1Р-13R,RU000A1007Z2,7.0,21273.8,116.8,118.85,117.81,117.81,43.88,118.19,6.46,118.85,18.0,,118.18,117.81,0.0,547179.5,0.0,2029-03-19,2220.0,6.4,,,9.1,45.38,,2020-09-22,1000.0,SUR,,,,,RUB,3
TQCB,2020-09-22,Тинькофф2R,RU000A1008B1,92.0,3274371.0,103.4,103.72,103.69,103.69,44.1,103.59,6.76,103.55,3161.0,103.59,103.59,103.69,3274371.0,3274371.0,3274371.0,2029-03-21,508.0,6.83,,,9.25,46.12,2022-03-30,2020-09-22,1000.0,SUR,,6.6869,,2022-04-04,RUB,3
TQCB,2020-09-22,РЖД 1Р-14R,RU000A1008D7,26.0,1253968.9,118.0,118.68,118.29,118.29,32.41,118.3,6.41,118.31,1060.0,118.3,118.3,118.29,1253968.9,1253968.9,1253968.9,2029-05-04,2266.0,6.41,,,9.1,45.38,,2020-09-22,1000.0,SUR,,,,,RUB,3
TQCB,2020-09-22,Систем1P10,RU000A1008J4,34.0,1492398.5,106.76,107.42,107.2,107.2,46.65,107.29,6.15,106.76,1391.0,107.29,107.29,107.2,1492398.5,1492398.5,1492398.5,2029-03-23,660.0,6.1,,,9.9,49.36,2022-09-30,2020-09-22,1000.0,SUR,,6.1001,,2022-10-05,RUB,3
TQCB,2020-09-22,Роснфт2P6,RU000A1008P1,4.0,5452.8,108.8,109.12,109.12,109.12,19.31,109.06,5.94,108.8,5.0,,109.29,109.12,0.0,624026.6,0.0,2029-03-23,1109.0,5.96,,,8.7,21.69,2024-03-29,2020-09-22,1000.0,SUR,,5.9143,,2024-04-03,RUB,3
TQCB,2020-09-22,iРОСНАНО 8,RU000A1008V9,189.0,1745563.4,103.41,104.8,104.45,104.44,39.17,104.27,-69.7,103.91,1674.0,104.27,104.27,104.44,1745563.4,1745563.4,1745563.4,2028-03-27,13.0,-68.12,,,8.46,42.18,2020-10-05,2020-09-22,1000.0,SUR,,,,,RUB,3
TQCB,2020-09-22,СеверстБ06,RU000A1008W7,12.0,48393.9,109.79,110.0,110.0,109.98,39.81,109.99,5.57,110.0,44.0,,110.0,109.98,0.0,9452279.3,0.0,2029-03-27,1105.0,5.57,,,8.65,43.13,2024-04-02,2020-09-22,1000.0,SUR,,5.5534,,2024-04-04,RUB,3
TQCB,2020-09-22,ЕврХимБ1Р3,RU000A1008Z0,9.0,49082.5,104.0,104.58,104.58,104.58,38.88,104.43,5.49,104.11,47.0,,104.37,104.58,0.0,507251.5,0.0,2022-04-09,522.0,5.59,,,8.55,42.87,,2020-09-22,1000.0,SUR,,,,,RUB,3
TQCB,2020-09-22,АЛЬФА-Б2Р4,RU000A100998,6.0,142544.4,101.77,101.85,101.84,101.84,38.18,101.82,5.19,101.85,140.0,,101.76,101.84,0.0,516960.1,0.0,2021-04-13,196.0,5.23,,,8.55,42.87,,2020-09-22,1000.0,SUR,,,,,RUB,3
TQCB,2020-09-22,ДетМир БО7,RU000A1009B9,24.0,88541.6,104.03,104.18,104.18,104.18,39.5,104.17,6.12,104.18,85.0,,104.05,104.18,0.0,508814.5,0.0,2026-04-06,522.0,6.13,,,8.9,44.38,2022-04-11,2020-09-22,1000.0,SUR,,6.0861,,2022-04-13,RUB,3
TQCB,2020-09-22,ФЭС-АгроБ1,RU000A1009R5,57.0,298879.54,101.04,102.98,102.34,102.39,19.56,102.44,6.41,102.94,389.0,,102.65,102.39,0.0,500403.94,0.0,2021-04-15,111.0,6.08,,,14.0,26.18,,2020-09-22,750.0,SUR,,,,,RUB,3
TQCB,2020-09-22,О'КЕЙ Б1Р2,RU000A1009Z8,28.0,532997.7,103.65,103.7,103.66,103.67,17.16,103.7,7.03,103.67,514.0,103.7,103.7,103.67,532997.7,532997.7,532997.7,2029-04-06,529.0,7.0,,,9.35,23.31,2022-04-15,2020-09-22,1000.0,SUR,,6.958,,2022-04-20,RUB,3
TQCB,2020-09-22,БКЕ БО 1P2,RU000A100A33,1.0,5247.0,104.94,104.94,104.94,104.94,35.61,104.94,5.32,104.94,5.0,104.54,104.54,104.94,727568.7,727568.7,727568.7,2022-04-23,536.0,5.32,,,8.55,42.87,,2020-09-22,1000.0,SUR,,,,,RUB,3
TQCB,2020-09-22,ЭлемЛиз1P2,RU000A100A41,3.0,3687.27,102.23,103.19,103.19,103.19,12.74,102.42,7.05,102.24,5.0,102.67,102.68,103.19,1342486.53,1060892.51,1342486.53,2022-04-19,343.0,7.89,,,10.25,18.4,,2020-09-22,720.0,SUR,,,,,RUB,3
TQCB,2020-09-22,МТС 1P-08,RU000A100A58,2.0,3184.6,105.54,106.46,105.54,105.54,14.73,106.0,5.66,106.46,3.0,,105.86,105.54,0.0,508127.2,0.0,2022-10-17,693.0,5.42,,,8.4,20.94,,2020-09-22,1000.0,SUR,,,,,RUB,3
TQCB,2020-09-22,МТС 1P-09,RU000A100A66,3.0,13166.8,109.69,109.99,109.69,109.69,15.08,109.72,6.03,109.99,12.0,,109.51,109.69,0.0,5152409.4,0.0,2024-10-14,1262.0,6.02,,,8.6,21.44,,2020-09-22,1000.0,SUR,,,,,RUB,3
TQCB,2020-09-22,ТАЛАНФБ1P1,RU000A100AA4,62.0,896081.52,101.5,102.48,102.3,102.3,20.05,102.01,13.5,102.48,1098.0,102.01,102.01,102.3,896081.52,896081.52,896081.52,2022-04-21,397.0,13.79,,,15.0,29.92,,2020-09-22,800.0,SUR,,,,,RUB,3
TQCB,2020-09-22,ХКФинБ1P3,RU000A100AP2,2.0,105395.0,104.35,104.5,104.5,104.5,16.71,104.35,7.14,104.35,101.0,,104.2,104.5,0.0,538736.8,0.0,2022-04-21,533.0,7.24,,,10.0,24.93,,2020-09-22,1000.0,SUR,,,,,RUB,3
TQCB,2020-09-22,ТКХ БО-П03,RU000A100AZ1,2.0,2103.1,104.84,105.47,105.47,105.47,40.34,105.16,6.15,104.84,2.0,105.01,105.01,105.47,511391.1,511391.1,511391.1,2029-04-13,530.0,6.36,,,9.75,48.62,2022-04-22,2020-09-22,1000.0,SUR,,6.0886,,2022-04-27,RUB,3
TQCB,2020-09-22,Росбанк2P5,RU000A100B16,1.0,13150.8,101.16,101.16,101.16,101.16,34.7,101.16,6.56,101.16,13.0,,102.16,101.16,0.0,614997.1,0.0,2021-04-27,210.0,6.56,,,8.5,42.62,,2020-09-22,1000.0,SUR,,,,,RUB,3
TQCB,2020-09-22,Автодор2Р3,RU000A100B40,10.0,22461.8,101.97,102.32,102.0,102.0,35.99,102.1,5.21,102.32,22.0,,102.05,102.0,0.0,500047.7,0.0,2021-04-23,206.0,5.04,,,8.7,43.38,,2020-09-22,1000.0,SUR,,,,,RUB,3
TQCB,2020-09-22,СберИОС83,RU000A100B57,1.0,4920.0,98.4,98.4,98.4,98.4,,98.4,,98.4,5.0,98.4,98.4,98.4,2446198.0,2416768.0,2446198.0,2022-05-30,,,,,0.01,0.3,,2020-09-22,1000.0,SUR,,,,,RUB,3
TQCB,2020-09-22,РУСАБрБ1P1,RU000A100BB0,2.0,6240.4,103.54,104.1,104.1,104.1,36.49,104.01,6.34,103.54,6.0,103.67,103.87,104.1,19762198.3,8699219.2,19762198.3,2029-04-16,536.0,6.4,,,9.0,44.88,2022-04-25,2020-09-22,1000.0,SUR,,6.3043,,2022-04-27,RUB,3
TQCB,2020-09-22,ВЭБ 1P-16,RU000A100BM7,4.0,10499.0,104.99,104.99,104.99,104.99,34.92,104.99,5.42,104.99,10.0,,104.37,104.99,0.0,1124080.5,0.0,2022-04-26,538.0,5.42,,,8.67,43.23,,2020-09-22,1000.0,SUR,,,,,RUB,3
TQCB,2020-09-22,СберИОС79,RU000A100BR6,1.0,1113948.0,116.4,116.4,116.4,116.4,,116.4,,116.4,957.0,,119.02,116.4,0.0,10892403.0,0.0,2022-11-14,,,,,1.35,47.6,,2020-09-22,1000.0,SUR,,,,,RUB,3
TQIR,2020-09-22,ОАЭ  БО-П3,RU000A100CG7,139.0,1103804.6,101.93,102.71,102.45,102.45,9.79,102.39,13.5,102.43,1078.0,102.39,102.39,102.45,1103804.6,1103804.6,1103804.6,2024-05-22,868.0,13.52,,,13.75,11.68,,2020-09-22,1000.0,SUR,,,,,RUB,3
TQCB,2020-09-22,Якут-12 об,RU000A100CN3,33.0,1024838.5,106.3,108.05,108.05,108.05,8.0,107.31,6.33,106.3,955.0,107.31,107.31,108.05,1024838.5,1024838.5,1024838.5,2026-05-13,1197.0,6.55,,,8.59,21.42,,2020-09-22,1000.0,SUR,,,,,RUB,3
TQIR,2020-09-22,АйДиЭфБ01,RU000A100CT0,86.0,892084.3,100.72,101.35,100.93,100.93,13.56,100.91,14.17,101.04,884.0,100.91,100.91,100.93,892084.3,892084.3,892084.3,2022-05-19,230.0,14.2,,,15.0,37.4,2021-05-20,2020-09-22,1000.0,SUR,,13.8148,,2021-05-25,RUB,3
TQCB,2020-09-22,Беларусь03,RU000A100D30,509.0,9468955.0,99.53,99.98,99.88,99.88,11.38,99.81,8.9,99.95,9487.0,99.81,99.81,99.88,9468955.0,9468955.0,9468955.0,2022-08-03,636.0,8.94,,,8.65,43.13,,2020-09-22,1000.0,SUR,,,,,RUB,3
TQCB,2020-09-22,Беларусь04,RU000A100D63,138.0,6470868.5,99.59,99.98,99.97,99.97,11.38,99.95,8.84,99.7,6474.0,99.95,99.95,99.97,6470868.5,6470868.5,6470868.5,2022-08-03,636.0,8.86,,,8.65,43.13,,2020-09-22,1000.0,SUR,,,,,RUB,3
TQCB,2020-09-22,Беларусь07,RU000A100D89,425.0,13471288.8,99.0,99.57,99.38,99.46,32.14,99.4,8.85,99.0,13553.0,99.4,99.4,99.46,13471288.8,13471288.8,13471288.8,2025-05-01,1382.0,8.84,,,8.5,42.38,,2020-09-22,1000.0,SUR,,,,,RUB,3
TQIR,2020-09-22,МСБЛиз2Р02,RU000A100DC4,48.0,439269.71,99.61,100.36,100.15,100.14,1.28,100.04,13.42,100.36,479.0,,100.05,100.14,0.0,501684.98,0.0,2024-04-30,581.0,13.49,,,12.75,9.61,,2020-09-22,916.68,SUR,,,,,RUB,3
TQIR,2020-09-22,ЧЗПСНП БП1,RU000A100DF7,64.0,530908.64,101.11,101.84,101.45,101.45,8.74,101.32,13.09,101.84,655.0,101.32,101.32,101.45,530908.64,530908.64,530908.64,2022-05-23,432.0,13.21,,,13.75,27.42,,2020-09-22,800.0,SUR,,,,,RUB,3
TQCB,2020-09-22,ЕвропланБ6,RU000A100DG5,5.0,16252.7,101.45,101.6,101.6,101.6,30.65,101.58,7.0,101.46,16.0,,101.39,101.6,0.0,600232.4,0.0,2029-05-15,237.0,7.03,,,9.4,46.87,2021-05-25,2020-09-22,1000.0,SUR,,6.905,,2021-05-28,RUB,3
TQIR,2020-09-22,ТЕХЛиз 1P1,RU000A100DM3,59.0,275509.18,100.1,100.7,100.62,100.62,9.23,100.6,13.17,100.1,313.0,,100.51,100.62,0.0,503050.56,0.0,2021-05-25,199.0,13.21,,,13.75,30.0,,2020-09-22,875.0,SUR,,,,,RUB,3
TQCB,2020-09-22,ИА ДОМ 9P2,RU000A100DQ4,2.0,3667791.39,109.15,109.15,109.15,109.15,13.82,109.15,,109.15,5001.0,,109.47,109.15,0.0,18985787.0,0.0,2029-04-05,,,,,9.5,16.09,2029-04-05,2020-09-22,671.93,SUR,,,,,RUB,3
TQCB,2020-09-22,СовкомБОП1,RU000A100DZ5,56.0,859273.8,102.05,102.06,102.05,102.05,6.41,102.05,6.0,102.06,842.0,102.05,102.05,102.05,859273.8,859273.8,859273.8,2029-05-17,241.0,6.0,,,9.0,22.44,2021-05-27,2020-09-22,1000.0,SUR,,5.8587,,2021-06-01,RUB,3
TQCB,2020-09-22,ТрнфБО1P11,RU000A100E39,8.0,148645.8,100.21,101.19,100.35,100.38,25.11,100.44,5.91,100.21,148.0,,100.79,100.38,0.0,592646.5,0.0,2020-11-27,66.0,5.39,,,7.9,39.39,,2020-09-22,1000.0,SUR,,,5.6818,,RUB,3
TQIR,2020-09-22,ТаксФ БП1,RU000A100E70,16.0,186380.28,105.3,107.0,106.8,106.8,97.09,106.5,7.42,106.29,20.0,,106.15,106.8,0.0,501571.06,0.0,2022-05-18,311.0,7.78,,,15.0,107.88,,2020-09-22,8750.0,SUR,,,,,RUB,3
TQCB,2020-09-22,ФПК 1P-06,RU000A100E88,3.0,49880.0,106.08,106.16,106.16,106.16,26.01,106.13,5.96,106.08,47.0,,106.31,106.16,0.0,1202356.0,0.0,2029-05-21,879.0,5.97,,,8.4,41.88,2023-05-29,2020-09-22,1000.0,SUR,,5.9379,,2023-06-01,RUB,3
TQCB,2020-09-22,СберИОС93,RU000A100EB4,1.0,996.5,99.65,99.65,99.65,99.65,,99.65,,99.65,1.0,,97.41,99.65,0.0,871787.5,0.0,2022-06-27,,,,,0.01,0.3,,2020-09-22,1000.0,SUR,,,,,RUB,3
TQCB,2020-09-22,СберИОС95,RU000A100EC2,1.0,870.0,87.0,87.0,87.0,87.0,,87.0,,87.0,1.0,,84.11,87.0,0.0,624971.5,0.0,2024-06-21,,,,,0.01,0.5,,2020-09-22,1000.0,SUR,,,,,RUB,3
TQCB,2020-09-22,ВТБ Б-1-30,RU000A100EN9,2.0,99168.3,100.17,100.17,100.17,100.17,,100.17,,100.17,99.0,101.72,101.72,100.17,3402622.5,3402622.5,3402622.5,2022-06-05,,,,,0.01,0.1,,2020-09-22,1000.0,SUR,,,,,RUB,3
TQCB,2020-09-22,РОСНАНО2P1,RU000A100ER0,117.0,20801411.2,103.21,103.76,103.61,103.61,27.67,103.51,5.99,103.21,20097.0,103.51,103.51,103.61,20801411.2,20801411.2,20801411.2,2021-12-01,412.0,6.08,,,9.1,45.38,,2020-09-22,1000.0,SUR,,,,,RUB,3
TQCB,2020-09-22,iУОМЗ Б-П1,RU000A100EV2,2.0,2045.7,101.07,103.5,103.5,103.5,28.33,102.29,7.28,101.07,2.0,103.65,103.65,103.5,1080032.2,1051047.3,1080032.2,2029-05-24,571.0,8.07,,,9.4,46.87,2022-06-02,2020-09-22,1000.0,SUR,,7.2126,,2022-06-07,RUB,3
TQCB,2020-09-22,РЕСОЛизБП4,RU000A100F95,49.0,1343003.5,101.8,102.12,102.12,102.12,26.75,101.9,6.26,101.99,1318.0,101.9,101.9,102.12,1343003.5,1343003.5,1343003.5,2021-06-08,251.0,6.58,,,9.3,46.37,,2020-09-22,1000.0,SUR,,,,,RUB,3
TQCB,2020-09-22,СберИОС97,RU000A100FC9,3.0,1242721.5,99.1,99.85,99.85,99.85,,99.1,,99.1,1254.0,99.5,99.53,99.85,5566945.5,4760645.5,5566945.5,2021-07-02,,,,,0.01,0.2,,2020-09-22,1000.0,SUR,,,,,RUB,3
TQCB,2020-09-22,ГТЛК 1P-14,RU000A100FE5,3.0,287398.6,104.89,104.89,104.89,104.89,2.91,104.89,6.61,104.89,274.0,104.77,104.7,104.89,9323339.2,4932628.2,9323339.2,2034-05-25,742.0,6.61,,,8.85,22.06,2022-12-08,2020-09-22,1000.0,SUR,,6.5646,,2022-12-13,RUB,3
TQCB,2020-09-22,СберИОС100,RU000A100FG0,1.0,1108960.0,116.0,116.0,116.0,116.0,,116.0,,116.0,956.0,,118.19,116.0,0.0,10169197.0,0.0,2022-12-19,,,,,1.35,47.6,,2020-09-22,1000.0,SUR,,,,,RUB,3
TQCB,2020-09-22,КАМАЗ БОП3,RU000A100FR7,10.0,572171.0,102.89,103.02,102.9,102.9,2.64,102.91,6.49,102.89,556.0,102.91,102.91,102.9,572171.0,572171.0,572171.0,2022-06-10,441.0,6.48,,,8.75,21.82,,2020-09-22,1000.0,SUR,,,,,RUB,3
TQIR,2020-09-22,ГрузЦ БОП3,RU000A100FY3,2.0,31802.0,106.0,106.01,106.01,106.01,45.21,106.01,6.47,106.0,3.0,,107.29,106.01,0.0,514969.0,0.0,2022-06-03,247.0,6.47,,,15.0,123.29,2021-06-08,2020-09-22,10000.0,SUR,,6.37,,2021-06-11,RUB,3
TQIR,2020-09-22,КИСТФ БОП1,RU000A100FZ0,6.0,102260.0,101.21,103.0,103.0,103.0,49.32,102.26,13.82,101.21,10.0,,103.13,103.0,0.0,505346.0,0.0,2022-06-02,548.0,14.36,,,15.0,123.29,,2020-09-22,10000.0,SUR,,,,,RUB,3
TQCB,2020-09-22,БКЕ БО 1P3,RU000A100G03,3.0,34188.7,106.83,106.84,106.84,106.84,22.09,106.84,5.74,106.83,32.0,,106.73,106.84,0.0,519773.6,0.0,2023-06-18,899.0,5.74,,,8.4,42.12,,2020-09-22,1000.0,SUR,,,,,RUB,3
TQIR,2020-09-22,МигКр 01МС,RU000A100GK0,86.0,818390.0,103.32,105.23,104.3,104.16,0.92,104.06,11.48,105.23,1123.0,104.06,104.06,104.16,818390.0,818390.0,818390.0,2022-06-19,308.0,11.78,,,16.0,9.21,,2020-09-22,700.3,SUR,,,,,RUB,3
TQCB,2020-09-22,РСХБ БО-9Р,RU000A100GM6,2.0,334193.0,102.15,102.2,102.15,102.15,20.32,102.2,5.22,102.2,327.0,102.13,102.13,102.15,619916.1,612785.9,619916.1,2021-06-22,266.0,5.15,,,8.15,40.64,,2020-09-22,1000.0,SUR,,,,,RUB,3
TQCB,2020-09-22,АЛЬФА-БС01,RU000A100GW5,2.0,22518000.0,112.5,112.68,112.68,112.59,286506.85,112.59,8.25,112.5,2.0,,112.34,112.59,0.0,112343000.0,0.0,,1173.0,8.28,,,11.75,292945.21,2024-09-19,2020-09-22,10000000.0,SUR,,,,,RUB,3
TQCB,2020-09-22,ВЭБ 1P-17,RU000A100GY1,56.0,395346.7,105.9,106.0,105.9,105.9,19.87,105.99,5.87,105.99,373.0,,105.88,105.9,0.0,579136.3,0.0,2023-06-22,905.0,5.84,,,8.15,40.64,,2020-09-22,1000.0,SUR,,,,,RUB,3
TQCB,2020-09-22,Магнит3Р03,RU000A100H02,6.0,57517.0,100.61,100.92,100.89,100.89,19.14,100.91,4.26,100.61,57.0,100.72,100.72,100.89,846056.1,793685.4,846056.1,2020-12-24,93.0,4.18,,,7.85,39.14,,2020-09-22,1000.0,SUR,,,4.1528,,RUB,3
TQCB,2020-09-22,СберИОС107,RU000A100H69,1.0,914.0,91.4,91.4,91.4,91.4,,91.4,,91.4,1.0,,92.03,91.4,0.0,527343.1,0.0,2022-07-29,,,,,0.01,0.3,,2020-09-22,1000.0,SUR,,,,,RUB,3
TQCB,2020-09-22,АЗБУКАВКП1,RU000A100HE1,235.0,28990522.5,104.06,104.4,104.4,104.28,22.9,104.21,6.99,104.06,27809.0,104.25,104.25,104.28,28990522.5,28990522.5,28990522.5,2029-06-15,585.0,7.11,,,9.5,23.68,2022-06-24,2020-09-22,1000.0,SUR,,6.9232,,2022-06-29,RUB,3
TQCB,2020-09-22,ГПБ001P11P,RU000A100HH4,3.0,11754.7,105.5,107.0,107.0,107.0,18.65,106.86,6.18,105.5,11.0,106.04,106.03,107.0,706223.0,672203.7,706223.0,2024-07-01,1199.0,6.23,,,8.2,41.34,,2020-09-22,1000.0,SUR,,,,,RUB,3
TQCB,2020-09-22,МТС 1P-10,RU000A100HU7,73.0,3420565.8,107.41,108.8,108.39,108.39,18.19,108.45,6.1,107.41,3154.0,108.45,108.45,108.39,3420565.8,3420565.8,3420565.8,2025-06-25,1450.0,6.08,,,8.0,19.95,,2020-09-22,1000.0,SUR,,,,,RUB,3
TQCB,2020-09-22,С-ИнновБП1,RU000A100HW3,23.0,118781.9,100.98,101.91,101.48,101.48,32.97,101.52,13.03,100.99,117.0,,101.43,101.48,0.0,547717.5,0.0,2021-06-30,263.0,12.97,,,14.5,36.15,,2020-09-22,1000.0,SUR,,,,,RUB,3
TQCB,2020-09-22,РЖД 1Р-16R,RU000A100HY9,4.0,58574.2,106.14,108.57,108.56,108.56,17.75,107.6,6.2,106.14,54.0,,108.1,108.56,0.0,1998823.2,0.0,2026-06-25,1717.0,6.4,,,7.9,39.39,,2020-09-22,1000.0,SUR,,,,,RUB,3
TQCB,2020-09-22,ДФФ БО1P-2,RU000A100J18,36.0,1895678.2,102.0,103.0,102.41,102.41,19.43,102.69,7.38,102.44,1846.0,102.69,102.69,102.41,1895678.2,1895678.2,1895678.2,2022-06-30,595.0,7.21,,,8.65,21.57,,2020-09-22,1000.0,SUR,,,,,RUB,3
TQCB,2020-09-22,БалтЛизБП2,RU000A100JE7,25.0,608052.8,102.59,103.06,102.85,102.85,15.73,102.85,6.76,103.04,739.0,102.85,102.85,102.85,608052.8,608052.8,608052.8,2022-07-04,397.0,6.76,,,9.2,18.35,,2020-09-22,800.0,SUR,,,,,RUB,3
TQCB,2020-09-22,ТрнфБО1P12,RU000A100JF4,2.0,16740.0,104.0,105.0,104.0,104.0,16.67,104.63,5.58,105.0,16.0,,104.29,104.0,0.0,508915.0,0.0,2022-07-05,612.0,5.2,,,7.9,39.39,,2020-09-22,1000.0,SUR,,,,,RUB,3
TQIR,2020-09-22,ЛомМасБОП6,RU000A100JG2,39.0,1345129.2,92.17,93.55,92.67,92.67,33.75,93.09,29.43,93.45,1445.0,93.09,93.09,92.67,1345129.2,1345129.2,1345129.2,2021-07-06,266.0,28.66,,,16.0,39.89,,2020-09-22,1000.0,SUR,,,,,RUB,3
TQCB,2020-09-22,РитейлБФ01,RU000A100JH0,126.0,6480078.1,103.17,103.79,103.4,103.4,23.1,103.35,9.99,103.19,6270.0,103.35,103.35,103.4,6480078.1,6480078.1,6480078.1,2024-07-02,935.0,10.01,,,10.95,27.3,,2020-09-22,1000.0,SUR,,9.9782,,2024-07-02,RUB,3
TQCB,2020-09-22,Рубеж 1P1,RU000A100K31,36.0,270274.2,106.04,106.8,106.04,106.07,29.15,106.41,10.45,106.4,254.0,,105.91,106.07,0.0,678906.2,0.0,2022-07-06,586.0,10.21,,,14.0,69.81,,2020-09-22,1000.0,SUR,,,,,RUB,3
TQCB,2020-09-22,КАМАЗ БОП4,RU000A100K49,6.0,66767.8,102.7,102.72,102.72,102.72,17.7,102.72,6.5,102.7,65.0,,102.64,102.72,0.0,516283.1,0.0,2022-07-06,458.0,6.5,,,8.5,21.19,,2020-09-22,1000.0,SUR,,,,,RUB,3
TQIR,2020-09-22,АПРИФП БП2,RU000A100K64,48.0,530007.3,101.88,102.5,102.26,102.26,31.23,102.12,13.88,102.5,519.0,102.12,102.12,102.26,530007.3,530007.3,530007.3,2022-07-06,459.0,14.0,,,15.0,37.4,,2020-09-22,1000.0,SUR,,,,,RUB,3
TQCB,2020-09-22,Сбер Sb12R,RU000A100K80,37.0,11560630.4,104.06,104.5,104.2,104.2,14.98,104.37,5.28,104.06,11076.0,104.38,104.38,104.2,11560630.4,11560630.4,11560630.4,2022-07-11,619.0,5.18,,,7.7,38.39,,2020-09-22,1000.0,SUR,,,,,RUB,3
TQCB,2020-09-22,РУСАБрБ1P2,RU000A100KL0,2.0,6239.0,103.9,104.0,104.0,104.0,13.43,103.98,6.83,103.9,6.0,103.91,103.9,104.0,526801.6,521586.6,526801.6,2029-06-28,783.0,6.83,,,8.6,42.88,2023-01-23,2020-09-22,1000.0,SUR,,6.8017,,2023-01-25,RUB,3
TQCB,2020-09-22,СберИОС110,RU000A100KQ9,5.0,99460.2,97.51,97.51,97.51,97.51,,97.51,,97.51,102.0,97.57,97.25,97.51,3028523.3,1558023.3,3028523.3,2021-07-30,,,,,0.01,0.2,,2020-09-22,1000.0,SUR,,,,,RUB,3
TQCB,2020-09-22,Роснфт2P8,RU000A100KY3,2.0,129531.0,104.1,107.1,107.1,107.1,15.46,107.05,5.92,104.1,121.0,106.75,106.75,107.1,1037633.8,1037633.8,1037633.8,2029-07-02,1212.0,5.93,,,7.95,39.64,2024-07-08,2020-09-22,1000.0,SUR,,5.9008,,2024-07-11,RUB,3
TQCB,2020-09-22,ОткрФКБОП5,RU000A100L14,1.0,999.5,99.95,99.95,99.95,99.95,10.55,99.95,5.6,99.95,1.0,99.84,99.85,99.95,2065756.5,2025938.4,2065756.5,2022-07-12,629.0,5.6,,,5.5,27.42,,2020-09-22,1000.0,SUR,,,,,RUB,3
TQCB,2020-09-22,СберИОС113,RU000A100L48,1.0,528337.0,110.3,110.3,110.3,110.3,,110.3,,110.3,479.0,,111.98,110.3,0.0,8594558.0,0.0,2023-01-23,,,,,1.35,47.6,,2020-09-22,1000.0,SUR,,,,,RUB,3
TQCB,2020-09-22,БелугаБП2,RU000A100L63,43.0,473182.6,106.5,106.89,106.61,106.74,17.96,106.81,7.15,106.86,443.0,,106.81,106.74,0.0,505231.7,0.0,2024-07-10,978.0,7.08,,,9.5,47.37,,2020-09-22,1000.0,SUR,,,,,RUB,3
TQCB,2020-09-22,ЛамбумБП01,RU000A100LE3,4.0,82870.0,103.5,103.9,103.8,103.8,48.08,103.59,8.81,103.5,8.0,,103.82,103.8,0.0,560630.0,0.0,2024-06-20,273.0,9.1,,,13.5,110.96,2021-07-06,2020-09-22,10000.0,SUR,,8.6838,,2021-07-09,RUB,3
TQCB,2020-09-22,ГазпромКP2,RU000A100LL8,7.0,2005520.0,106.0,106.0,106.0,106.0,14.53,106.0,6.1,106.0,1892.0,106.03,106.01,106.0,2072894.5,2036500.0,2072894.5,2024-07-11,1217.0,6.1,,,7.8,38.89,,2020-09-22,1000.0,SUR,,,,,RUB,3
TQCB,2020-09-22,СберИОС105,RU000A100LN4,1.0,571688.0,119.6,119.6,119.6,119.6,,119.6,,119.6,478.0,117.99,117.99,119.6,10578070.0,10578070.0,10578070.0,2023-07-18,,,,,1.19,47.5,,2020-09-22,1000.0,SUR,,,,,RUB,3
TQCB,2020-09-22,ЕврХимБ1Р4,RU000A100LS3,2.0,534012.6,104.5,104.66,104.5,104.5,14.19,104.5,5.83,104.66,511.0,104.4,104.41,104.5,688020.6,684900.0,688020.6,2023-01-18,783.0,5.83,,,7.85,39.57,,2020-09-22,1000.0,SUR,,,,,RUB,3
TQIR,2020-09-22,ДЭНИКОЛБ1,RU000A100M47,781.0,1898093.5,18.7,25.3,23.4,23.4,23.3,21.7,,21.7,8746.0,21.7,21.7,23.4,1898093.5,1898093.5,1898093.5,2022-07-19,110.0,,,,13.5,33.66,2021-01-19,2020-09-22,1000.0,SUR,,8473.9034,,2021-01-22,RUB,3
TQCB,2020-09-22,СэтлГрБ1P2,RU000A100MG6,58.0,762451.2,106.78,107.8,107.8,107.79,18.55,107.69,7.26,106.78,708.0,107.69,107.69,107.79,762451.2,762451.2,762451.2,2023-01-17,752.0,7.31,,,10.75,26.8,,2020-09-22,1000.0,SUR,,,,,RUB,3
TQCB,2020-09-22,Автодор2Р4,RU000A100MV5,1.0,4041.2,101.03,101.03,101.03,101.03,13.15,101.03,5.53,101.03,4.0,,101.1,101.03,0.0,532817.7,0.0,2021-02-25,156.0,5.53,,,8.0,47.34,,2020-09-22,1000.0,SUR,,,5.4101,,RUB,3
TQCB,2020-09-22,Систем1P11,RU000A100N12,25.0,344781.5,107.48,107.97,107.61,107.61,14.68,107.74,6.52,107.97,320.0,,107.94,107.61,0.0,3175624.1,0.0,2029-07-16,925.0,6.47,,,9.4,46.87,2023-07-24,2020-09-22,1000.0,SUR,,6.4922,,2023-07-27,RUB,3
TQCB,2020-09-22,ЕврХол2P1R,RU000A100P85,2.0,2119.4,105.97,105.97,105.97,105.97,10.89,105.97,6.28,105.97,2.0,106.2,106.2,105.97,3663842.1,1532399.1,3663842.1,2024-07-29,1232.0,6.28,,,7.95,39.64,,2020-09-22,1000.0,SUR,,,,,RUB,3
TQCB,2020-09-22,ЖКХРСЯ БО1,RU000A100PB0,89.0,1162920.0,105.82,106.37,106.3,106.3,16.78,106.2,9.07,106.37,1095.0,106.2,106.2,106.3,1162920.0,1162920.0,1162920.0,2026-07-28,609.0,9.14,,,12.5,31.16,2022-08-02,2020-09-22,1000.0,SUR,,9.0223,,2022-08-05,RUB,3
TQCB,2020-09-22,РЕСОЛизБП6,RU000A100PE4,48.0,5631041.0,104.92,105.3,105.29,105.29,12.08,105.27,7.04,105.25,5349.0,105.27,105.27,105.29,5631041.0,5631041.0,5631041.0,2023-08-01,936.0,7.05,,,9.0,44.88,,2020-09-22,1000.0,SUR,,,,,RUB,3
TQIR,2020-09-22,РСГ-ФинБ11,RU000A100PM7,8.0,259874.0,103.05,104.55,104.55,104.55,13.15,103.95,9.51,103.05,250.0,103.71,103.79,104.55,623311.9,559419.0,623311.9,2022-08-11,630.0,9.87,,,12.0,59.84,,2020-09-22,1000.0,SUR,,,,,RUB,3
TQCB,2020-09-22,БелОб34012,RU000A100PP0,1.0,10570.0,105.7,105.7,105.7,105.7,9.19,105.7,5.55,105.7,10.0,,106.78,105.7,0.0,722889.1,0.0,2024-08-05,868.0,5.55,,,7.8,19.45,,2020-09-22,1000.0,SUR,,,,,RUB,3
TQCB,2020-09-22,АЛЬФА-Б2Р5,RU000A100PQ8,22.0,2500112.5,103.4,103.93,103.93,103.93,9.52,103.9,5.74,103.43,2406.0,103.91,103.91,103.93,2500112.5,2500112.5,2500112.5,2022-08-11,648.0,5.76,,,7.9,39.61,,2020-09-22,1000.0,SUR,,,,,RUB,3
TQCB,2020-09-22,ЯрОбл35017,RU000A100PR6,3.0,6378.6,102.91,106.99,106.99,106.99,18.3,106.31,5.63,102.91,6.0,,105.49,106.99,0.0,645584.9,0.0,2025-06-24,1023.0,5.87,,,7.95,19.82,,2020-09-22,1000.0,SUR,,,,,RUB,3
TQIR,2020-09-22,РСГ-ФинБ09,RU000A100PS4,1.0,3034.5,101.15,101.15,101.15,101.15,13.15,101.15,11.61,101.15,3.0,,117.02,101.15,0.0,549977.0,0.0,2024-08-08,629.0,11.61,,,12.0,59.84,2022-08-11,2020-09-22,1000.0,SUR,,11.5119,,2022-08-16,RUB,3
TQCB,2020-09-22,СберИОС123,RU000A100PX4,13.0,1792847.1,85.7,86.0,85.7,85.7,,85.7,,85.7,2092.0,85.7,85.7,85.7,1792847.1,1792847.1,1792847.1,2024-09-05,,,,,0.01,0.5,,2020-09-22,1000.0,SUR,,,,,RUB,3
TQCB,2020-09-22,ПР-Лиз 1P3,RU000A100Q35,36.0,1157588.9,102.8,103.13,103.09,103.09,5.26,102.99,9.98,102.8,1124.0,102.99,102.99,103.09,1157588.9,1157588.9,1157588.9,2026-07-07,457.0,10.06,,,12.0,9.86,2022-01-29,2020-09-22,1000.0,SUR,,9.8398,,2022-02-04,RUB,3
TQCB,2020-09-22,Самолет1P5,RU000A100Q50,10.0,323803.7,100.04,100.6,100.5,100.5,10.93,100.56,8.39,100.6,322.0,,100.39,100.5,0.0,557153.7,0.0,2029-07-31,138.0,8.22,,,9.5,23.68,2021-02-09,2020-09-22,1000.0,SUR,,8.1478,,2021-02-12,RUB,3
TQCB,2020-09-22,Каскад1Р01,RU000A100Q76,26.0,464790.8,94.15,95.19,95.09,95.09,16.85,94.07,22.97,94.15,491.0,,94.68,95.09,0.0,507486.9,0.0,2022-08-10,303.0,24.55,,,15.0,37.4,2021-08-11,2020-09-22,1000.0,SUR,,22.5322,,2021-08-16,RUB,3
TQCB,2020-09-22,ЮАИЗ 1-002,RU000A100Q92,7.0,40160.7,102.1,103.02,102.1,102.1,10.96,102.98,9.07,103.02,39.0,,102.1,102.1,0.0,529896.5,0.0,2024-08-13,630.0,8.53,,,10.0,24.93,2022-08-11,2020-09-22,1000.0,SUR,,,,,RUB,3
TQCB,2020-09-22,Самолет1P6,RU000A100QA0,5.0,3329565.0,100.5,100.5,100.5,100.5,10.67,100.5,9.42,100.5,3313.0,100.5,100.5,100.5,3934574.6,3354689.6,3934574.6,2029-08-01,474.0,9.42,,,9.5,23.68,2022-02-09,2020-09-22,1000.0,SUR,,9.3093,,2022-02-14,RUB,3
TQIR,2020-09-22,ЭлщитСтБП1,RU000A100QY0,48.0,407946.1,100.08,100.29,100.27,100.26,12.47,100.23,13.46,100.13,407.0,,100.23,100.26,0.0,501128.1,0.0,2022-08-16,618.0,13.49,,,13.0,32.41,,2020-09-22,1000.0,SUR,,,,,RUB,3
TQCB,2020-09-22,СберИОС129,RU000A100R34,1.0,508114.0,106.3,106.3,106.3,106.3,,106.3,,106.3,478.0,,109.43,106.3,0.0,8898754.0,0.0,2023-03-01,,,,,1.35,47.6,,2020-09-22,1000.0,SUR,,,,,RUB,3
TQCB,2020-09-22,ЕврХимБ1Р6,RU000A100RG5,7.0,555908.0,105.3,105.49,105.45,105.45,6.88,105.4,5.92,105.49,527.0,105.47,105.48,105.45,961855.9,725682.5,961855.9,2023-08-18,955.0,5.94,,,7.85,19.57,,2020-09-22,1000.0,SUR,,,,,RUB,3
TQIR,2020-09-22,ЭконЛиз1P1,RU000A100RQ4,4.0,6118.2,101.93,101.99,101.99,101.99,9.99,101.97,12.89,101.93,6.0,,102.28,101.99,0.0,528811.5,0.0,2022-08-24,624.0,12.91,,,13.5,33.66,,2020-09-22,1000.0,SUR,,,,,RUB,3
TQCB,2020-09-22,СберИОС130,RU000A100RR2,1.0,519640.0,118.1,118.1,118.1,118.1,,118.1,,118.1,440.0,,122.26,118.1,0.0,7979790.0,0.0,2023-08-27,,,,,1.19,47.5,,2020-09-22,1000.0,SUR,,,,,RUB,3
TQIR,2020-09-22,ТЕХЛиз 1P2,RU000A100RS0,83.0,1719202.6,99.9,100.29,100.06,100.06,9.8,100.01,13.87,100.29,1719.0,100.01,100.01,100.06,1719202.6,1719202.6,1719202.6,2022-08-24,569.0,13.91,,,13.25,33.03,,2020-09-22,1000.0,SUR,,,,,RUB,3
TQCB,2020-09-22,СберИОС135,RU000A100S41,3.0,9031.5,90.0,90.35,90.35,90.35,,90.32,,90.0,10.0,90.33,90.32,90.35,544677.4,541003.0,544677.4,2022-09-26,,,,,0.01,0.3,,2020-09-22,1000.0,SUR,,,,,RUB,3
TQCB,2020-09-22,СберИОС136,RU000A100S58,12.0,5476676.1,101.9,102.4,101.9,101.91,,102.37,,102.4,5350.0,102.37,102.37,101.91,5476676.1,5476676.1,5476676.1,2020-09-24,,,,,0.01,0.1,,2020-09-22,1000.0,SUR,,,,,RUB,3
TQCB,2020-09-22,ПочтаРБ1P6,RU000A100SZ3,1.0,10350.0,103.5,103.5,103.5,103.5,3.93,103.5,5.7,103.5,10.0,103.97,103.97,103.5,395123865.5,384719705.5,395123865.5,2029-08-23,671.0,5.7,,,7.55,37.65,2022-09-01,2020-09-22,1000.0,SUR,,5.6511,,2022-09-06,RUB,3
TQCB,2020-09-22,СберИОС137,RU000A100T32,16.0,564396.6,103.83,106.0,106.0,106.0,,104.71,,103.83,539.0,104.71,104.71,106.0,564396.6,564396.6,564396.6,2021-09-24,,,,,0.01,0.2,,2020-09-22,1000.0,SUR,,,,,RUB,3
TQIR,2020-09-22,ЮниМетр01,RU000A100T81,14.0,55431.3,100.68,100.99,100.99,100.99,6.51,100.78,12.59,100.68,55.0,,100.54,100.99,0.0,1157208.0,0.0,2022-08-24,623.0,12.72,,,12.5,10.27,,2020-09-22,1000.0,SUR,,,,,RUB,3
TQCB,2020-09-22,ПНППК 1P01,RU000A100TB2,4.0,311240.1,101.01,114.9,114.9,114.9,4.22,114.85,3.14,101.01,271.0,,111.81,114.9,0.0,538939.5,0.0,2029-08-28,655.0,3.17,,,11.0,27.42,2022-09-06,2020-09-22,1000.0,SUR,,,,,RUB,3
TQIR,2020-09-22,СолЛизБО05,RU000A100TD8,48.0,330284.4,99.5,100.12,99.54,99.6,4.45,99.78,13.66,99.99,331.0,,99.7,99.6,0.0,530422.2,0.0,2022-09-07,335.0,13.36,,,12.5,31.16,2021-09-08,2020-09-22,1000.0,SUR,,13.0992,,2021-09-22,RUB,3
TQCB,2020-09-22,РУСАБрБ1P3,RU000A100TF3,11.0,212259.1,102.41,102.8,102.74,102.74,2.71,102.54,6.85,102.41,207.0,,102.47,102.74,0.0,652730.7,0.0,2029-08-30,675.0,6.96,,,8.25,41.14,2022-09-08,2020-09-22,1000.0,SUR,,6.7993,,2022-09-12,RUB,3
TQCB,2020-09-22,Росбанк2P6,RU000A100TH9,1.0,1039.5,103.95,103.95,103.95,103.95,2.07,103.95,5.9,103.95,1.0,103.93,103.91,103.95,557063.1,516414.4,557063.1,2023-03-16,842.0,5.9,,,7.55,37.85,,2020-09-22,1000.0,SUR,,,,,RUB,3
TQCB,2020-09-22,Кузина1P01,RU000A100TL1,7.0,113694.0,103.02,103.4,103.4,103.4,49.32,103.36,11.62,103.02,11.0,,103.99,103.4,0.0,519957.0,0.0,2023-08-26,312.0,11.68,,,15.0,123.29,2021-09-05,2020-09-22,10000.0,SUR,,,,,RUB,3
TQCB,2020-09-22,СберИОС140,RU000A100TM9,1.0,3300.0,110.0,110.0,110.0,110.0,,110.0,,110.0,3.0,99.43,99.43,110.0,9625462.5,9625462.5,9625462.5,2020-10-06,,,,,0.01,0.1,,2020-09-22,1000.0,SUR,,,,,RUB,3
TQCB,2020-09-22,СберИОС146,RU000A100TP2,5.0,406880.0,101.72,101.72,101.72,101.72,,101.72,,101.72,400.0,101.71,101.71,101.72,1958946.6,1501206.6,1958946.6,2024-10-04,,,,,0.01,0.5,,2020-09-22,1000.0,SUR,,,,,RUB,3
TQIR,2020-09-22,БЭЛТИ БОП2,RU000A100TT4,24.0,166737.8,99.06,99.95,99.95,99.92,3.77,99.84,13.27,99.06,167.0,,99.75,99.92,0.0,513699.4,0.0,2024-08-21,774.0,13.32,,,12.5,10.27,,2020-09-22,1000.0,SUR,,,,,RUB,3
TQCB,2020-09-22,СберИОС133,RU000A100TU2,1.0,536598.0,104.6,104.6,104.6,104.6,,104.6,,104.6,513.0,,105.8,104.6,0.0,8094639.0,0.0,2023-03-27,,,,,1.35,47.6,,2020-09-22,1000.0,SUR,,,,,RUB,3
TQCB,2020-09-22,ХКФБанкБ06,RU000A100UG9,19.0,10632904.5,103.5,104.0,103.54,103.54,0.95,103.8,6.9,103.74,10244.0,103.8,103.8,103.54,10632904.5,10632904.5,10632904.5,2024-09-13,674.0,6.75,,,8.65,21.57,2022-09-16,2020-09-22,1000.0,SUR,,6.8445,,2022-09-21,RUB,3
TQCB,2020-09-22,СберИОС147,RU000A100UK1,3.0,221976.0,99.9,99.99,99.9,99.9,,99.99,,99.99,222.0,,99.66,99.9,0.0,572051.9,0.0,2020-10-02,,,,,0.01,0.1,,2020-09-22,1000.0,SUR,,,,,RUB,3
TQIR,2020-09-22,ИТЦ-Тр1P01,RU000A100UP0,9.0,200407.0,105.29,105.74,105.74,105.74,19.86,105.48,12.57,105.29,19.0,,104.75,105.74,0.0,502786.0,0.0,2023-09-02,793.0,12.7,,,14.5,119.18,,2020-09-22,10000.0,SUR,,,,,RUB,3
TQCB,2020-09-22,ПочтаРБ1P8,RU000A100UT2,1.0,1040.0,104.0,104.0,104.0,104.0,0.0,104.0,5.69,104.0,1.0,,,104.0,0.0,0.0,0.0,2029-09-11,849.0,5.69,,,7.35,36.65,2023-03-21,2020-09-22,1000.0,SUR,,5.6616,,2023-03-24,RUB,3
TQCB,2020-09-22,РН БАНК1Р6,RU000A100UU0,1.0,2091.8,104.59,104.59,104.59,104.59,37.94,104.59,5.28,104.59,2.0,,102.81,104.59,0.0,593239.0,0.0,2022-09-26,671.0,5.28,,,7.65,38.35,,2020-09-22,1000.0,SUR,,,,,RUB,3
TQCB,2020-09-22,МоторТ1Р01,RU000A100V38,27.0,172834.6,104.85,105.59,105.59,105.59,36.99,105.39,12.35,105.55,164.0,,105.15,105.59,0.0,676143.5,0.0,2022-09-21,624.0,12.47,,,15.0,37.4,,2020-09-22,1000.0,SUR,,,,,RUB,3
TQCB,2020-09-22,ОбувьРо1Р1,RU000A100V61,226.0,2838140.5,101.88,102.34,102.31,102.11,29.26,102.05,10.85,102.02,2781.0,102.05,102.05,102.11,2838140.5,2838140.5,2838140.5,2022-09-22,532.0,11.04,,,12.0,29.92,,2020-09-22,1000.0,SUR,,,,,RUB,3
TQCB,2020-09-22,Тинькофф3R,RU000A100V79,117.0,14571314.7,102.71,103.1,103.01,103.04,40.91,103.09,6.72,102.71,14135.0,103.09,103.09,103.04,14571314.7,14571314.7,14571314.7,2029-09-12,661.0,6.68,,,8.25,41.14,2022-09-21,2020-09-22,1000.0,SUR,,8.9913,,2022-09-26,RUB,3
TQCB,2020-09-22,СберИОС150,RU000A100V87,1.0,940000.0,94.0,94.0,94.0,94.0,,94.0,,94.0,1000.0,94.05,94.05,94.0,1052416.5,1050502.7,1052416.5,2022-10-28,,,,,0.01,0.3,,2020-09-22,1000.0,SUR,,,,,RUB,3
TQCB,2020-09-22,Сбер Sb13R,RU000A100VB8,2.0,8186.0,101.92,102.73,102.73,102.73,34.57,102.0,4.28,101.92,8.0,102.2,102.2,102.73,308052156.4,275966628.1,308052156.4,2021-09-24,349.0,5.04,,,7.05,35.15,,2020-09-22,1000.0,SUR,,,,,RUB,3
TQCB,2020-09-22,СберИОС151,RU000A100VF9,15.0,338740.6,99.16,99.76,99.3,99.31,,99.34,,99.76,341.0,,99.31,99.31,0.0,865030.6,0.0,2020-10-23,,,,,0.01,0.1,,2020-09-22,1000.0,SUR,,,,,RUB,3
TQCB,2020-09-22,СУЭК-Ф1P3R,RU000A100VG7,1.0,5200.0,104.0,104.0,104.0,104.0,36.99,104.0,5.84,104.0,5.0,,102.69,104.0,0.0,2230436.5,0.0,2029-09-13,821.0,5.84,,,7.5,37.4,2023-03-23,2020-09-22,1000.0,SUR,,5.8037,,2023-03-28,RUB,3
TQCB,2020-09-22,НорНикБ1P1,RU000A100VQ6,58.0,15378066.7,105.5,106.15,105.7,105.71,34.52,105.71,5.67,106.09,14548.0,105.71,105.71,105.71,15378066.7,15378066.7,15378066.7,2024-09-24,1261.0,5.67,,,7.2,35.9,,2020-09-22,1000.0,SUR,,,,,RUB,3
TQCB,2020-09-22,ГПБ001P13P,RU000A100VR4,28.0,24608135.4,105.0,105.5,105.13,105.14,35.68,105.47,5.61,105.5,23331.0,105.47,105.47,105.14,24608135.4,24608135.4,24608135.4,2023-09-30,978.0,5.48,,,7.4,37.3,,2020-09-22,1000.0,SUR,,,,,RUB,3
TQIR,2020-09-22,Атомстр 01,RU000A100VS2,25.0,665346.9,102.83,103.47,103.0,103.0,56.34,103.15,8.78,102.85,645.0,103.15,103.15,103.0,665346.9,665346.9,665346.9,2024-09-24,342.0,8.62,,,11.75,58.59,2021-09-28,2020-09-22,1000.0,SUR,,8.7062,,2021-09-30,RUB,3
TQCB,2020-09-22,СберИОС152,RU000A100VT0,1.0,1058.0,105.8,105.8,105.8,105.8,,105.8,,105.8,1.0,102.44,102.58,105.8,9682479.3,1658777.1,9682479.3,2021-10-22,,,,,0.01,0.2,,2020-09-22,1000.0,SUR,,,,,RUB,3
TQCB,2020-09-22,СберИОС153,RU000A100VV6,1.0,898.7,89.87,89.87,89.87,89.87,,89.87,,89.87,1.0,,87.43,89.87,0.0,1331502.0,0.0,2024-10-23,,,,,0.01,0.5,,2020-09-22,1000.0,SUR,,,,,RUB,3
TQCB,2020-09-22,ЭБИС Б1P01,RU000A100VY0,25.0,103061.8,101.73,102.17,102.04,102.04,34.52,102.04,11.32,101.73,101.0,,101.87,102.04,0.0,525636.8,0.0,2022-09-27,179.0,11.32,,,15.0,37.4,2021-03-30,2020-09-22,1000.0,SUR,,11.0797,,2021-04-02,RUB,3
TQIR,2020-09-22,Роделен1Р2,RU000A100W29,41.0,248863.71,99.75,99.9,99.85,99.85,7.12,99.86,12.87,99.76,299.0,,99.84,99.85,0.0,505967.54,0.0,2022-09-16,335.0,12.85,,,12.0,8.22,,2020-09-22,833.5,SUR,,,,,RUB,3
TQIR,2020-09-22,СОксБ1P1,RU000A100W52,47.0,396589.9,102.59,103.19,103.14,103.14,34.11,103.01,13.87,102.65,385.0,,103.01,103.14,0.0,501645.5,0.0,2022-09-28,629.0,13.95,,,15.0,37.4,,2020-09-22,1000.0,SUR,,,,,RUB,3
TQCB,2020-09-22,ЕвропланБ3,RU000A100W60,16.0,202467.2,103.16,103.53,103.51,103.51,41.71,103.3,7.02,103.52,196.0,,103.58,103.51,0.0,1487468.3,0.0,2029-09-20,665.0,7.14,,,8.8,43.88,2022-09-29,2020-09-22,1000.0,SUR,,6.9688,,2022-10-04,RUB,3
TQCB,2020-09-22,ЛСР БО 1Р4,RU000A100WA8,156.0,11735884.4,102.98,103.54,103.3,103.2,18.86,103.14,7.54,103.2,11379.0,103.14,103.14,103.2,11735884.4,11735884.4,11735884.4,2024-09-27,1019.0,7.59,,,8.5,21.19,,2020-09-22,1000.0,SUR,,,,,RUB,3
TQCB,2020-09-22,МКБ 1P1,RU000A100WC4,35.0,8100600.0,104.16,104.99,104.39,104.31,39.35,104.31,6.1,104.97,7766.0,104.31,104.31,104.31,8100600.0,8100600.0,8100600.0,2022-09-30,670.0,6.14,,,8.35,41.64,,2020-09-22,1000.0,SUR,,,,,RUB,3
TQIR,2020-09-22,УльтраБ1P1,RU000A100WR2,3.0,30889.0,102.88,103.01,102.88,102.88,73.97,102.96,13.41,103.01,3.0,,102.8,102.88,0.0,503724.0,0.0,2022-09-24,446.0,13.34,,,15.0,123.29,,2020-09-22,10000.0,SUR,,,,,RUB,3
TQCB,2020-09-22,МКБ П05,RU000A100WT8,1.0,49640.0,99.28,99.28,99.28,99.28,30.99,99.28,3.62,99.28,50.0,99.34,99.72,99.28,1075889.1,659127.3,1075889.1,2022-10-10,714.0,3.62,,,3.25,32.59,,2020-09-22,1000.0,SUR,,,,,RUB,3
TQCB,2020-09-22,СберИОС156,RU000A100X36,1.0,8487.0,94.3,94.3,94.3,94.3,,94.3,,94.3,9.0,88.73,89.3,94.3,1801311.6,643839.8,1801311.6,2024-11-07,,,,,0.01,0.5,,2020-09-22,1000.0,SUR,,,,,RUB,3
TQCB,2020-09-22,СберИОС158,RU000A100X44,1.0,996.0,99.6,99.6,99.6,99.6,,99.6,,99.6,1.0,,98.83,99.6,0.0,580108.8,0.0,2020-11-05,,,,,0.01,0.1,,2020-09-22,1000.0,SUR,,,,,RUB,3
TQCB,2020-09-22,РенСтр1P1,RU000A100X69,62.0,2317387.1,100.8,101.1,100.99,100.99,40.68,101.02,8.14,100.95,2294.0,101.02,101.02,100.99,2317387.1,2317387.1,2317387.1,2022-10-07,358.0,8.11,,,9.0,44.88,2021-10-08,2020-09-22,1000.0,SUR,,8.0182,,2021-10-13,RUB,3
TQCB,2020-09-22,КЕБ БО1Р03,RU000A100X77,131.0,29565562.6,101.8,102.2,102.0,102.0,18.25,101.86,8.17,102.18,29025.0,101.86,101.86,102.0,29565562.6,29565562.6,29565562.6,2022-10-07,677.0,8.24,,,9.0,22.44,,2020-09-22,1000.0,SUR,,,,,RUB,3
TQCB,2020-09-22,СберИОС145,RU000A100XB4,1.0,854625.0,107.5,107.5,107.5,107.5,,107.5,,107.5,795.0,,108.23,107.5,0.0,8805669.0,0.0,2024-04-15,,,,,1.06,47.52,,2020-09-22,1000.0,SUR,,,,,RUB,3
TQCB,2020-09-22,Полюс Б1P1,RU000A100XC2,37.0,380932.3,103.52,106.99,105.88,105.88,32.84,105.52,5.83,106.99,361.0,,105.98,105.88,0.0,10138223.2,0.0,2029-10-01,1269.0,5.93,,,7.4,36.9,2024-10-07,2020-09-22,1000.0,SUR,,5.8154,,2024-10-10,RUB,3
TQCB,2020-09-22,МосОбл2019,RU000A100XP4,24.0,135475.1,103.43,104.3,104.29,104.29,13.52,104.21,5.32,104.28,130.0,,103.88,104.29,0.0,571360.7,0.0,2024-10-08,844.0,5.36,,,7.05,17.58,,2020-09-22,1000.0,SUR,,,,,RUB,3
TQCB,2020-09-22,РЕСОЛизБП7,RU000A100XU4,24.0,812067.7,104.75,105.05,104.96,104.96,37.44,104.78,7.34,105.05,775.0,104.78,104.78,104.96,812067.7,812067.7,812067.7,2024-10-11,1241.0,7.4,,,8.65,43.13,,2020-09-22,1000.0,SUR,,,,,RUB,3
TQCB,2020-09-22,ВТБ Б-1-38,RU000A100Y01,70.0,7931202.3,100.0,100.18,100.11,100.13,29.0,100.08,4.92,100.11,7925.0,100.08,100.08,100.13,7931202.3,7931202.3,7931202.3,2020-10-16,24.0,5.4,,,6.7,33.41,,2020-09-22,1000.0,SUR,,,4.6055,,RUB,3
TQCB,2020-09-22,СУЭК-Ф1P4R,RU000A100Y50,1.0,51995.0,103.99,103.99,103.99,103.99,31.42,103.99,6.04,103.99,50.0,,103.01,103.99,0.0,19388038.8,0.0,2029-10-08,994.0,6.04,,,7.4,36.9,2023-10-16,2020-09-22,1000.0,SUR,,6.0216,,2023-10-19,RUB,3
TQCB,2020-09-22,БелОб34013,RU000A100Y84,2.0,2041.6,101.01,103.15,103.15,103.15,12.08,102.08,5.9,101.01,2.0,,103.12,103.15,0.0,603227.3,0.0,2024-10-15,928.0,6.33,,,7.0,17.45,,2020-09-22,1000.0,SUR,,,,,RUB,3
TQCB,2020-09-22,ВТБ Б-1-45,RU000A100Y92,2.0,5973.0,99.55,99.55,99.55,99.55,,99.55,,99.55,6.0,,99.64,99.55,0.0,501181.8,0.0,2020-10-20,,,,,0.01,0.05,,2020-09-22,1000.0,SUR,,,,,RUB,3
TQCB,2020-09-22,СберИОС160,RU000A100YB2,3.0,313709.0,101.1,103.9,103.0,103.82,,101.2,,101.1,310.0,102.77,102.28,103.82,4145597.0,2108952.0,4145597.0,2024-11-07,,,,,0.01,0.5,,2020-09-22,1000.0,SUR,,,,,RUB,3
TQIR,2020-09-22,НафттрнБО2,RU000A100YD8,50.0,983254.0,100.1,100.92,100.51,100.51,17.81,100.33,5.33,100.3,98.0,100.33,100.33,100.51,983254.0,983254.0,983254.0,2024-09-26,25.0,8.24,,,13.0,106.85,2020-10-17,2020-09-22,10000.0,SUR,,,,,RUB,3
TQCB,2020-09-22,ТрансКо1P1,RU000A100YE6,3.0,6262.7,103.78,104.5,104.5,104.5,30.6,103.75,5.87,103.78,6.0,103.81,103.81,104.5,56590358.3,56315798.3,56590358.3,2024-10-16,1067.0,6.12,,,7.3,36.4,,2020-09-22,1000.0,SUR,,,,,RUB,3
TQCB,2020-09-22,МЕТАЛИНБ03,RU000A100YF3,3.0,106059.9,105.0,105.99,105.0,105.0,29.97,105.01,5.97,105.99,101.0,,104.15,105.0,0.0,15731170.2,0.0,2029-10-10,1417.0,5.97,,,7.15,35.65,2025-04-16,2020-09-22,1000.0,SUR,,5.9499,,2025-04-21,RUB,3
TQCB,2020-09-22,Самолет1P7,RU000A100YG1,74.0,1026344.0,105.76,106.44,106.0,106.0,20.38,105.92,9.09,106.44,969.0,105.92,105.92,106.0,1026344.0,1026344.0,1026344.0,2022-10-19,671.0,9.14,,,12.0,29.92,,2020-09-22,1000.0,SUR,,,,,RUB,3
TQCB,2020-09-22,КАМАЗ БОП5,RU000A100YK3,53.0,3467421.7,101.76,102.12,101.88,101.88,13.16,101.95,6.67,101.8,3401.0,101.95,101.95,101.88,3467421.7,3467421.7,3467421.7,2022-10-19,555.0,6.63,,,7.75,19.32,,2020-09-22,1000.0,SUR,,,,,RUB,3
TQIR,2020-09-22,Шевченк1Р1,RU000A100YP2,109.0,993575.7,101.0,101.51,101.34,101.34,22.56,101.18,13.37,101.24,982.0,101.18,101.18,101.34,993575.7,993575.7,993575.7,2022-10-20,660.0,13.47,,,13.5,33.66,,2020-09-22,1000.0,SUR,,,,,RUB,3
TQCB,2020-09-22,Роснфт2P9,RU000A100YQ0,1.0,1037.0,103.7,103.7,103.7,103.7,11.87,103.7,6.07,103.7,1.0,103.96,103.99,103.7,723582.4,591727.4,723582.4,2029-10-11,1153.0,6.07,,,7.1,17.7,2024-04-18,2020-09-22,1000.0,SUR,,6.0482,,2024-04-23,RUB,3
TQCB,2020-09-22,iРОСНАН2P3,RU000A100YR8,75.0,3420546.0,102.56,103.14,103.13,103.12,32.07,103.06,6.16,103.09,3319.0,103.06,103.06,103.12,3420546.0,3420546.0,3420546.0,2022-10-20,694.0,6.19,,,7.7,38.39,,2020-09-22,1000.0,SUR,,,,,RUB,3
TQCB,2020-09-22,Экспоб Б02,RU000A100YT4,36.0,2810279.3,100.01,100.21,100.2,100.2,13.66,100.12,6.69,100.1,2807.0,100.12,100.12,100.2,2810279.3,2810279.3,2810279.3,2022-11-02,35.0,7.6,,,8.75,22.05,2020-10-27,2020-09-22,1000.0,SUR,,5.9791,,2020-10-30,RUB,3
TQCB,2020-09-22,Акрон Б1P3,RU000A100YU2,7.0,26143.8,104.42,104.68,104.68,104.68,29.99,104.58,5.35,104.42,25.0,,104.27,104.68,0.0,527611.4,0.0,2023-04-21,853.0,5.39,,,7.25,36.15,,2020-09-22,1000.0,SUR,,,,,RUB,3
TQCB,2020-09-22,ТойотаБ1P3,RU000A100YW8,8.0,94576.0,102.8,102.8,102.8,102.8,29.59,102.8,5.84,102.8,92.0,,103.25,102.8,0.0,536894.6,0.0,2022-10-27,705.0,5.84,,,7.2,36.1,,2020-09-22,1000.0,SUR,,,,,RUB,3
TQIR,2020-09-22,ДрктЛиз1P4,RU000A100Z00,7.0,124185.9,100.14,100.16,100.15,100.15,19.95,100.15,13.55,100.14,124.0,,99.94,100.15,0.0,599638.7,0.0,2022-10-25,667.0,13.55,,,13.0,32.41,,2020-09-22,1000.0,SUR,,,,,RUB,3
TQCB,2020-09-22,СберИОС161,RU000A100Z42,18.0,1232744.6,98.45,98.71,98.57,98.57,,98.54,,98.45,1251.0,98.54,98.54,98.57,1232744.6,1232744.6,1232744.6,2020-11-24,,,,,0.01,0.1,,2020-09-22,1000.0,SUR,,,,,RUB,3
TQCB,2020-09-22,СберИОС139,RU000A100Z75,2.0,11143.0,101.3,101.3,101.3,101.3,,101.3,,101.3,11.0,101.86,101.86,101.3,4136353.0,4136353.0,4136353.0,2024-11-29,,,,,0.01,0.5,,2020-09-22,1000.0,SUR,,,,,RUB,3
TQCB,2020-09-22,ГТЛК 1P-15,RU000A100Z91,62.0,7504744.8,101.37,101.7,101.5,101.5,11.8,101.5,7.32,101.69,7394.0,101.5,101.5,101.5,7504744.8,7504744.8,7504744.8,2025-10-21,985.0,7.32,,,7.69,19.17,,2020-09-22,1000.0,SUR,,,,,RUB,3
TQCB,2020-09-22,МТС 1P-12,RU000A100ZK0,13.0,450396.4,103.51,103.57,103.54,103.54,10.13,103.54,5.71,103.56,435.0,,103.56,103.54,0.0,517811.5,0.0,2023-10-26,1019.0,5.71,,,6.85,17.08,,2020-09-22,1000.0,SUR,,,,,RUB,3
TQCB,2020-09-22,ЛСР БО 1Р5,RU000A100ZL8,147.0,15881805.3,100.99,103.2,103.1,103.1,12.43,102.87,7.53,102.85,15438.0,102.87,102.87,103.1,15881805.3,15881805.3,15881805.3,2024-10-24,1047.0,7.61,,,8.4,20.94,,2020-09-22,1000.0,SUR,,,,,RUB,3
TQCB,2020-09-22,СберИОС165,RU000A100ZP9,5.0,204460.2,96.9,97.0,96.9,96.91,,96.9,,96.91,211.0,97.46,97.45,96.91,2654688.0,2641979.8,2654688.0,2021-12-02,,,,,0.01,0.2,,2020-09-22,1000.0,SUR,,,,,RUB,3
TQCB,2020-09-22,Магнит3Р04,RU000A100ZS3,4.0,52264.1,102.47,102.48,102.47,102.47,26.47,102.48,5.34,102.47,51.0,,102.23,102.47,0.0,548987.0,0.0,2022-05-03,553.0,5.34,,,6.9,34.41,,2020-09-22,1000.0,SUR,,,,,RUB,3
TQCB,2020-09-22,Систем1P12,RU000A101012,48.0,681002.3,103.43,104.22,104.02,104.02,30.11,104.13,6.82,103.88,654.0,104.13,104.13,104.02,681002.3,681002.3,681002.3,2029-10-23,1277.0,6.79,,,7.85,39.14,2024-10-29,2020-09-22,1000.0,SUR,,6.8046,,2024-11-01,RUB,3
TQCB,2020-09-22,ТрнфБО1P13,RU000A1010B7,2.0,3095.5,103.05,103.25,103.25,103.25,25.71,103.18,6.3,103.05,3.0,103.25,103.25,103.25,59048121.2,58976682.0,59048121.2,2026-10-30,1820.0,6.31,,,6.85,34.16,,2020-09-22,1000.0,SUR,,,,,RUB,3
TQCB,2020-09-22,Якут-13 об,RU000A1010D3,4.0,157468.0,104.95,105.0,105.0,105.0,8.19,104.98,5.7,104.95,150.0,,104.58,105.0,0.0,930770.2,0.0,2026-11-02,1320.0,5.7,,,6.95,17.33,,2020-09-22,1000.0,SUR,,,,,RUB,3
TQCB,2020-09-22,РЖД 1Р-17R,RU000A1010M4,39.0,35763909.2,103.48,103.6,103.48,103.48,24.78,103.54,6.04,103.55,34542.0,103.54,103.54,103.48,35763909.2,35763909.2,35763909.2,2025-11-03,1578.0,6.02,,,6.75,33.66,,2020-09-22,1000.0,SUR,,,,,RUB,3
TQCB,2020-09-22,ИКС5Фин1P7,RU000A1010X1,1.0,50910.0,101.82,101.82,101.82,101.82,24.23,101.82,5.54,101.82,50.0,,101.86,101.82,0.0,729294.5,0.0,2034-10-24,561.0,5.54,,,6.65,33.16,2022-05-10,2020-09-22,1000.0,SUR,,5.499,,2022-05-13,RUB,3
TQCB,2020-09-22,СберИОС170,RU000A1010Z6,3.0,89101.0,99.0,99.1,99.0,99.0,,99.0,,99.1,90.0,,98.95,99.0,0.0,640202.0,0.0,2020-11-19,,,,,0.01,0.1,,2020-09-22,1000.0,SUR,,,,,RUB,3
TQCB,2020-09-22,РСХБ Б01R,RU000A101129,43.0,8318155.3,102.1,102.25,102.1,102.1,0.74,102.18,5.84,102.25,8141.0,102.18,102.18,102.1,8318155.3,8318155.3,8318155.3,2022-11-02,721.0,5.8,,,6.75,5.73,,2020-09-22,1000.0,SUR,,,,,RUB,3
TQCB,2020-09-22,Газпнф3P1R,RU000A101137,37.0,1646634.6,102.07,102.84,102.51,102.51,7.88,102.66,6.3,102.07,1604.0,102.66,102.66,102.51,1646634.6,1646634.6,1646634.6,2024-11-05,1317.0,6.26,,,6.85,17.08,,2020-09-22,1000.0,SUR,,,,,RUB,3
TQIR,2020-09-22,АПРИФП БП3,RU000A101178,77.0,626230.1,101.06,101.5,101.4,101.4,15.62,101.33,14.01,101.46,618.0,101.33,101.33,101.4,626230.1,626230.1,626230.1,2022-11-10,570.0,14.06,,,14.25,35.53,,2020-09-22,1000.0,SUR,,,,,RUB,3
TQCB,2020-09-22,КраснодКр3,RU000A1011B5,46.0,256640.3,104.43,104.99,104.91,104.91,7.62,104.75,5.98,104.61,245.0,,104.83,104.91,0.0,502133.0,0.0,2026-11-12,1610.0,6.02,,,6.95,17.33,,2020-09-22,1000.0,SUR,,,,,RUB,3
TQCB,2020-09-22,РУСАБрБ1P4,RU000A1011C3,24.0,730508.2,100.7,101.67,101.58,101.58,8.16,101.32,6.81,100.7,721.0,101.32,101.32,101.58,730508.2,730508.2,730508.2,2029-11-01,722.0,6.95,,,7.45,18.57,2022-11-10,2020-09-22,1000.0,SUR,,6.7702,,2022-11-14,RUB,3
TQCB,2020-09-22,СберИОС167,RU000A1011E9,2.0,3000.0,100.0,100.0,100.0,100.0,,100.0,,100.0,3.0,,99.63,100.0,0.0,617699.7,0.0,2020-12-04,,,,,0.01,0.1,,2020-09-22,1000.0,SUR,,,,,RUB,3
TQCB,2020-09-22,СберИОС171,RU000A1011F6,2.0,498680.1,91.0,91.01,91.0,91.0,,91.0,,91.01,548.0,91.0,91.0,91.0,5627450.1,3322420.1,5627450.1,2024-12-05,,,,,0.01,0.5,,2020-09-22,1000.0,SUR,,,,,RUB,3
TQCB,2020-09-22,СберИОС173,RU000A1011K6,1.0,8839.0,88.39,88.39,88.39,88.39,,88.39,,88.39,10.0,,88.43,88.39,0.0,556234.2,0.0,2024-11-28,,,,,0.01,0.5,,2020-09-22,1000.0,SUR,,,,,RUB,3
TQCB,2020-09-22,Новосиб 20,RU000A1011Q3,10.0,612248.0,102.0,102.99,102.99,102.99,11.75,102.04,5.68,102.2,600.0,102.04,102.04,102.99,612248.0,612248.0,612248.0,2024-11-13,1158.0,5.99,,,6.5,16.21,,2020-09-22,1000.0,SUR,,,,,RUB,3
TQCB,2020-09-22,РСХБ БО10Р,RU000A1011R1,10.0,2228566.0,102.1,103.13,103.11,103.11,24.93,102.23,5.98,102.8,2180.0,102.23,102.23,103.11,2228566.0,2228566.0,2228566.0,2023-11-10,1024.0,6.3,,,7.0,34.9,,2020-09-22,1000.0,SUR,,,,,RUB,3
TQCB,2020-09-22,СЭЗ 1P1,RU000A1012K4,25.0,182092.7,103.35,103.75,103.74,103.74,43.15,103.46,10.77,103.5,176.0,,103.25,103.74,0.0,508000.7,0.0,2022-11-15,685.0,10.92,,,12.5,62.33,,2020-09-22,1000.0,SUR,,,,,RUB,3
TQCB,2020-09-22,ВТБ Б-1-41,RU000A1012L2,33.0,866272.4,100.22,100.3,100.27,100.23,21.75,100.26,4.48,100.3,864.0,100.26,100.26,100.23,866272.4,866272.4,866272.4,2020-11-17,56.0,4.55,,,6.3,31.41,,2020-09-22,1000.0,SUR,,,4.3193,,RUB,3
TQCB,2020-09-22,Сбер Sb14R,RU000A1012R9,11.0,1636978.3,101.28,101.77,101.5,101.5,21.57,101.55,5.1,101.59,1612.0,101.55,101.55,101.5,1636978.3,1636978.3,1636978.3,2021-11-19,406.0,5.06,,,6.4,31.91,,2020-09-22,1000.0,SUR,,,,,RUB,3
TQCB,2020-09-22,ГПБ001P14P,RU000A101350,1.0,48522.8,103.24,103.24,103.24,103.24,23.25,103.24,6.1,103.24,47.0,102.7,102.69,103.24,8207607.7,8104607.7,8207607.7,2024-11-22,1323.0,6.1,,,6.9,34.78,,2020-09-22,1000.0,SUR,,,,,RUB,3
TQIR,2020-09-22,ИСпетр1P1,RU000A1013C9,82.0,877566.7,100.61,101.36,101.0,101.09,8.82,100.99,14.41,101.07,869.0,100.99,100.99,101.09,877566.7,877566.7,877566.7,2024-12-28,791.0,14.41,,,14.0,11.89,,2020-09-22,1000.0,SUR,,,,,RUB,3
TQCB,2020-09-22,СберИОС178,RU000A1013E5,3.0,395163.0,97.8,99.5,99.5,99.5,,97.81,,97.8,404.0,97.71,97.72,99.5,3935811.0,2957834.0,3935811.0,2021-12-23,,,,,0.01,0.2,,2020-09-22,1000.0,SUR,,,,,RUB,3
TQCB,2020-09-22,СберИОС179,RU000A1013F2,24.0,1639338.8,97.87,98.24,98.21,98.23,,98.05,,97.87,1672.0,98.05,98.05,98.23,1639338.8,1639338.8,1639338.8,2020-12-25,,,,,0.01,0.1,,2020-09-22,1000.0,SUR,,,,,RUB,3
TQCB,2020-09-22,СберИОС177,RU000A1013J4,2.0,94829.9,94.8,97.79,94.8,94.8,,94.83,,97.79,100.0,,96.73,94.8,0.0,518461.1,0.0,2023-06-23,,,,,0.01,0.35,,2020-09-22,1000.0,SUR,,,,,RUB,3
TQIR,2020-09-22,ПионЛизБП3,RU000A1013N6,76.0,422790.1,88.14,89.08,88.78,88.78,0.28,88.45,13.03,89.08,478.0,,88.48,88.78,0.0,529135.0,0.0,2029-10-04,2083.0,13.1,,,10.25,8.42,,2020-09-22,1000.0,SUR,,,,,RUB,3
TQCB,2020-09-22,ВЭБ1P-18,RU000A1013P1,9.0,6106535.7,104.38,104.78,104.78,104.78,23.7,104.78,6.42,104.77,5828.0,104.72,104.77,104.78,8805165.5,6629535.7,8805165.5,2026-11-17,1821.0,6.42,,,7.27,36.25,,2020-09-22,1000.0,SUR,,,,,RUB,3
TQCB,2020-09-22,Славнеф1Р3,RU000A1013U1,2.0,578032.0,101.5,101.8,101.8,101.77,4.77,101.95,5.94,101.5,568.0,,101.56,101.77,0.0,2713728.9,0.0,2029-11-15,742.0,5.86,,,6.7,16.7,2022-11-24,2020-09-22,1000.0,SUR,,5.8923,,2022-11-29,RUB,3
TQCB,2020-09-22,ЧеркизБ1P2,RU000A1013Y3,64.0,387913.7,103.04,103.65,103.15,103.15,5.34,103.17,6.36,103.25,376.0,,103.2,103.15,0.0,513920.9,0.0,2023-05-25,890.0,6.35,,,7.5,18.7,,2020-09-22,1000.0,SUR,,,,,RUB,3
TQCB,2020-09-22,СберИОС180,RU000A101400,3.0,1370040.0,98.0,98.0,98.0,98.0,,98.0,,98.0,1398.0,97.93,97.93,98.0,5324287.0,5324287.0,5324287.0,2024-12-26,,,,,0.01,0.5,,2020-09-22,1000.0,SUR,,,,,RUB,3
TQCB,2020-09-22,МРСКЦП Б02,RU000A101459,2.0,31900.0,100.0,103.0,103.0,103.0,21.02,102.9,5.44,100.0,31.0,,,103.0,0.0,0.0,0.0,2029-11-20,741.0,5.49,,,6.85,34.16,2022-11-29,2020-09-22,1000.0,SUR,,5.4169,,2022-12-02,RUB,3
TQIR,2020-09-22,БДеньги1Р1,RU000A101483,136.0,1077698.95,103.31,104.38,104.15,104.12,9.99,103.98,13.54,103.97,1091.0,103.98,103.98,104.12,1077698.95,1077698.95,1077698.95,2022-11-17,463.0,13.68,,,16.0,12.49,,2020-09-22,950.0,SUR,,,,,RUB,3
TQCB,2020-09-22,ВТБ Б-1-47,RU000A101491,3.0,3676.6,91.91,91.92,91.91,91.92,0.03,91.92,3.95,91.92,4.0,,94.5,91.92,0.0,1615032.1,0.0,2022-11-29,798.0,3.94,,,0.01,0.05,,2020-09-22,1000.0,SUR,,,,,RUB,3
TQCB,2020-09-22,ЭБИС Б1P02,RU000A1014A1,5.0,13455.0,103.5,103.5,103.5,103.5,8.05,103.5,12.71,103.5,13.0,,103.53,103.5,0.0,509353.9,0.0,2022-11-29,698.0,12.71,,,14.0,34.9,,2020-09-22,1000.0,SUR,,,,,RUB,3
TQCB,2020-09-22,О'КЕЙ Б1Р3,RU000A1014B9,158.0,1881398.6,100.5,101.2,100.96,100.96,4.52,100.83,7.73,100.83,1866.0,100.83,100.83,100.96,1881398.6,1881398.6,1881398.6,2024-11-26,1068.0,7.78,,,7.85,19.57,,2020-09-22,1000.0,SUR,,,,,RUB,3
TQCB,2020-09-22,МКБ 1P2,RU000A1014H6,14.0,3094865.3,101.8,102.2,102.19,102.18,23.78,102.17,5.89,102.19,3029.0,102.17,102.17,102.18,3094865.3,3094865.3,3094865.3,2021-11-30,414.0,5.9,,,7.75,38.64,,2020-09-22,1000.0,SUR,,,,,RUB,3
TQIR,2020-09-22,КарМаниБ03,RU000A1014P9,71.0,508595.76,102.03,103.65,103.63,103.63,5.18,103.12,12.99,102.85,548.0,103.12,103.12,103.63,508595.76,508595.76,508595.76,2022-12-24,484.0,13.41,,,15.0,11.47,,2020-09-22,900.0,SUR,,,,,RUB,3
TQCB,2020-09-22,Новотр 1Р1,RU000A1014S3,199.0,2940330.5,101.0,101.3,101.15,101.21,4.79,101.18,8.61,101.01,2906.0,101.18,101.18,101.21,2940330.5,2940330.5,2940330.5,2024-11-27,1055.0,8.6,,,8.75,21.82,,2020-09-22,1000.0,SUR,,,,,RUB,3
TQCB,2020-09-22,Л&Д БП1,RU000A1014V7,6.0,225833.0,97.95,98.2,98.2,98.2,67.74,98.19,233.29,97.95,23.0,,98.14,98.2,0.0,579035.0,0.0,2023-11-13,7.0,235.35,,,10.75,88.36,2020-09-29,2020-09-22,10000.0,SUR,,,,,RUB,3
TQCB,2020-09-22,ЕАБР 1Р-05,RU000A101574,1.0,51250.0,102.5,102.5,102.5,102.5,19.0,102.5,5.87,102.5,50.0,,102.4,102.5,0.0,576520.5,0.0,2023-06-09,906.0,5.87,,,6.8,33.91,,2020-09-22,1000.0,SUR,,,,,RUB,3
TQCB,2020-09-22,ДетМир БО5,RU000A1015A8,42.0,749796.2,102.21,102.45,102.21,102.25,20.86,102.43,6.25,102.45,732.0,102.43,102.43,102.25,749796.2,749796.2,749796.2,2026-12-01,745.0,6.14,,,7.25,36.15,2022-12-06,2020-09-22,1000.0,SUR,,6.2273,,2022-12-08,RUB,3
TQCB,2020-09-22,БелугаБП3,RU000A1015E0,35.0,469595.0,103.54,104.09,104.0,104.0,23.73,103.66,7.03,104.09,453.0,,103.7,104.0,0.0,530936.5,0.0,2024-12-03,1095.0,7.15,,,8.25,41.14,,2020-09-22,1000.0,SUR,,,,,RUB,3
TQCB,2020-09-22,ОбувьРо1Р2,RU000A1015P6,195.0,2319121.9,102.55,103.38,103.35,103.29,5.26,103.21,11.23,103.22,2247.0,103.21,103.21,103.29,2319121.9,2319121.9,2319121.9,2024-11-14,927.0,11.29,,,12.0,9.86,,2020-09-22,1000.0,SUR,,,,,RUB,3
TQCB,2020-09-22,ЭТС 1Р01,RU000A1015S0,15.0,89691.8,102.98,103.46,103.01,103.01,4.27,103.09,10.17,103.28,87.0,,102.61,103.01,0.0,523297.8,0.0,2022-12-07,507.0,10.1,,,12.0,29.92,,2020-09-22,1000.0,SUR,,,,,RUB,3
TQCB,2020-09-22,СберИОС176,RU000A1015U6,1.0,728454.0,100.2,100.2,100.2,100.2,,100.2,,100.2,727.0,,103.49,100.2,0.0,6717536.0,0.0,2024-06-13,,,,,1.05,47.5,,2020-09-22,1000.0,SUR,,,,,RUB,3
TQCB,2020-09-22,СберИОС175,RU000A1015V4,1.0,492818.0,103.1,103.1,103.1,103.1,,103.1,,103.1,478.0,,104.52,103.1,0.0,8758707.0,0.0,2023-06-19,,,,,1.35,47.53,,2020-09-22,1000.0,SUR,,,,,RUB,3
TQCB,2020-09-22,Труд 1P-01,RU000A101624,7.0,54293.0,104.09,105.79,104.09,104.09,3.77,104.41,10.81,105.79,52.0,104.22,104.21,104.09,562776.9,555439.4,562776.9,2022-12-09,718.0,10.64,,,12.5,31.16,,2020-09-22,1000.0,SUR,,,,,RUB,3
TQCB,2020-09-22,НижгорОб14,RU000A101665,6.0,241368.7,102.2,104.48,104.48,104.48,2.03,102.2,5.55,102.23,236.0,,103.12,104.48,0.0,502197.3,0.0,2025-06-14,1234.0,6.24,,,6.75,16.83,,2020-09-22,1000.0,SUR,,,,,RUB,3
TQCB,2020-09-22,Пионер 1P4,RU000A1016F5,103.0,26805281.0,99.2,99.84,99.83,99.83,2.3,99.68,11.0,99.77,26890.0,99.68,99.68,99.83,26805281.0,26805281.0,26805281.0,2023-12-11,838.0,11.07,,,10.5,26.18,,2020-09-22,1000.0,SUR,,,,,RUB,3
TQCB,2020-09-22,ЗЕНИТБО1Р5,RU000A1016K5,2.0,2776065.0,100.65,100.95,100.95,100.95,20.75,100.95,6.93,100.65,2750.0,100.91,100.94,100.95,7352372.8,6892266.1,7352372.8,2022-12-12,427.0,6.93,,,7.65,38.15,2021-12-13,2020-09-22,1000.0,SUR,,6.8691,,2021-12-16,RUB,3
TQCB,2020-09-22,СберИОС186,RU000A1016M1,5.0,490447.1,95.6,97.51,95.6,95.6,,95.6,,95.6,513.0,95.61,95.6,95.6,734284.6,730403.5,734284.6,2022-01-27,,,,,0.01,0.2,,2020-09-22,1000.0,SUR,,,,,RUB,3
TQCB,2020-09-22,СвердлОбл6,RU000A1016N9,7.0,82329.9,101.58,102.5,102.5,102.5,1.28,101.64,6.22,101.58,81.0,,102.43,102.5,0.0,500859.2,0.0,2026-12-15,1482.0,6.44,,,6.7,16.7,,2020-09-22,1000.0,SUR,,,,,RUB,3
TQCB,2020-09-22,ГарИнв1P06,RU000A1016U4,47.0,2087676.7,96.45,96.78,96.71,96.71,2.21,96.65,13.9,96.78,2160.0,96.65,96.65,96.71,2087676.7,2087676.7,2087676.7,2022-12-13,725.0,13.94,,,11.5,28.67,,2020-09-22,1000.0,SUR,,,,,RUB,3
TQCB,2020-09-22,ПИК К 1P2,RU000A1016Z3,279.0,12491572.3,102.51,102.97,102.8,102.8,1.36,102.79,7.53,102.59,12153.0,102.79,102.79,102.8,12491572.3,12491572.3,12491572.3,2024-12-11,1114.0,7.53,,,8.25,20.57,,2020-09-22,1000.0,SUR,,,,,RUB,3
TQCB,2020-09-22,Автодор2Р5,RU000A1017H9,14.0,20799405.8,102.42,102.65,102.65,102.65,17.63,102.65,5.86,102.42,20263.0,102.65,102.65,102.65,20799405.8,20799405.8,20799405.8,2029-12-12,712.0,5.86,,,7.15,35.65,2022-12-21,2020-09-22,1000.0,SUR,,5.8229,,2022-12-26,RUB,3
TQCB,2020-09-22,Газпнф3P2R,RU000A1017J5,11.0,18964.7,105.25,105.5,105.5,105.35,0.78,105.36,6.51,105.26,18.0,,105.28,105.35,0.0,500083.4,0.0,2029-12-07,2516.0,6.53,,,7.15,17.83,,2020-09-22,1000.0,SUR,,,,,RUB,3
TQCB,2020-09-22,СберИОС187,RU000A1017Q0,9.0,5426928.0,89.2,89.2,89.2,89.2,,89.2,,89.2,6084.0,89.19,89.2,89.2,5783328.0,5694228.0,5783328.0,2025-01-29,,,,,0.01,0.5,,2020-09-22,1000.0,SUR,,,,,RUB,3
TQCB,2020-09-22,ВТБ Б-1-48,RU000A1017Y4,25.0,3239105.5,100.0,100.45,100.25,100.25,15.75,100.07,4.99,100.35,3237.0,100.07,100.07,100.25,3239105.5,3239105.5,3239105.5,2020-12-18,87.0,5.78,,,6.05,30.17,,2020-09-22,1000.0,SUR,,,4.8446,,RUB,3
TQCB,2020-09-22,СберИОС189,RU000A101889,7.0,8819.9,97.99,98.01,97.99,97.99,,98.0,,98.01,9.0,97.44,97.41,97.99,1518097.4,664321.9,1518097.4,2021-01-28,,,,,0.01,0.1,,2020-09-22,1000.0,SUR,,,,,RUB,3
TQCB,2020-09-22,ТрансмхПБ4,RU000A1018C8,5.0,188602.0,101.4,101.95,101.95,101.95,17.52,101.95,6.51,101.4,185.0,,101.14,101.95,0.0,2321121.6,0.0,2024-12-16,1345.0,6.51,,,6.95,34.65,,2020-09-22,1000.0,SUR,,,,,RUB,3
TQIR,2020-09-22,СолЛизБО06,RU000A1018D6,47.0,605584.6,97.4,97.98,97.81,97.81,0.0,97.67,14.93,97.41,620.0,97.67,97.67,97.81,605584.6,605584.6,605584.6,2022-12-20,722.0,15.01,,,13.0,32.41,,2020-09-22,1000.0,SUR,,,,,RUB,3
TQIR,2020-09-22,РоялКапБО3,RU000A1018F1,7.0,23210.8,100.4,101.46,100.9,100.9,0.0,100.92,13.87,100.4,23.0,,100.97,100.9,0.0,501839.8,0.0,2021-12-21,425.0,13.85,,,14.0,34.9,,2020-09-22,1000.0,SUR,,,,,RUB,3
TQCB,2020-09-22,Татнфт1P1,RU000A1018K1,20.0,231540.1,102.14,102.59,102.4,102.37,0.0,102.45,5.41,102.49,226.0,,102.44,102.37,0.0,501939.4,0.0,2022-12-20,770.0,5.39,,,6.45,16.08,,2020-09-22,1000.0,SUR,,,,,RUB,3
TQCB,2020-09-22,ЗавдКЭС1P1,RU000A1018L9,95.0,1022656.9,100.52,101.39,100.88,100.88,0.0,100.95,11.82,100.9,1013.0,100.95,100.95,100.88,1022656.9,1022656.9,1022656.9,2022-12-20,91.0,11.51,,,15.0,37.4,2020-12-22,2020-09-22,1000.0,SUR,,,,,RUB,3
TQCB,2020-09-22,СберИОС193,RU000A1018P0,22.0,82189.5,75.01,89.0,89.0,89.0,,87.44,,75.01,94.0,,88.97,89.0,0.0,596076.6,0.0,2023-01-30,,,,,0.01,0.3,,2020-09-22,1000.0,SUR,,,,,RUB,3
TQIR,2020-09-22,ЭНКО 1P01,RU000A1018U0,8.0,24034.52,100.1,100.2,100.1,100.1,21.95,100.14,12.37,100.15,32.0,,100.19,100.1,0.0,534272.88,0.0,2021-12-23,215.0,12.29,,,12.0,22.44,,2020-09-22,750.0,SUR,,,,,RUB,3
TQCB,2020-09-22,Магнит3Р05,RU000A1018X4,2.0,6147.5,102.25,102.5,102.25,102.25,16.09,102.46,5.59,102.5,6.0,,102.32,102.25,0.0,513657.9,0.0,2022-12-22,766.0,5.49,,,6.6,32.91,,2020-09-22,1000.0,SUR,,,,,RUB,3
TQCB,2020-09-22,МТС 1P-13,RU000A101939,39.0,520011.1,101.34,102.42,102.08,102.07,15.73,101.96,5.57,102.42,510.0,101.96,101.96,102.07,520011.1,520011.1,520011.1,2022-12-22,760.0,5.63,,,6.45,16.08,,2020-09-22,1000.0,SUR,,,,,RUB,3
TQCB,2020-09-22,СибКХП 1P1,RU000A101947,9.0,82005.3,99.91,100.05,100.02,100.02,22.3,100.01,5.69,99.91,82.0,,100.01,100.02,0.0,507038.1,0.0,2024-12-20,3.0,7.59,,,9.25,23.06,2020-09-25,2020-09-22,1000.0,SUR,,,,,RUB,3
TQCB,2020-09-22,ВсИнстрБО2,RU000A101970,29.0,158495.5,104.04,104.47,104.36,104.36,27.73,104.27,8.04,104.41,152.0,,104.27,104.36,0.0,550529.9,0.0,2022-12-23,422.0,8.12,,,11.5,28.67,2021-12-24,2020-09-22,1000.0,SUR,,7.9394,,2021-12-29,RUB,3
TQCB,2020-09-22,СберИОС191,RU000A1019U8,1.0,475647.0,99.3,99.3,99.3,99.3,,99.3,,99.3,479.0,,100.99,99.3,0.0,6221941.0,0.0,2023-07-21,,,,,1.35,47.5,,2020-09-22,1000.0,SUR,,,,,RUB,3
TQCB,2020-09-22,ВЭБ1P-К261,RU000A101BD4,1.0,1000.0,100.0,100.0,100.0,100.0,0.54,100.0,4.01,100.0,1.0,,,100.0,0.0,0.0,0.0,2020-10-08,16.0,4.01,,,3.94,2.27,,2020-09-22,1000.0,SUR,,3.7592,3.6932,2020-10-08,RUB,3
TQCB,2020-09-22,СберИОС205,RU000A101BX2,9.0,1245919.6,97.02,99.0,97.66,97.66,,97.03,,99.0,1284.0,97.14,97.11,97.66,1344419.6,1316839.6,1344419.6,2021-02-17,,,,,0.01,0.1,,2020-09-22,1000.0,SUR,,,,,RUB,3
TQCB,2020-09-22,ВТБ Б-1-49,RU000A101C22,27.0,5587296.8,100.2,100.65,100.31,100.31,10.2,100.27,4.97,100.61,5572.0,100.27,100.27,100.31,5587296.8,5587296.8,5587296.8,2021-01-19,119.0,5.1,,,5.91,29.47,,2020-09-22,1000.0,SUR,,,4.8454,,RUB,3
TQCB,2020-09-22,Сбер Sb15R,RU000A101C89,42.0,18899454.1,101.95,102.44,102.44,102.41,9.84,102.11,5.56,101.97,18477.0,102.29,102.29,102.41,18899454.1,18899454.1,18899454.1,2024-01-22,1108.0,5.67,,,6.3,31.41,,2020-09-22,1000.0,SUR,,,,,RUB,3
TQCB,2020-09-22,ЛТрейд 1P1,RU000A101CB6,96.0,1038628.8,100.3,100.8,100.79,100.79,1.03,100.54,12.7,100.8,1033.0,100.54,100.54,100.79,1038628.8,1038628.8,1038628.8,2023-01-07,602.0,12.87,,,12.5,10.27,,2020-09-22,1000.0,SUR,,,,,RUB,3
TQCB,2020-09-22,СберИОС200,RU000A101CD2,6.0,5905.0,89.0,119.7,99.9,98.42,,98.42,,119.7,6.0,,84.49,98.42,0.0,583005.3,0.0,2024-02-27,,,,,0.01,0.4,,2020-09-22,1000.0,SUR,,,,,RUB,3
TQOD,2020-09-22,ФридФин1П1,RU000A101CG5,28.0,90136.95,102.5101,105.2,104.8,104.8,9.97,104.8104,4.4,102.5101,86.0,104.8104,104.8104,104.8,6853842.42,6853842.42,6853842.42,2023-01-24,793.0,4.39,,,6.5,16.21,,2020-09-22,1000.0,USD,,-29.8039,,2020-11-03,USD,3
TQCB,2020-09-22,ФСК ЕЭС1Р4,RU000A101CL5,20.0,585330.0,101.59,101.67,101.59,101.59,9.99,101.62,6.68,101.67,576.0,101.62,101.62,101.59,585330.0,585330.0,585330.0,2035-01-11,2536.0,6.68,,,6.75,16.83,2030-01-17,2020-09-22,1000.0,SUR,,6.6725,,2030-01-22,RUB,3
TQCB,2020-09-22,СУЭК-Ф1P5R,RU000A101CQ4,10.0,10137110.5,100.75,100.99,100.97,100.97,10.4,100.99,6.75,100.78,10038.0,100.99,100.99,100.97,10137110.5,10137110.5,10137110.5,2030-01-16,1382.0,6.74,,,6.9,34.41,2025-01-22,2020-09-22,1000.0,SUR,,6.7233,,2025-01-27,RUB,3
TQCB,2020-09-22,СберИОС202,RU000A101CX0,2.0,1421370.0,92.9,92.9,92.9,92.9,,92.9,,92.9,1530.0,93.04,93.04,92.9,3473003.0,3473003.0,3473003.0,2022-02-18,,,,,0.01,0.2,,2020-09-22,1000.0,SUR,,,,,RUB,3
TQCB,2020-09-22,СберИОС212,RU000A101CY8,1.0,3604.0,90.1,90.1,90.1,90.1,,90.1,,90.1,4.0,89.42,89.42,90.1,647400.4,647400.4,647400.4,2025-02-13,,,,,0.01,0.5,,2020-09-22,1000.0,SUR,,,,,RUB,3
TQCB,2020-09-22,Сегежа1P1R,RU000A101D13,170.0,21411468.5,100.13,100.71,100.33,100.31,10.5,100.26,7.06,100.24,21355.0,100.26,100.26,100.31,21411468.5,21411468.5,21411468.5,2023-01-26,796.0,7.09,,,7.1,35.4,,2020-09-22,1000.0,SUR,,,,,RUB,3
TQCB,2020-09-22,РуСол клБ,RU000A101DB4,2.0,1457528.03,99.9,99.9,99.9,99.9,13.24,99.9,14.41,99.9,1501.0,,99.89,99.9,0.0,4763333.95,0.0,2031-02-15,54.0,14.41,,,13.09,32.06,2020-11-15,2020-09-22,972.01,SUR,,,,,RUB,3
TQCB,2020-09-22,РСХБ Б02RP,RU000A101DD0,2.0,11183.8,101.64,101.98,101.64,101.64,2.15,101.67,5.44,101.98,11.0,100.97,100.96,101.64,1850720.7,1720439.5,1850720.7,2023-01-25,798.0,5.42,,,6.05,5.14,,2020-09-22,1000.0,SUR,,,,,RUB,3
TQCB,2020-09-22,РСетиЛЭБО3,RU000A101DE8,1.0,10095.0,100.95,100.95,100.95,100.95,8.15,100.95,5.84,100.95,10.0,,100.34,100.95,0.0,956264.8,0.0,2025-01-29,809.0,5.84,,,6.2,30.92,2023-02-01,2020-09-22,1000.0,SUR,,6.0322,,2025-01-29,RUB,3
TQCB,2020-09-22,СберИОС210,RU000A101DR0,1.0,100219.0,97.3,97.3,97.3,97.3,,97.3,,97.3,103.0,97.7,97.7,97.3,4751359.0,4751359.0,4751359.0,2025-02-20,,,,,0.01,0.5,,2020-09-22,1000.0,SUR,,,,,RUB,3
TQCB,2020-09-22,ВитаЛайнБ1,RU000A101DU4,53.0,1810227.3,100.59,101.8,101.8,101.66,13.86,101.58,9.92,100.81,1782.0,101.58,101.58,101.66,1810227.3,1810227.3,1810227.3,2023-02-03,465.0,10.11,,,11.0,27.42,2022-02-04,2020-09-22,1000.0,SUR,,9.8421,,2022-02-07,RUB,3
TQCB,2020-09-22,СберИОС203,RU000A101E04,2.0,1919.6,95.98,95.98,95.98,95.98,,95.98,,95.98,2.0,94.9,94.61,95.98,1377970.6,1217592.6,1377970.6,2022-03-04,,,,,0.01,0.2,,2020-09-22,1000.0,SUR,,,,,RUB,3
TQCB,2020-09-22,СберИОС215,RU000A101ED8,2.0,1028031.0,95.1,95.1,95.1,95.1,,95.1,,95.1,1081.0,,95.84,95.1,0.0,5158348.0,0.0,2025-02-17,,,,,0.95,47.5,,2020-09-22,1000.0,SUR,,,,,RUB,3
TQCB,2020-09-22,МЕТАЛИНБ04,RU000A101EF3,18.0,15375628.9,100.4,100.9,100.79,100.79,7.36,100.79,6.47,100.4,15255.0,100.79,100.79,100.79,15375628.9,15375628.9,15375628.9,2030-01-30,1674.0,6.47,,,6.55,32.66,2026-02-04,2020-09-22,1000.0,SUR,,6.4556,,2026-02-09,RUB,3
TQCB,2020-09-22,ВТБ Б-1-51,RU000A101F52,2.0,51144.5,92.99,92.99,92.99,92.99,0.01,92.99,3.09,92.99,55.0,,92.43,92.99,0.0,1172957.7,0.0,2023-02-14,875.0,3.09,,,0.01,0.05,,2020-09-22,1000.0,SUR,,,,,RUB,3
TQCB,2020-09-22,ВТБ Б-1-53,RU000A101F78,12.0,254526.2,97.72,98.41,97.91,97.91,0.01,97.89,5.43,97.72,260.0,,97.91,97.91,0.0,1362974.6,0.0,2021-02-16,147.0,5.49,,,0.01,0.05,,2020-09-22,1000.0,SUR,,5.3948,5.3103,2021-02-16,RUB,3
TQCB,2020-09-22,ВТБ Б-1-52,RU000A101F86,9.0,59781.7,97.78,98.62,98.62,98.62,0.01,98.0,3.55,97.78,61.0,,98.09,98.62,0.0,864209.5,0.0,2021-02-16,147.0,5.19,,,0.01,0.05,,2020-09-22,1000.0,SUR,,3.5209,3.4845,2021-02-16,RUB,3
TQCB,2020-09-22,Ростел2P3R,RU000A101FC7,13.0,938397.6,101.52,102.1,102.1,102.09,5.99,102.0,5.37,102.0,920.0,102.0,102.0,102.09,938397.6,938397.6,938397.6,2023-02-14,822.0,5.42,,,6.25,31.16,,2020-09-22,1000.0,SUR,,,,,RUB,3
TQCB,2020-09-22,Ростел2P2R,RU000A101FG8,116.0,1991510.8,101.53,102.08,101.59,101.58,6.19,101.66,6.44,102.08,1959.0,101.66,101.66,101.58,1991510.8,1991510.8,1991510.8,2027-02-10,1930.0,6.43,,,6.65,33.16,,2020-09-22,1000.0,SUR,,,,,RUB,3
TQCB,2020-09-22,МТС 1P-14,RU000A101FH6,112.0,2244031.3,101.46,102.0,101.75,101.75,5.97,101.82,6.41,101.57,2204.0,101.82,101.82,101.75,2244031.3,2244031.3,2244031.3,2027-02-11,1916.0,6.4,,,6.6,16.45,,2020-09-22,1000.0,SUR,,,,,RUB,3
TQCB,2020-09-22,СберИОС211,RU000A101FQ7,4.0,4244330.0,99.0,99.6,99.0,99.12,,99.12,,99.6,4282.0,98.88,99.16,99.12,8337909.6,6368090.0,8337909.6,2025-03-06,,,,,0.01,0.5,,2020-09-22,1000.0,SUR,,,,,RUB,3
TQCB,2020-09-22,КАМАЗ БОП6,RU000A101FR5,1.0,1003.9,100.39,100.39,100.39,100.39,5.88,100.39,4.87,100.39,1.0,,99.93,100.39,0.0,764451.4,0.0,2021-08-19,86.0,4.87,,,6.5,21.19,2020-12-17,2020-09-22,1000.0,SUR,,4.5446,,2020-12-22,RUB,3
TQIR,2020-09-22,ЛомМасБОП7,RU000A101FT1,67.0,538419.5,90.16,92.5,92.5,92.31,12.66,91.41,21.85,90.16,589.0,91.41,91.41,92.31,538419.5,538419.5,538419.5,2022-02-17,466.0,22.97,,,14.0,34.9,,2020-09-22,1000.0,SUR,,,,,RUB,3
TQCB,2020-09-22,ВТБ Б-1-50,RU000A101FV7,20.0,528690.5,100.11,100.6,100.52,100.41,4.95,100.51,4.39,100.11,526.0,100.51,100.51,100.41,528690.5,528690.5,528690.5,2021-02-19,150.0,4.41,,,5.65,28.17,,2020-09-22,1000.0,SUR,,,4.3016,,RUB,3
TQCB,2020-09-22,СберИОС220,RU000A101G69,1.0,924.0,92.4,92.4,92.4,92.4,,92.4,,92.4,1.0,,98.17,92.4,0.0,574280.6,0.0,2024-03-26,,,,,0.01,0.4,,2020-09-22,1000.0,SUR,,,,,RUB,3
TQCB,2020-09-22,РОЛЬФ 1Р02,RU000A101GB7,149.0,5674948.5,99.91,100.05,99.98,99.98,6.41,100.02,9.32,100.0,5674.0,100.02,100.02,99.98,5674948.5,5674948.5,5674948.5,2022-02-24,491.0,9.29,,,9.0,22.44,,2020-09-22,1000.0,SUR,,,,,RUB,3
TQCB,2020-09-22,ГТЛК 1P-16,RU000A101GD3,54.0,22375617.0,99.08,99.35,99.1,99.08,4.95,99.1,7.43,99.3,22578.0,99.1,99.1,99.08,22375617.0,22375617.0,22375617.0,2028-02-17,1203.0,7.43,,,6.95,17.33,,2020-09-22,1000.0,SUR,,7.4191,,2028-02-17,RUB,3
TQCB,2020-09-22,Газпнф3P3R,RU000A101GJ0,2.0,651662.7,101.1,101.19,101.19,101.19,4.42,101.19,6.02,101.1,644.0,101.05,101.12,101.19,1836061.8,1484491.7,1836061.8,2025-02-20,1418.0,6.02,,,6.2,15.46,,2020-09-22,1000.0,SUR,,,,,RUB,3
TQCB,2020-09-22,ОткрФКБП6,RU000A101GR3,6.0,7568144.0,100.0,100.6,100.0,100.0,3.68,100.0,6.5,100.0,7568.0,100.06,100.04,100.0,8003438.1,7901431.8,8003438.1,2025-02-25,834.0,6.5,,,6.4,31.91,2023-02-28,2020-09-22,1000.0,SUR,,6.4711,,2023-03-03,RUB,3
TQCB,2020-09-22,СберИОС230,RU000A101GT9,1.0,931434.0,99.3,99.3,99.3,99.3,,99.3,,99.3,938.0,100.57,100.8,99.3,9981963.0,6476363.0,9981963.0,2025-03-18,,,,,0.01,0.5,,2020-09-22,1000.0,SUR,,,,,RUB,3
TQCB,2020-09-22,ЛЕГЕНДА1P2,RU000A101GW3,155.0,5621001.4,99.9,100.05,100.0,100.0,2.11,100.0,11.46,99.9,5621.0,100.0,100.0,100.0,5621001.4,5621001.4,5621001.4,2023-03-14,600.0,11.46,,,11.0,27.42,,2020-09-22,1000.0,SUR,,,,,RUB,3
TQCB,2020-09-22,УрКаПБО6P,RU000A101GZ6,80.0,11086060.0,100.56,101.42,101.2,101.19,3.94,101.07,6.64,100.91,10969.0,101.07,101.07,101.19,11086060.0,11086060.0,11086060.0,2025-02-25,1418.0,6.67,,,6.85,34.16,,2020-09-22,1000.0,SUR,,,,,RUB,3
TQCB,2020-09-22,Самолет1P8,RU000A101H43,610.0,17225557.8,103.7,104.3,104.07,104.07,6.33,104.14,9.3,104.3,16541.0,104.14,104.14,104.07,17225557.8,17225557.8,17225557.8,2023-02-28,801.0,9.27,,,11.0,54.85,,2020-09-22,1000.0,SUR,,,,,RUB,3
TQCB,2020-09-22,РЖД 1Р-18R,RU000A101H84,3.0,42996.1,99.99,100.0,100.0,100.0,3.52,99.99,6.52,99.99,43.0,,100.16,100.0,0.0,518833.7,0.0,2030-02-20,162.0,6.54,,,6.43,32.06,2021-03-03,2020-09-22,1000.0,SUR,,,,,RUB,3
TQCB,2020-09-22,МоторТ1Р02,RU000A101HA7,32.0,112308.5,102.06,102.14,102.1,102.12,7.12,102.1,12.54,102.14,110.0,,102.06,102.12,0.0,534773.1,0.0,2023-03-01,773.0,12.54,,,13.0,32.41,,2020-09-22,1000.0,SUR,,,,,RUB,3
TQCB,2020-09-22,СберИОС219,RU000A101HG4,2.0,1059490.0,101.0,101.0,101.0,101.0,,101.0,,101.0,1049.0,,101.69,101.0,0.0,7596557.0,0.0,2025-03-11,,,,,0.95,47.5,,2020-09-22,1000.0,SUR,,,,,RUB,3
TQCB,2020-09-22,Магнит2Р01,RU000A101HJ8,15.0,813830.1,100.91,101.49,101.47,101.48,3.23,101.15,5.62,101.48,802.0,101.48,101.48,101.48,813830.1,813830.1,813830.1,2023-03-02,838.0,5.77,,,6.2,30.92,,2020-09-22,1000.0,SUR,,,,,RUB,3
TQCB,2020-09-22,ДДёнерБОП2,RU000A101HQ3,20.0,341770.0,105.1,107.9,106.55,106.55,55.48,106.8,11.12,107.9,32.0,,106.24,106.55,0.0,509958.0,0.0,2023-04-25,804.0,11.01,,,13.5,110.96,,2020-09-22,10000.0,SUR,,,,,RUB,3
TQIR,2020-09-22,Брус 1P01,RU000A101HU5,391.0,11264896.3,98.17,98.47,98.25,98.25,3.62,98.25,12.51,98.47,11465.0,98.25,98.25,98.25,11264896.3,11264896.3,11264896.3,2023-03-09,686.0,12.51,,,11.0,27.42,,2020-09-22,1000.0,SUR,,,,,RUB,3
TQCB,2020-09-22,СберИОС233,RU000A101J58,1.0,499500.0,99.9,99.9,99.9,99.9,,99.9,,99.9,500.0,,102.38,99.9,0.0,5321500.0,0.0,2025-04-01,,,,,0.01,0.5,,2020-09-22,1000.0,SUR,,,,,RUB,3
TQIR,2020-09-22,СИЛ 1P01,RU000A101J82,6.0,13491.23,100.4,101.43,101.43,101.43,2.16,101.18,9.74,100.4,16.0,,100.08,101.43,0.0,1032555.48,0.0,2023-03-02,448.0,9.96,,,10.5,7.19,,2020-09-22,833.4,SUR,,,,,RUB,3
TQCB,2020-09-22,ВТБ Б-1-58,RU000A101J90,2.0,2016.3,100.62,101.01,101.01,101.01,,100.82,,100.62,2.0,101.56,101.2,101.01,8631989.1,7700046.8,8631989.1,2023-03-14,,,,,0.01,0.05,,2020-09-22,1000.0,SUR,,,,2023-03-14,RUB,3
TQCB,2020-09-22,ИА ДОМ 5P1,RU000A101JD7,1.0,41384.52,100.25,100.25,100.25,100.25,8.95,100.25,,100.25,46.0,,100.44,100.25,0.0,6166035.51,0.0,2045-04-28,,,,,6.5,14.7,2030-04-28,2020-09-22,897.42,SUR,,,,,RUB,3
TQIR,2020-09-22,АйДиЭфБ02,RU000A101JF2,21.0,706439.7,99.76,99.95,99.9,99.9,2.85,99.92,14.04,99.95,707.0,99.92,99.92,99.9,706439.7,706439.7,706439.7,2023-03-15,167.0,13.99,,,13.0,10.68,2021-03-13,2020-09-22,1000.0,SUR,,13.6269,,2021-03-17,RUB,3
TQCB,2020-09-22,ВТБ Б-1-62,RU000A101JT3,27.0,30363019.7,100.4,100.69,100.6,100.6,29.75,100.5,4.83,100.6,30212.0,100.5,100.5,100.6,30363019.7,30363019.7,30363019.7,2021-03-24,178.0,5.03,,,6.0,29.92,,2020-09-22,1000.0,SUR,,,,,RUB,3
TQCB,2020-09-22,СберИОС229,RU000A101JW7,2.0,1431538.0,100.6,100.6,100.6,100.6,,100.6,,100.6,1423.0,101.53,101.69,100.6,12909156.0,8752872.0,12909156.0,2025-04-01,,,,,0.95,47.5,,2020-09-22,1000.0,SUR,,,,,RUB,3
TQIR,2020-09-22,ГрузЦ БОП4,RU000A101K30,11.0,270192.0,111.01,113.95,113.95,112.74,111.23,112.58,8.05,112.67,24.0,,112.33,112.74,0.0,550429.0,0.0,2023-03-12,769.0,8.67,,,14.0,115.07,,2020-09-22,10000.0,SUR,,,,,RUB,3
TQCB,2020-09-22,СберИОС244,RU000A101KF0,1.0,990.0,99.0,99.0,99.0,99.0,,105.1,,99.0,1.0,,99.74,99.0,0.0,4390642.8,0.0,2025-04-23,,,,,0.01,0.5,,2020-09-22,1000.0,SUR,,,,,RUB,3
TQIR,2020-09-22,Калита1P1,RU000A101KJ2,62.0,432711.8,104.0,104.51,104.4,104.4,10.27,104.27,13.89,104.34,415.0,,104.25,104.4,0.0,502463.0,0.0,2023-09-12,820.0,13.95,,,15.0,12.33,,2020-09-22,1000.0,SUR,,,,,RUB,3
TQCB,2020-09-22,РОСНАНО2P4,RU000A101KK0,43.0,12736827.4,100.35,100.8,100.8,100.79,1.68,100.77,5.32,100.79,12639.0,100.77,100.77,100.79,12736827.4,12736827.4,12736827.4,2024-03-26,85.0,5.46,,,8.75,22.05,2020-12-16,2020-09-22,1000.0,SUR,,4.9673,,2020-12-21,RUB,3
TQIR,2020-09-22,ЛомМасБОП8,RU000A101KU9,62.0,801404.0,93.0,93.5,93.3,93.3,34.93,93.29,34.67,93.01,859.0,93.29,93.29,93.3,801404.0,801404.0,801404.0,2023-04-06,186.0,34.7,,,17.0,42.38,2021-04-08,2020-09-22,1000.0,SUR,,33.5448,,2021-04-13,RUB,3
TQCB,2020-09-22,СберИОС245,RU000A101LB7,1.0,1030.0,103.0,103.0,103.0,103.0,,103.0,,103.0,1.0,,100.29,103.0,0.0,785264.2,0.0,2025-05-07,,,,,0.01,0.5,,2020-09-22,1000.0,SUR,,,,,RUB,3
TQCB,2020-09-22,СберИОС252,RU000A101LF8,2.0,291942.0,97.9,98.0,97.9,97.97,,97.97,,98.0,298.0,98.48,98.47,97.97,3682278.0,3041628.0,3682278.0,2025-05-07,,,,,0.01,0.5,,2020-09-22,1000.0,SUR,,,,,RUB,3
TQCB,2020-09-22,ЕврХимБ1Р8,RU000A101LJ0,4.0,2680252.4,107.1,107.62,107.62,107.62,33.96,107.12,6.2,107.2,2502.0,107.27,107.27,107.62,3534480.4,3534480.4,3534480.4,2025-04-15,1393.0,6.33,,,8.05,40.14,,2020-09-22,1000.0,SUR,,,,,RUB,3
TQCB,2020-09-22,ВТБ Б-1-57,RU000A101LK8,2.0,58266.0,97.11,97.11,97.11,97.11,,97.11,,97.11,60.0,,97.0,97.11,0.0,987467.9,0.0,2021-04-20,,,,,0.01,0.05,,2020-09-22,1000.0,SUR,,,,2021-04-20,RUB,3
TQCB,2020-09-22,ТМК 1P01,RU000A101LQ5,3.0,11391.0,103.45,103.65,103.45,103.45,34.77,103.55,6.11,103.65,11.0,103.47,103.47,103.45,1397829.9,1069884.9,1397829.9,2022-04-21,535.0,6.04,,,8.35,41.64,,2020-09-22,1000.0,SUR,,,,,RUB,3
TQCB,2020-09-22,СберИОС241,RU000A101LU7,2.0,1139275.0,99.5,99.5,99.5,99.5,,99.5,,99.5,1145.0,,102.01,99.5,0.0,7329597.0,0.0,2025-04-29,,,,,0.95,47.5,,2020-09-22,1000.0,SUR,,,,,RUB,3
TQCB,2020-09-22,iСЛТ001P03,RU000A101LV5,12.0,101013.6,106.72,107.5,107.5,107.5,18.38,107.46,7.66,106.72,94.0,,107.5,107.5,0.0,4563386.5,0.0,2023-01-19,752.0,7.68,,,11.0,27.42,,2020-09-22,1000.0,SUR,,,,,RUB,3
TQCB,2020-09-22,Ростел2P4R,RU000A101LY9,2.0,15480.0,103.2,103.2,103.2,103.2,27.92,103.2,5.47,103.2,15.0,103.02,103.0,103.2,1077552.9,1074324.0,1077552.9,2023-04-21,858.0,5.47,,,6.75,33.66,,2020-09-22,1000.0,SUR,,,,,RUB,3
TQCB,2020-09-22,РЖД 1Р-20R,RU000A101M04,14.0,1173965.3,105.1,105.3,105.3,105.3,30.41,105.29,6.44,105.29,1115.0,105.29,105.29,105.3,1173965.3,1173965.3,1173965.3,2027-03-15,1882.0,6.44,,,7.35,36.65,,2020-09-22,1000.0,SUR,,,,,RUB,3
TQCB,2020-09-22,ВТБ Б-1-63,RU000A101M53,21.0,4358132.6,100.25,100.52,100.48,100.48,23.32,100.37,4.96,100.25,4342.0,100.37,100.37,100.48,4358132.6,4358132.6,4358132.6,2021-04-26,211.0,5.16,,,5.75,28.67,,2020-09-22,1000.0,SUR,,,,,RUB,3
TQCB,2020-09-22,СовкомБОП2,RU000A101MB5,4.0,42100.7,100.1,100.26,100.26,100.26,11.68,100.24,5.08,100.1,42.0,100.11,100.11,100.26,982117.0,881962.0,982117.0,2030-04-17,36.0,5.29,,,7.75,19.32,2020-10-28,2020-09-22,1000.0,SUR,,4.3293,,2020-11-02,RUB,3
TQCB,2020-09-22,Магнит2Р02,RU000A101MC3,5.0,31754.7,102.03,102.69,102.69,102.47,26.8,102.43,5.65,102.4,31.0,,102.41,102.47,0.0,500768.4,0.0,2023-04-26,863.0,5.76,,,6.7,33.41,,2020-09-22,1000.0,SUR,,,,,RUB,3
TQCB,2020-09-22,СберИОС253,RU000A101MH2,2.0,34416.0,95.6,95.6,95.6,95.6,,95.6,,95.6,36.0,96.91,96.9,95.6,2276352.0,2163832.0,2276352.0,2025-06-04,,,,,0.01,0.5,,2020-09-22,1000.0,SUR,,,,,RUB,3
TQCB,2020-09-22,СберИОС255,RU000A101ML4,1.0,995.0,99.5,99.5,99.5,99.5,,99.5,,99.5,1.0,,98.48,99.5,0.0,547532.2,0.0,2020-11-27,,,,,1.0,4.99,,2020-09-22,1000.0,SUR,,,,,RUB,3
TQCB,2020-09-22,ДетМир БО6,RU000A101MT7,11.0,36851.8,101.63,102.9,102.01,102.01,26.47,102.37,6.24,101.63,36.0,,102.02,102.01,0.0,501947.0,0.0,2027-04-29,867.0,6.09,,,7.0,34.9,2023-05-04,2020-09-22,1000.0,SUR,,6.2132,,2023-05-08,RUB,3
TQCB,2020-09-22,ВТБ Б-1-66,RU000A101MW1,1.0,103424.0,102.4,102.4,102.4,102.4,,102.4,,102.4,101.0,106.26,106.26,102.4,1878708.1,1844644.1,1878708.1,2025-05-01,,,,,0.01,0.05,,2020-09-22,1000.0,SUR,,,,,RUB,3
TQCB,2020-09-22,ВТБ Б-1-67,RU000A101MY7,10.0,338118.5,100.63,100.65,100.63,100.63,,100.63,,100.65,336.0,,100.65,100.63,0.0,539503.8,0.0,2023-05-04,,,,,0.01,0.05,,2020-09-22,1000.0,SUR,,,,2023-05-04,RUB,3
TQCB,2020-09-22,МежИнБ01P4,RU000A101MZ4,1.0,102500.0,102.5,102.5,102.5,102.5,6.47,102.5,5.85,102.5,100.0,,103.81,102.5,0.0,2309810.0,0.0,2023-05-16,888.0,5.85,,,6.75,16.83,,2020-09-22,1000.0,SUR,,,,,RUB,3
TQCB,2020-09-22,МТС 1P-15,RU000A101NG2,5.0,24492.4,101.83,103.4,102.0,102.0,7.23,102.05,6.35,103.4,24.0,102.01,102.0,102.0,3429544.7,3377310.8,3429544.7,2026-11-05,1848.0,6.34,,,6.6,16.45,,2020-09-22,1000.0,SUR,,,,,RUB,3
TQIR,2020-09-22,ЧЗПСНП БП2,RU000A101NJ6,96.0,1074891.7,99.8,100.1,100.0,100.0,13.15,99.99,12.55,100.0,1075.0,99.99,99.99,100.0,1074891.7,1074891.7,1074891.7,2025-05-08,1303.0,12.55,,,12.0,29.92,,2020-09-22,1000.0,SUR,,,,,RUB,3
TQCB,2020-09-22,Якут-35014,RU000A101P27,1.0,21577.5,102.75,102.75,102.75,102.75,0.71,102.75,5.83,102.75,21.0,,102.5,102.75,0.0,534043.3,0.0,2027-05-12,1291.0,5.83,,,6.49,16.18,,2020-09-22,1000.0,SUR,,,,,RUB,3
TQIR,2020-09-22,Шевченк1Р2,RU000A101P92,51.0,772656.2,100.36,100.6,100.49,100.49,11.75,100.48,13.48,100.6,769.0,100.48,100.48,100.49,772656.2,772656.2,772656.2,2025-05-15,1207.0,13.48,,,13.0,32.41,,2020-09-22,1000.0,SUR,,,,,RUB,3
TQCB,2020-09-22,БелОб34014,RU000A101PA0,9.0,26024.3,100.01,100.2,100.1,100.1,5.17,100.09,6.0,100.2,26.0,,100.26,100.1,0.0,520341.7,0.0,2025-05-16,1276.0,6.0,,,5.9,14.71,,2020-09-22,1000.0,SUR,,,,,RUB,3
TQCB,2020-09-22,АЛРОСА Б07,RU000A101PC6,1.0,999.0,99.9,99.9,99.9,99.9,5.04,99.9,5.9,99.9,1.0,,99.76,99.9,0.0,1766831.8,0.0,2030-05-10,1494.0,5.9,,,5.75,14.34,2025-05-16,2020-09-22,1000.0,SUR,,5.8859,,2025-05-20,RUB,3
TQCB,2020-09-22,АЛРОСА Б03,RU000A101PG7,5.0,9995.0,99.75,100.15,100.15,100.15,5.04,99.95,5.84,100.15,10.0,,100.14,100.15,0.0,557790.0,0.0,2030-05-10,1494.0,5.89,,,5.75,14.34,2025-05-16,2020-09-22,1000.0,SUR,,5.8217,,2025-05-20,RUB,3
TQCB,2020-09-22,Магнит2Р03,RU000A101PJ1,4.0,82492.0,100.6,100.6,100.6,100.6,19.88,100.6,5.73,100.6,82.0,100.49,100.49,100.6,1153592.8,1126460.5,1153592.8,2023-05-19,894.0,5.73,,,5.9,29.42,,2020-09-22,1000.0,SUR,,,,,RUB,3
TQCB,2020-09-22,СовкмFIZL2,RU000A101PP8,2.0,23227.7,100.99,100.99,100.99,100.99,5.16,100.99,6.24,100.99,23.0,,100.98,100.99,0.0,537237.3,0.0,2023-05-22,896.0,6.24,,,6.5,16.21,,2020-09-22,1000.0,SUR,,,,,RUB,3
TQCB,2020-09-22,ВТБ Б-1-70,RU000A101PR4,2.0,2058621.2,101.56,101.56,101.56,101.56,,101.56,,101.56,2027.0,101.33,101.56,101.56,3145145.5,2172467.9,3145145.5,2022-05-24,,,,,0.01,0.05,,2020-09-22,1000.0,SUR,,,,2022-05-24,RUB,3
TQCB,2020-09-22,ВТБ Б-1-71,RU000A101PS2,1.0,2999.7,99.99,99.99,99.99,99.99,,99.99,,99.99,3.0,,99.03,99.99,0.0,521913.4,0.0,2025-05-20,,,,,0.01,0.05,,2020-09-22,1000.0,SUR,,,,,RUB,3
TQCB,2020-09-22,ТрансмхПБ5,RU000A101PU8,6.0,30108565.0,99.5,100.7,100.7,100.7,19.72,100.33,5.89,99.5,30011.0,100.32,100.32,100.7,30594542.7,30359173.9,30594542.7,2025-05-21,897.0,6.05,,,6.1,30.42,2023-05-24,2020-09-22,1000.0,SUR,,5.8592,,2023-05-29,RUB,3
TQCB,2020-09-22,РКССочиБ01,RU000A101PV6,74.0,1149643.9,100.72,101.2,101.2,101.2,10.74,101.11,14.14,101.17,1137.0,101.11,101.11,101.2,1149643.9,1149643.9,1149643.9,2023-05-23,821.0,14.19,,,14.0,34.9,,2020-09-22,1000.0,SUR,,,,,RUB,3
TQCB,2020-09-22,ВТБ Б-1-72,RU000A101PW4,2.0,3258.9,98.72,128.45,128.45,128.45,,108.63,,98.72,3.0,100.14,100.14,128.45,593811.2,593811.2,593811.2,2022-05-31,,,,,0.01,0.05,,2020-09-22,1000.0,SUR,,,,2022-05-31,RUB,3
TQCB,2020-09-22,Систем1P13,RU000A101Q26,12.0,1670801.3,99.65,99.75,99.74,99.74,21.34,99.75,6.79,99.65,1675.0,99.75,99.75,99.74,1670801.3,1670801.3,1670801.3,2030-05-15,1185.0,6.79,,,6.6,32.91,2024-05-22,2020-09-22,1000.0,SUR,,6.7605,,2024-05-27,RUB,3
TQCB,2020-09-22,ВТБ Б-1-64,RU000A101Q67,19.0,725020.8,99.99,100.1,99.99,99.99,16.51,100.0,5.22,100.02,725.0,100.0,100.0,99.99,725020.8,725020.8,725020.8,2021-05-27,242.0,5.2,,,5.15,25.68,,2020-09-22,1000.0,SUR,,,,,RUB,3
TQIR,2020-09-22,ЭконЛиз1P2,RU000A101QC4,11.0,107069.2,99.02,99.15,99.15,99.13,8.22,99.14,12.96,99.15,108.0,,99.04,99.13,0.0,501167.6,0.0,2023-05-26,842.0,12.97,,,12.0,29.92,,2020-09-22,1000.0,SUR,,,,,RUB,3
TQCB,2020-09-22,РитйлБФ1P1,RU000A101QF7,298.0,11384204.0,99.43,99.9,99.85,99.85,5.18,99.68,9.84,99.44,11421.0,99.68,99.68,99.85,11384204.0,11384204.0,11384204.0,2025-05-28,1206.0,9.89,,,9.45,23.56,,2020-09-22,1000.0,SUR,,,,,RUB,3
TQCB,2020-09-22,ГТЛК 1P-17,RU000A101QL5,104.0,13611205.6,100.47,100.75,100.62,100.74,4.48,100.71,7.51,100.47,13515.0,100.71,100.71,100.74,13611205.6,13611205.6,13611205.6,2035-05-14,1702.0,7.49,,,7.44,18.55,2026-05-25,2020-09-22,1000.0,SUR,,7.4944,,2026-05-28,RUB,3
TQCB,2020-09-22,ГазпромКP3,RU000A101QM3,5.0,290647.0,98.85,99.74,99.72,99.72,17.49,98.86,5.85,99.0,294.0,98.9,98.9,99.72,2591204.5,2583228.5,2591204.5,2025-05-27,1496.0,6.07,,,5.7,28.42,,2020-09-22,1000.0,SUR,,,,,RUB,3
TQCB,2020-09-22,ГазпромКP4,RU000A101QN1,39.0,2574395.7,97.67,98.13,97.77,97.77,18.1,98.07,6.41,98.13,2625.0,98.07,98.07,97.77,2574395.7,2574395.7,2574395.7,2027-05-25,2008.0,6.35,,,5.9,29.42,,2020-09-22,1000.0,SUR,,,,,RUB,3
TQCB,2020-09-22,АЛЬФА-Б2Р6,RU000A101QP6,4.0,962598.4,100.48,100.48,100.48,100.48,17.49,100.48,5.09,100.48,958.0,100.26,100.45,100.48,8004471.6,1107916.8,8004471.6,2021-06-04,250.0,5.09,,,5.75,28.83,,2020-09-22,1000.0,SUR,,,,,RUB,3
TQCB,2020-09-22,СберИОС267,RU000A101QR2,2.0,4737.0,94.7,94.9,94.7,94.74,,94.74,,94.9,5.0,94.75,94.71,94.74,1002405.5,898798.0,1002405.5,2023-06-29,,,,,0.01,0.3,,2020-09-22,1000.0,SUR,,,,,RUB,3
TQCB,2020-09-22,СберИОС268,RU000A101QS0,1.0,19700.0,98.5,98.5,98.5,98.5,,98.5,,98.5,20.0,,99.71,98.5,0.0,539433.9,0.0,2020-12-28,,,,,1.0,4.99,,2020-09-22,1000.0,SUR,,,,,RUB,3
TQCB,2020-09-22,Сбер Sb16R,RU000A101QW2,38.0,40967668.7,100.2,100.88,100.22,100.22,16.87,100.39,5.66,100.2,40771.0,100.48,100.48,100.22,40967668.7,40967668.7,40967668.7,2024-05-31,1215.0,5.6,,,5.65,28.17,,2020-09-22,1000.0,SUR,,,,,RUB,3
TQCB,2020-09-22,СберИОС270,RU000A101QX0,1.0,952000.0,95.2,95.2,95.2,95.2,,95.2,,95.2,1000.0,96.57,97.26,95.2,5229133.0,3127770.0,5229133.0,2025-06-25,,,,,0.01,0.5,,2020-09-22,1000.0,SUR,,,,,RUB,3
TQCB,2020-09-22,СберИОС273,RU000A101QY8,2.0,591227.0,94.9,94.9,94.9,94.9,,94.9,,94.9,623.0,,95.31,94.9,0.0,1322972.0,0.0,2025-06-23,,,,,0.01,0.5,,2020-09-22,1000.0,SUR,,,,,RUB,3
TQCB,2020-09-22,Росагрл1Р1,RU000A101R09,4.0,1833875.5,101.15,101.6,101.6,101.6,22.35,101.6,7.06,101.6,1805.0,101.75,101.82,101.6,62225955.2,28463655.2,62225955.2,2025-05-28,1448.0,7.06,,,7.35,36.65,,2020-09-22,1000.0,SUR,,,,,RUB,3
TQCB,2020-09-22,Лента Б1P4,RU000A101R33,8.0,33398.0,100.96,101.25,101.25,101.25,19.16,101.21,5.87,100.96,33.0,101.18,101.2,101.25,51102047.5,25677497.0,51102047.5,2023-05-31,902.0,5.89,,,6.3,31.41,,2020-09-22,1000.0,SUR,,,,,RUB,3
TQCB,2020-09-22,МЕТАЛИНБ10,RU000A101R90,1.0,970.1,97.01,97.01,97.01,97.01,17.18,97.01,6.55,97.01,1.0,,97.74,97.01,0.0,171713311.7,0.0,2030-05-23,1495.0,6.55,,,5.7,28.42,2025-05-29,2020-09-22,1000.0,SUR,,6.5297,,2025-06-03,RUB,3
TQCB,2020-09-22,БелОб34015,RU000A101RB4,1.0,992.2,99.22,99.22,99.22,99.22,3.02,99.22,6.16,99.22,1.0,,100.08,99.22,0.0,508418.2,0.0,2025-05-29,1281.0,6.16,,,5.8,14.46,,2020-09-22,1000.0,SUR,,,,,RUB,3
TQCB,2020-09-22,МРСКЦП 1P1,RU000A101RF5,2.0,11001.0,100.0,100.1,100.0,100.0,16.87,100.01,5.73,100.1,11.0,,100.1,100.0,0.0,9052824.2,0.0,2023-06-02,911.0,5.72,,,5.65,28.17,,2020-09-22,1000.0,SUR,,,,,RUB,3
TQCB,2020-09-22,МРСКЦе1P02,RU000A101RH1,1.0,10005.0,100.05,100.05,100.05,100.05,16.72,100.05,5.65,100.05,10.0,,100.0,100.05,0.0,50167033.2,0.0,2023-06-02,912.0,5.65,,,5.6,27.92,,2020-09-22,1000.0,SUR,,,,,RUB,3
TQCB,2020-09-22,СберИОС274,RU000A101S32,1.0,959.1,95.91,95.91,95.91,95.91,,102.0,,95.91,1.0,96.58,96.57,95.91,7474142.1,4011342.1,7474142.1,2025-07-02,,,,,0.01,0.5,,2020-09-22,1000.0,SUR,,,,,RUB,3
TQCB,2020-09-22,СберИОС275,RU000A101S40,1.0,532950.0,96.9,96.9,96.9,96.9,,96.9,,96.9,550.0,,96.99,96.9,0.0,834134.7,0.0,2021-06-29,,,,,0.01,0.1,,2020-09-22,1000.0,SUR,,,,,RUB,3
TQCB,2020-09-22,РУСАБрБ2P1,RU000A101S81,99.0,11241410.1,99.2,99.44,99.2,99.25,2.49,99.32,7.0,99.44,11318.0,99.32,99.32,99.25,11241410.1,11241410.1,11241410.1,2030-05-28,911.0,6.95,,,6.5,16.21,2023-06-06,2020-09-22,1000.0,SUR,,6.9771,,2023-06-09,RUB,3
TQCB,2020-09-22,КировЗд1Р1,RU000A101S99,26.0,1239268.3,101.52,102.22,101.85,101.85,3.91,102.0,7.7,102.2,1215.0,102.0,102.0,101.85,1239268.3,1239268.3,1239268.3,2025-06-03,252.0,7.47,,,10.2,25.43,2021-06-08,2020-09-22,1000.0,SUR,,7.5786,,2021-06-11,RUB,3
TQCB,2020-09-22,ГТЛК 1P-18,RU000A101SC0,9.0,27688.5,106.49,106.5,106.49,106.49,2.79,106.49,6.8,106.5,26.0,,106.49,106.49,0.0,530338.5,0.0,2035-05-23,1938.0,6.8,,,7.84,19.55,2027-06-02,2020-09-22,1000.0,SUR,,6.7849,,2027-06-07,RUB,3
TQCB,2020-09-22,ГТЛК 1P-19,RU000A101SD8,11.0,117686.2,105.61,106.4,105.61,105.61,2.84,106.02,7.21,105.67,111.0,,105.71,105.61,0.0,597284.2,0.0,2035-05-23,2143.0,7.14,,,7.97,19.87,2028-05-31,2020-09-22,1000.0,SUR,,7.1932,,2028-06-05,RUB,3
TQCB,2020-09-22,Роснфт2P10,RU000A101SF3,2.0,8960.0,99.0,100.0,100.0,100.0,2.07,99.56,5.93,99.0,9.0,100.0,100.0,100.0,1573930.1,1520945.2,1573930.1,2030-05-29,1511.0,6.04,,,5.8,14.46,2025-06-04,2020-09-22,1000.0,SUR,,5.9078,,2025-06-09,RUB,3
TQCB,2020-09-22,ВТБ Б-1-78,RU000A101SJ5,6.0,177308.8,95.34,99.0,96.5,96.5,,95.84,,99.0,185.0,,96.01,96.5,0.0,1227004.3,0.0,2023-07-07,,,,,0.01,0.05,,2020-09-22,1000.0,SUR,,,,2023-07-07,RUB,3
TQCB,2020-09-22,ВТБ Б-1-76,RU000A101SK3,4.0,119400.0,99.5,99.5,99.5,99.5,,99.5,,99.5,120.0,,100.29,99.5,0.0,808354.4,0.0,2022-06-14,,,,,0.01,0.05,,2020-09-22,1000.0,SUR,,,,2022-06-14,RUB,3
TQCB,2020-09-22,КАМАЗ БОП7,RU000A101SM9,11.0,194937.7,101.41,101.57,101.41,101.41,2.39,101.53,6.27,101.51,192.0,,101.34,101.41,0.0,628301.8,0.0,2023-06-07,910.0,6.22,,,6.7,16.7,,2020-09-22,1000.0,SUR,,,,,RUB,3
TQCB,2020-09-22,ВТБ Б-1-80,RU000A101SP2,6.0,540045.0,100.75,101.0,100.75,100.75,,100.75,,101.0,536.0,100.87,100.87,100.75,1663384.7,1618969.1,1663384.7,2022-06-21,,,,,0.01,0.05,,2020-09-22,1000.0,SUR,,,,2022-06-21,RUB,3
TQCB,2020-09-22,РЕСОЛизБП3,RU000A101ST4,11.0,91620.4,100.23,101.96,101.27,101.27,21.16,100.68,6.8,100.24,91.0,,100.86,101.27,0.0,502272.6,0.0,2023-06-08,587.0,7.19,,,7.5,37.4,2022-06-09,2020-09-22,1000.0,SUR,,6.7316,,2022-06-15,RUB,3
TQCB,2020-09-22,СберИОС279,RU000A101T23,2.0,522500.0,95.0,95.0,95.0,95.0,,95.0,,95.0,550.0,95.54,95.58,95.0,2914060.6,2426758.0,2914060.6,2025-07-02,,,,,0.01,0.5,,2020-09-22,1000.0,SUR,,,,,RUB,3
TQCB,2020-09-22,СберИОС264,RU000A101T31,3.0,531161.1,97.1,98.31,97.1,97.1,,97.1,,98.31,547.0,97.83,97.81,97.1,12967168.1,4148986.1,12967168.1,2025-07-02,,,,,0.01,0.5,,2020-09-22,1000.0,SUR,,,,,RUB,3
TQCB,2020-09-22,Славнеф1Р1,RU000A101T64,2.0,198680.0,99.34,99.34,99.34,99.34,1.17,99.34,6.41,99.34,200.0,99.1,99.03,99.34,105755870.6,31469310.7,105755870.6,2030-06-04,1507.0,6.41,,,6.1,15.21,2025-06-10,2020-09-22,1000.0,SUR,,6.3879,,2025-06-16,RUB,3
TQIR,2020-09-22,УрожайБО01,RU000A101TA2,20.0,192387.0,101.03,101.38,101.33,101.33,34.19,101.26,12.77,101.37,190.0,,101.32,101.33,0.0,510642.5,0.0,2023-06-15,844.0,12.81,,,13.0,64.82,,2020-09-22,1000.0,SUR,,,,,RUB,3
TQCB,2020-09-22,ВЭБ 1P-19,RU000A101TB0,120.0,8861513.8,99.0,99.47,99.32,99.0,17.33,98.27,6.83,99.37,8933.0,99.2,99.2,99.0,8861513.8,8861513.8,8861513.8,2027-06-10,1982.0,7.03,,,6.59,32.86,,2020-09-22,1000.0,SUR,,,,,RUB,3
TQIR,2020-09-22,РедСофт2P1,RU000A101TE4,28.0,475231.4,103.51,104.86,104.1,104.1,1.71,103.99,11.18,104.86,457.0,,103.99,104.1,0.0,516831.4,0.0,2023-06-15,861.0,11.23,,,12.5,31.16,,2020-09-22,1000.0,SUR,,,,,RUB,3
TQCB,2020-09-22,ВТБ Б-1-81,RU000A101TF1,1.0,9825.0,98.25,98.25,98.25,98.25,,98.25,,98.25,10.0,,98.29,98.25,0.0,549462.9,0.0,2024-06-25,,,,,0.01,0.05,,2020-09-22,1000.0,SUR,,,,2024-06-25,RUB,3
TQCB,2020-09-22,ВТБ Б-1-87,RU000A101TM7,1.0,2913.0,97.1,97.1,97.1,97.1,,97.1,,97.1,3.0,,97.24,97.1,0.0,757474.0,0.0,2022-07-19,,,,,0.01,0.05,,2020-09-22,1000.0,SUR,,,,2022-07-19,RUB,3
TQCB,2020-09-22,ВТБ Б-1-86,RU000A101TN5,3.0,47972.3,97.88,98.99,97.88,97.88,,97.9,,98.99,49.0,,97.23,97.88,0.0,785627.8,0.0,2023-07-14,,,,,0.01,0.05,,2020-09-22,1000.0,SUR,,,,2023-07-14,RUB,3
TQCB,2020-09-22,ЭТС 1Р02,RU000A101TR6,11.0,102390.7,104.47,104.49,104.48,104.48,0.33,104.48,9.88,104.49,98.0,,104.14,104.48,0.0,539439.3,0.0,2023-06-19,670.0,9.88,,,12.0,29.92,,2020-09-22,1000.0,SUR,,,,,RUB,3
TQIR,2020-09-22,Джи-гр 1Р1,RU000A101TS4,128.0,4678417.3,100.48,100.88,100.48,100.49,0.34,100.52,12.8,100.55,4654.0,100.52,100.52,100.49,4678417.3,4678417.3,4678417.3,2023-06-19,662.0,12.77,,,12.5,31.16,,2020-09-22,1000.0,SUR,,,,,RUB,3
TQCB,2020-09-22,СберИОС280,RU000A101TZ9,8.0,6811973.1,97.3,97.31,97.3,97.3,,97.3,,97.31,7001.0,97.3,97.3,97.3,21406973.1,8757973.1,21406973.1,2025-07-07,,,,,0.01,0.5,,2020-09-22,1000.0,SUR,,,,,RUB,3
TQCB,2020-09-22,Промсвб3P1,RU000A101U38,12.0,3523382.4,100.2,100.67,100.53,100.5,14.26,100.47,5.6,100.67,3507.0,100.47,100.47,100.5,3523382.4,3523382.4,3523382.4,2022-06-23,609.0,5.64,,,5.85,29.17,,2020-09-22,1000.0,SUR,,,,,RUB,3
TQCB,2020-09-22,ВТБ Б-1-85,RU000A101U46,6.0,50889.5,99.6,99.85,99.79,99.83,11.46,99.78,5.04,99.6,51.0,,99.72,99.83,0.0,522558.1,0.0,2021-06-24,271.0,5.06,,,4.7,23.44,,2020-09-22,1000.0,SUR,,,,,RUB,3
TQCB,2020-09-22,Ульоб35002,RU000A101U61,30.0,365241.9,100.2,100.38,100.37,100.36,15.91,100.34,6.62,100.3,364.0,,100.29,100.36,0.0,616783.0,0.0,2027-06-25,1620.0,6.62,,,6.6,43.4,,2020-09-22,1000.0,SUR,,,,,RUB,3
TQCB,2020-09-22,ХКФинБ1P4,RU000A101U79,7.0,159370.4,101.4,101.65,101.65,101.51,18.08,101.51,7.01,101.4,157.0,,100.67,101.51,0.0,1223138.4,0.0,2023-06-23,901.0,7.07,,,7.5,18.7,,2020-09-22,1000.0,SUR,,,,,RUB,3
TQIR,2020-09-22,ЭлщитСтБП2,RU000A101UD4,105.0,1480443.0,100.0,100.48,100.38,100.38,30.27,100.23,13.53,100.2,1477.0,100.23,100.23,100.38,1480443.0,1480443.0,1480443.0,2025-06-23,1283.0,13.57,,,13.0,32.41,,2020-09-22,1000.0,SUR,,,,,RUB,3
TQCB,2020-09-22,РСЭКСМБ2Р3,RU000A101UE2,2.0,102000.0,102.0,102.0,102.0,102.0,15.46,102.0,6.37,102.0,100.0,,102.0,102.0,0.0,510000.0,0.0,2030-06-17,2000.0,6.37,,,6.64,33.11,2027-06-21,2020-09-22,1000.0,SUR,,6.3588,,2027-06-24,RUB,3
TQCB,2020-09-22,СвердлОбл7,RU000A101UG7,1.0,2007.4,100.37,100.37,100.37,100.37,13.51,100.37,5.82,100.37,2.0,100.07,100.07,100.37,1831290.2,1831290.2,1831290.2,2025-06-28,1296.0,5.82,,,5.8,14.46,,2020-09-22,1000.0,SUR,,,,,RUB,3
TQCB,2020-09-22,ГЕНЕТИКБ01,RU000A101UL7,25.0,75167.4,102.55,103.07,102.99,102.99,32.6,102.97,13.67,103.07,73.0,,103.0,102.99,0.0,537656.3,0.0,2025-06-23,1111.0,13.68,,,14.0,34.9,,2020-09-22,1000.0,SUR,,,,,RUB,3
TQCB,2020-09-22,ИКС5ФинP12,RU000A101UQ6,2.0,9972.5,99.7,99.75,99.7,99.73,13.0,99.73,5.85,99.75,10.0,99.7,99.7,99.73,2500448.0,2500448.0,2500448.0,2035-06-12,936.0,5.84,,,5.65,28.17,2023-06-27,2020-09-22,1000.0,SUR,,5.8252,,2023-06-30,RUB,3
TQCB,2020-09-22,БСК 1Р-02,RU000A101UR4,9.0,5010951.4,98.51,100.0,99.85,99.85,15.19,100.0,6.8,98.51,5011.0,100.0,100.0,99.85,5363765.4,5110951.4,5363765.4,2025-06-24,1380.0,6.76,,,6.6,16.45,,2020-09-22,1000.0,SUR,,,,,RUB,3
TQCB,2020-09-22,СберИОС282,RU000A101UZ7,2.0,579124.0,96.2,96.2,96.2,96.2,,96.2,,96.2,602.0,96.43,96.42,96.2,2084753.7,1891753.7,2084753.7,2025-07-23,,,,,0.01,0.5,,2020-09-22,1000.0,SUR,,,,,RUB,3
TQCB,2020-09-22,СберИОС284,RU000A101V03,1.0,954.0,95.4,95.4,95.4,95.4,,95.4,,95.4,1.0,,95.74,95.4,0.0,890341.4,0.0,2024-07-29,,,,,0.01,0.4,,2020-09-22,1000.0,SUR,,,,,RUB,3
TQCB,2020-09-22,ГарИнв1P07,RU000A101V37,17.0,227538.8,100.16,101.95,101.3,101.3,26.96,101.13,11.15,101.95,225.0,,101.59,101.3,0.0,1236374.5,0.0,2021-10-30,374.0,11.33,,,12.0,39.78,,2020-09-22,1000.0,SUR,,8.4045,,2021-10-27,RUB,3
TQCB,2020-09-22,ВТБ Б-1-88,RU000A101V78,1.0,9207.0,102.3,102.3,102.3,102.3,,102.3,,102.3,9.0,,103.71,102.3,0.0,1347237.0,0.0,2022-07-12,,,,,0.01,0.05,,2020-09-22,1000.0,SUR,,,,2022-07-12,RUB,3
TQCB,2020-09-22,ВТБ Б-1-91,RU000A101VA8,9.0,190969.6,95.18,97.99,95.18,95.2,,95.48,,97.0,200.0,,96.07,95.2,0.0,501471.8,0.0,2022-07-26,,,,,0.01,0.05,,2020-09-22,1000.0,SUR,,,,2022-07-26,RUB,3
TQCB,2020-09-22,ВТБ Б-1-95,RU000A101VE0,9.0,393757.9,94.18,95.49,94.18,94.18,,94.2,,94.18,418.0,94.09,94.14,94.18,861905.7,564865.7,861905.7,2022-08-09,,,,,0.01,0.05,,2020-09-22,1000.0,SUR,,,,2022-08-09,RUB,3
TQCB,2020-09-22,ЭТС 1Р03,RU000A101VR2,3.0,55385.0,104.5,104.5,104.5,104.5,25.32,104.5,9.92,104.5,53.0,104.27,104.32,104.5,654805.0,550805.0,654805.0,2023-07-04,666.0,9.92,,,12.0,29.92,,2020-09-22,1000.0,SUR,,,,,RUB,3
TQCB,2020-09-22,СберИОС288,RU000A101VS0,4.0,17590.0,80.1,95.8,95.8,95.8,,87.95,,80.1,20.0,95.2,95.2,95.8,5160982.2,3255982.2,5160982.2,2025-07-24,,,,,0.01,0.5,,2020-09-22,1000.0,SUR,,,,,RUB,3
TQCB,2020-09-22,ЧТПЗ 1P5,RU000A101WB4,39.0,16721589.0,99.4,99.8,99.45,99.45,13.38,99.47,6.91,99.72,16810.0,99.47,99.47,99.45,16721589.0,16721589.0,16721589.0,2025-07-04,1491.0,6.9,,,6.6,16.45,,2020-09-22,1000.0,SUR,,,,,RUB,3
TQCB,2020-09-22,ЯрОбл35018,RU000A101WD0,5.0,50995.0,99.99,100.0,100.0,100.0,11.34,99.99,6.12,99.99,51.0,,100.21,100.0,0.0,505054.4,0.0,2026-05-24,1197.0,6.12,,,6.0,37.48,,2020-09-22,1000.0,SUR,,,,,RUB,3
TQCB,2020-09-22,ВЭБ 1P-21,RU000A101WF5,12.0,1404997.3,99.76,100.0,99.95,99.95,9.44,99.93,5.84,100.0,1406.0,99.93,99.93,99.95,1404997.3,1404997.3,1404997.3,2023-07-21,959.0,5.85,,,5.74,28.62,,2020-09-22,1000.0,SUR,,,,,RUB,3
TQCB,2020-09-22,СберИОС292,RU000A101WG3,1.0,952.1,95.21,95.21,95.21,95.21,,95.21,,95.21,1.0,95.48,95.48,95.21,1926859.1,1926859.1,1926859.1,2025-08-04,,,,,0.01,0.5,,2020-09-22,1000.0,SUR,,,,,RUB,3
TQCB,2020-09-22,ГИДРОМАШБ2,RU000A101WH1,45.0,14025084.8,102.31,102.97,102.31,102.31,15.63,102.61,7.35,102.96,13668.0,102.61,102.61,102.31,14025084.8,14025084.8,14025084.8,2030-07-02,922.0,7.22,,,8.15,40.64,2023-07-11,2020-09-22,1000.0,SUR,,7.3198,,2023-07-14,RUB,3
TQCB,2020-09-22,Райфб БР01,RU000A101WJ7,1.0,3048475.0,99.95,99.95,99.95,99.95,,99.95,,99.95,3050.0,,99.98,99.95,0.0,21367515.5,0.0,2021-07-14,,,,,0.01,0.1,,2020-09-22,1000.0,SUR,,,,,RUB,3
TQCB,2020-09-22,МосОб34014,RU000A101WL3,2.0,204102.1,100.05,100.06,100.05,100.05,11.03,100.05,5.86,100.06,204.0,,100.52,100.05,0.0,4333457.1,0.0,2025-07-08,1265.0,5.86,,,5.75,14.34,,2020-09-22,1000.0,SUR,,,,,RUB,3
TQCB,2020-09-22,РСХБ Б03RP,RU000A101WQ2,12.0,255698.4,99.8,99.99,99.97,99.97,1.01,99.88,5.39,99.99,256.0,,99.99,99.97,0.0,534962.9,0.0,2023-07-05,946.0,5.43,,,5.25,4.46,,2020-09-22,1000.0,SUR,,,,,RUB,3
TQCB,2020-09-22,СберИОС295,RU000A101WV2,2.0,233368.0,94.1,94.1,94.1,94.1,,94.1,,94.1,248.0,,94.94,94.1,0.0,1433577.5,0.0,2025-08-07,,,,,0.01,0.5,,2020-09-22,1000.0,SUR,,,,,RUB,3
TQIR,2020-09-22,РоялКапБО4,RU000A101X27,20.0,235031.3,100.21,100.56,100.54,100.54,26.08,100.44,14.36,100.5,234.0,,100.5,100.54,0.0,507519.4,0.0,2022-07-14,580.0,14.43,,,14.0,34.9,,2020-09-22,1000.0,SUR,,,,,RUB,3
TQIR,2020-09-22,СИЛ 1P02,RU000A101XB2,4.0,8024.6,100.29,100.31,100.31,100.31,1.04,100.31,9.67,100.29,8.0,100.15,100.15,100.31,18837227.9,8721076.4,18837227.9,2023-07-05,479.0,9.67,,,9.5,7.81,,2020-09-22,1000.0,SUR,,,,,RUB,3
TQCB,2020-09-22,iMT_FREE01,RU000A101XD8,238.0,27476270.0,102.01,102.39,102.2,102.21,18.55,102.27,10.07,102.35,26866.0,102.27,102.27,102.21,27476270.0,27476270.0,27476270.0,2026-07-14,901.0,10.04,,,10.75,53.6,2023-07-18,2020-09-22,1000.0,SUR,,10.0288,,2023-07-21,RUB,3
TQCB,2020-09-22,СовкмЛ П02,RU000A101XE6,2.0,14070.0,100.5,100.5,100.5,100.5,11.39,100.5,6.51,100.5,14.0,100.5,100.5,100.5,3190770.5,3079259.5,3190770.5,2023-07-18,762.0,6.51,,,6.6,16.45,,2020-09-22,1000.0,SUR,,,,,RUB,3
TQCB,2020-09-22,РСетиМР1P3,RU000A101XH9,2.0,10000.0,100.0,100.0,100.0,100.0,9.43,100.0,5.67,100.0,10.0,,99.9,100.0,0.0,1228751.0,0.0,2025-07-16,952.0,5.67,,,5.55,13.84,2023-07-19,2020-09-22,1000.0,SUR,,5.6353,,2023-07-24,RUB,3
TQCB,2020-09-22,Систем1P14,RU000A101XN7,38.0,27920001.0,100.0,100.01,100.0,100.0,10.79,100.0,6.5,100.0,27920.0,100.0,100.0,100.0,27920001.0,27920001.0,27920001.0,2030-07-10,865.0,6.5,,,6.35,15.83,2023-04-19,2020-09-22,1000.0,SUR,,6.4609,,2023-04-24,RUB,3
TQCB,2020-09-22,МОЭК БО1P4,RU000A101XS6,5.0,500485.0,99.5,99.5,99.5,99.5,9.85,100.0,6.08,99.5,503.0,99.51,99.5,99.5,578180.2,558210.2,578180.2,2026-07-15,956.0,5.88,,,5.8,28.92,2023-07-19,2020-09-22,1000.0,SUR,,6.0476,,2023-07-24,RUB,3
TQCB,2020-09-22,ВТБ Б1-100,RU000A101XW8,20.0,341481.7,95.01,98.95,95.12,95.22,,97.57,,98.95,350.0,,98.08,95.22,0.0,504111.6,0.0,2022-08-02,,,,,0.01,0.05,,2020-09-22,1000.0,SUR,,,,2022-08-02,RUB,3
TQCB,2020-09-22,ВТБ Б1-103,RU000A101XZ1,4.0,93060.0,94.0,94.0,94.0,94.0,,94.0,,94.0,99.0,,96.45,94.0,0.0,610549.0,0.0,2022-08-16,,,,,0.01,0.05,,2020-09-22,1000.0,SUR,,,,2022-08-16,RUB,3
TQCB,2020-09-22,РЖД 1Б-02,RU000A101Y18,4.0,10351500.0,100.5,100.5,100.5,100.5,10.6,100.5,7.3,100.5,10300.0,100.51,100.51,100.5,17977338.6,15996483.6,17977338.6,,1506.0,7.3,,,7.3,36.4,2025-07-25,2020-09-22,1000.0,SUR,,,,,RUB,3
TQCB,2020-09-22,ВТБ Б1-108,RU000A101Y59,2.0,39560.0,98.9,98.9,98.9,98.9,,98.9,,98.9,40.0,,98.83,98.9,0.0,581135.5,0.0,2023-08-29,,,,,0.01,0.05,,2020-09-22,1000.0,SUR,,,,2023-08-29,RUB,3
TQCB,2020-09-22,ВТБ Б1-109,RU000A101Y67,7.0,330661.0,99.0,99.1,99.1,99.1,,99.0,,99.0,334.0,,99.0,99.1,0.0,508861.0,0.0,2022-08-30,,,,,0.01,0.05,,2020-09-22,1000.0,SUR,,,,2022-08-30,RUB,3
TQCB,2020-09-22,ЛЕГЕНДА1P3,RU000A101YD6,27.0,337744.8,102.52,102.95,102.75,102.75,20.3,102.66,11.25,102.95,329.0,,102.7,102.75,0.0,601803.7,0.0,2023-08-07,461.0,11.33,,,13.0,37.4,2022-02-07,2020-09-22,1000.0,SUR,,11.1438,,2022-02-11,RUB,3
TQCB,2020-09-22,ВТБ Б-1-98,RU000A101YR6,11.0,461828.2,99.71,99.98,99.93,99.93,3.18,99.75,4.84,99.71,463.0,,99.74,99.93,0.0,526647.1,0.0,2021-07-28,303.0,5.07,,,4.65,3.95,,2020-09-22,1000.0,SUR,,,,,RUB,3
TQCB,2020-09-22,ПозТех-1Р1,RU000A101YV8,66.0,1644072.3,102.12,102.42,102.35,102.34,17.33,102.31,10.81,102.3,1607.0,102.31,102.31,102.34,1644072.3,1644072.3,1644072.3,2023-07-26,784.0,10.83,,,11.5,28.67,,2020-09-22,1000.0,SUR,,,,,RUB,3
TQCB,2020-09-22,СвердлОбл8,RU000A101Z17,15.0,19902636.5,99.73,100.0,99.73,99.73,9.02,100.0,6.3,99.89,19903.0,100.0,100.0,99.73,19902636.5,19902636.5,19902636.5,2027-07-29,1762.0,6.24,,,6.1,15.21,,2020-09-22,1000.0,SUR,,,,,RUB,3
TQCB,2020-09-22,БалтЛизБП3,RU000A101Z66,4.0,81939.6,101.14,101.19,101.15,101.15,10.38,101.16,6.89,101.19,81.0,,101.16,101.15,0.0,940785.6,0.0,2024-07-26,974.0,6.89,,,7.15,17.83,,2020-09-22,1000.0,SUR,,,,,RUB,3
TQCB,2020-09-22,ГПБ001P17P,RU000A101Z74,86.0,43912748.0,99.9,100.0,100.0,100.0,8.49,100.0,5.93,100.0,43913.0,100.0,100.0,100.0,43912748.0,43912748.0,43912748.0,2030-07-31,1122.0,5.93,,,5.85,29.49,2024-01-31,2020-09-22,1000.0,SUR,,5.9183,,2024-02-02,RUB,3
TQIR,2020-09-22,ДрктЛиз1P5,RU000A101ZF8,15.0,2155143.4,101.55,102.5,102.5,102.5,16.11,101.75,11.42,101.65,2118.0,101.75,101.75,102.5,2155143.4,2155143.4,2155143.4,2023-08-01,886.0,11.76,,,12.0,29.92,,2020-09-22,1000.0,SUR,,,,,RUB,3
TQCB,2020-09-22,ПочтаР1P10,RU000A101ZH4,4.0,5150697.2,99.8,99.96,99.96,99.96,7.92,99.8,6.0,99.8,5161.0,99.87,99.87,99.96,6655183.1,6604132.1,6655183.1,2030-07-23,1269.0,6.05,,,5.9,29.42,2024-07-30,2020-09-22,1000.0,SUR,,5.9806,,2024-08-02,RUB,3
TQCB,2020-09-22,СберИОС300,RU000A101ZM4,1.0,1015.0,101.5,101.5,101.5,101.5,,101.5,,101.5,1.0,,,101.5,0.0,0.0,0.0,2021-08-31,,,,,0.01,0.1,,2020-09-22,1000.0,SUR,,,,,RUB,3
TQCB,2020-09-22,СберИОС301,RU000A101ZR3,1.0,380835.0,94.5,94.5,94.5,94.5,,94.5,,94.5,403.0,,95.04,94.5,0.0,4314866.5,0.0,2025-08-25,,,,,0.01,0.5,,2020-09-22,1000.0,SUR,,,,,RUB,3
TQCB,2020-09-22,СберИОС303,RU000A101ZT9,1.0,973.1,97.31,97.31,97.31,97.31,,97.31,,97.31,1.0,97.26,97.95,97.31,646750.3,622969.1,646750.3,2023-09-06,,,,,0.01,0.3,,2020-09-22,1000.0,SUR,,,,,RUB,3
TQIR,2020-09-22,ЭНИКА 1Р01,RU000A102028,21.0,256660.3,101.0,101.49,101.48,101.48,19.32,101.05,13.81,101.48,254.0,,101.5,101.48,0.0,817084.3,0.0,2025-07-31,298.0,14.39,,,15.0,37.4,2021-08-05,2020-09-22,1000.0,SUR,,,,,RUB,3
TQCB,2020-09-22,НХП БО-П01,RU000A102036,1.0,10452.0,104.52,104.52,104.52,104.52,58.22,104.52,7.27,104.52,1.0,,105.78,104.52,0.0,507751.0,0.0,2024-07-16,297.0,7.27,,,12.5,102.74,2021-08-01,2020-09-22,10000.0,SUR,,,,,RUB,3
TQCB,2020-09-22,СберИОС313,RU000A1020C4,1.0,1250.0,125.0,125.0,125.0,125.0,,125.0,,125.0,1.0,,,125.0,0.0,0.0,0.0,2021-02-25,,,,,1.0,4.99,,2020-09-22,1000.0,SUR,,,,,RUB,3
TQCB,2020-09-22,СберИОС304,RU000A1020F7,1.0,576000.0,96.0,96.0,96.0,96.0,,96.0,,96.0,600.0,93.3,93.3,96.0,1537618.0,1537618.0,1537618.0,2025-09-01,,,,,0.01,0.5,,2020-09-22,1000.0,SUR,,,,,RUB,3
TQIR,2020-09-22,ПЮДМ БО-П2,RU000A1020K7,38.0,921625.0,101.01,101.75,101.75,101.75,46.03,101.28,13.73,101.69,91.0,101.28,101.28,101.75,921625.0,921625.0,921625.0,2025-07-16,599.0,14.05,,,14.0,115.07,2022-08-01,2020-09-22,10000.0,SUR,,,,,RUB,3
TQCB,2020-09-22,СамарОбл15,RU000A1020L5,8.0,289999.9,99.95,100.04,99.95,99.95,6.67,100.0,5.94,100.03,290.0,,100.01,99.95,0.0,541045.4,0.0,2026-08-04,1309.0,5.93,,,5.8,14.46,,2020-09-22,1000.0,SUR,,,,,RUB,3
TQCB,2020-09-22,ПКБ 1Р-01,RU000A1020S0,41.0,2141621.4,100.37,100.42,100.39,100.39,14.25,100.4,13.42,100.41,2133.0,100.4,100.4,100.39,2141621.4,2141621.4,2141621.4,2023-08-10,715.0,13.41,,,13.0,32.41,,2020-09-22,1000.0,SUR,,,,,RUB,3
TQCB,2020-09-22,СветофорП2,RU000A1020W2,20.0,165345.0,100.1,100.25,100.18,100.18,13.15,100.21,12.48,100.25,165.0,,100.17,100.18,0.0,561974.3,0.0,2025-08-07,1125.0,12.47,,,12.0,29.92,,2020-09-22,1000.0,SUR,,,,,RUB,3
TQCB,2020-09-22,ЭБИС Б1P03,RU000A102101,27.0,218890.4,100.8,100.89,100.89,100.87,13.89,100.87,13.23,100.8,217.0,,100.84,100.87,0.0,517310.2,0.0,2023-08-11,884.0,13.24,,,13.0,32.41,,2020-09-22,1000.0,SUR,,,,,RUB,3
TQCB,2020-09-22,ОбувьРо1Р3,RU000A1021B4,75.0,797715.6,101.62,102.07,102.05,102.05,1.58,101.88,11.34,102.03,783.0,101.88,101.88,102.05,797715.6,797715.6,797715.6,2024-07-28,1053.0,11.4,,,11.5,9.45,,2020-09-22,1000.0,SUR,,,,,RUB,3
TQCB,2020-09-22,РВК-Ин1Р01,RU000A1021G3,10.0,1947953.3,100.0,101.9,101.9,101.9,6.86,101.88,6.69,100.0,1912.0,101.88,101.88,101.9,1947953.3,1947953.3,1947953.3,2030-08-06,1259.0,6.7,,,7.15,35.65,2024-08-13,2020-09-22,1000.0,SUR,,6.6762,,2024-08-16,RUB,3
TQCB,2020-09-22,СберИОС305,RU000A1021M1,2.0,117720.0,98.1,98.1,98.1,98.1,,98.1,,98.1,120.0,98.2,98.2,98.1,6915124.0,5933124.0,6915124.0,2025-09-05,,,,,0.01,0.5,,2020-09-22,1000.0,SUR,,,,,RUB,3
TQCB,2020-09-22,ВитаЛ 1Р01,RU000A102200,60.0,2734523.7,100.8,101.39,101.0,101.0,7.95,100.9,9.95,101.39,2710.0,100.9,100.9,101.0,2734523.7,2734523.7,2734523.7,2024-08-19,929.0,9.99,,,10.0,24.93,2023-08-21,2020-09-22,1000.0,SUR,,9.1539,,2023-08-18,RUB,3
TQIR,2020-09-22,ТЕХЛиз 1P3,RU000A102234,44.0,1071005.6,100.03,100.5,100.4,100.4,9.25,100.38,13.11,100.5,1067.0,100.38,100.38,100.4,1071005.6,1071005.6,1071005.6,2025-07-31,1291.0,13.12,,,12.5,10.27,,2020-09-22,1000.0,SUR,,,,,RUB,3
TQCB,2020-09-22,СберИОС315,RU000A102242,1.0,950.0,95.0,95.0,95.0,95.0,,95.0,,95.0,1.0,,,95.0,0.0,0.0,0.0,2025-09-22,,,,,0.01,0.5,,2020-09-22,1000.0,SUR,,,,,RUB,3
TQCB,2020-09-22,ПР-Лиз 2P1,RU000A1022E6,85.0,4527620.0,100.02,100.1,100.06,100.06,7.12,100.06,10.44,100.06,4525.0,100.06,100.06,100.06,4527620.0,4527620.0,4527620.0,2029-08-10,775.0,10.44,,,10.0,8.22,2023-02-13,2020-09-22,1000.0,SUR,,10.3508,,2023-02-20,RUB,3
TQCB,2020-09-22,БизНед 1Р1,RU000A1022G1,28.0,8938537.3,99.0,99.5,99.21,99.21,5.41,99.13,8.43,99.24,9017.0,99.13,99.13,99.21,8938537.3,8938537.3,8938537.3,2024-08-23,1068.0,8.46,,,7.9,19.7,,2020-09-22,1000.0,SUR,,,,,RUB,3
TQCB,2020-09-22,ВТБ Б-1-99,RU000A1022J5,19.0,83079.6,99.8,102.59,99.91,102.14,3.18,100.1,4.85,99.8,83.0,,99.92,102.14,0.0,552533.0,0.0,2021-08-28,332.0,4.64,,,4.65,3.95,,2020-09-22,1000.0,SUR,,,,,RUB,3
TQCB,2020-09-22,СберИОС318,RU000A1022N7,5.0,4755.0,95.0,95.5,95.0,95.13,,95.1,,95.0,5.0,,,95.13,0.0,0.0,0.0,2025-09-24,,,,,0.01,0.5,,2020-09-22,1000.0,SUR,,,,,RUB,3
AUCT,2020-09-22,КОБР-37,RU000A102374,8.0,5996515998.25,100.0,100.003,100.0,,1.63,,4.23,100.003,5996500.0,,,,0.0,0.0,0.0,2020-12-09,78.0,,,,4.25,10.68,2020-12-09,2020-09-22,1000.0,SUR,,,4.9977,,RUB,3
TQCB,2020-09-22,МежИнБ01P5,RU000A1023H7,1.0,10057.0,100.57,100.57,100.57,100.57,1.79,100.57,5.82,100.57,10.0,,,100.57,0.0,0.0,0.0,2023-03-10,842.0,5.82,,,5.95,14.83,,2020-09-22,1000.0,SUR,,,,,RUB,3
TQCB,2020-09-22,Систем1P15,RU000A1023K1,16.0,510489.4,99.8,99.95,99.94,99.94,2.75,99.9,6.83,99.95,511.0,99.9,99.9,99.94,510489.4,510489.4,510489.4,2030-08-26,1286.0,6.84,,,6.7,33.41,2024-09-02,2020-09-22,1000.0,SUR,,6.8115,,2024-09-05,RUB,3
TQIR,2020-09-22,Калита1P2,RU000A1023L9,114.0,1765205.0,100.27,100.5,100.37,100.37,4.99,100.35,13.65,100.38,1759.0,100.35,100.35,100.37,1765205.0,1765205.0,1765205.0,2024-08-18,1017.0,13.65,,,13.0,10.68,,2020-09-22,1000.0,SUR,,,,,RUB,3
TQCB,2020-09-22,Томскобл20,RU000A1024L7,49.0,3581728.5,100.3,101.0,100.5,100.5,0.92,100.38,6.74,101.0,3564.0,100.5,100.5,100.5,3581728.5,3581728.5,3581728.5,2027-07-23,1511.0,6.77,,,6.7,12.85,,2020-09-22,1000.0,SUR,,,,,RUB,3
TQIR,2020-09-22,ДонЛом001P,RU000A1024R4,103.0,1101094.8,100.3,100.64,100.32,100.32,1.78,100.37,13.63,100.64,1097.0,100.37,100.37,100.32,1101094.8,1101094.8,1101094.8,2023-09-02,780.0,13.6,,,13.0,10.68,,2020-09-22,1000.0,SUR,,,,,RUB,3
TQCB,2020-09-22,МКБ П19,RU000A1024V6,520.0,75658000.0,100.0,100.0,100.0,100.0,,100.0,,100.0,75658.0,100.0,100.0,100.0,75658000.0,75658000.0,75658000.0,2023-09-18,,,,,0.01,0.05,,2020-09-22,1000.0,SUR,,,,,RUB,3
TQCB,2020-09-22,ЧеркизБ1P3,RU000A1024W4,47.0,600961.7,100.01,101.9,100.29,100.29,0.68,100.16,6.25,101.9,600.0,100.16,100.16,100.29,600961.7,600961.7,600961.7,2024-03-15,1151.0,6.29,,,6.2,15.46,,2020-09-22,1000.0,SUR,,,,,RUB,3
TQCB,2020-09-22,СЭЗ 1P2,RU000A102556,293.0,16328710.2,100.1,101.01,100.2,100.2,0.0,100.29,11.15,101.01,16279.0,100.31,100.31,100.2,16328710.2,16328710.2,16328710.2,2027-09-14,1825.0,11.13,,,10.75,26.8,,2020-09-22,1000.0,SUR,,,,,RUB,3
TQIR,2020-09-22,ГрупПроБ01,RU000A102580,305.0,6129509.8,100.5,101.2,100.71,100.71,0.0,100.62,13.35,101.2,6092.0,100.62,100.62,100.71,6129509.8,6129509.8,6129509.8,2022-10-12,663.0,13.41,,,13.0,10.68,,2020-09-22,1000.0,SUR,,,,,RUB,3
TQCB,2020-09-22,ЛипецкОб12,RU000A102598,2.0,3024.0,100.75,100.9,100.75,100.75,0.0,100.8,5.59,100.9,3.0,,,100.75,0.0,0.0,0.0,2025-09-16,996.0,5.57,,,5.75,14.34,,2020-09-22,1000.0,SUR,,,,,RUB,3
TQOB,2020-09-22,ОФЗ 24020,SU24020RMFS8,134.0,4721836.82,99.802,99.899,99.896,99.896,6.19,99.891,,99.898,4727.0,99.891,99.891,99.896,4721836.82,4721836.82,4721836.82,2022-07-27,,,,,0.0,0.0,,2020-09-22,1000.0,SUR,,,,,RUB,3
TQOB,2020-09-22,ОФЗ 24021,SU24021RMFS6,115.0,505932076.06,98.644,98.89,98.8,98.8,6.19,98.8,,98.644,512076.0,98.8,98.8,98.8,505932076.06,505932076.06,505932076.06,2024-04-24,,,,,0.0,0.0,,2020-09-22,1000.0,SUR,,,,,RUB,3
TQOB,2020-09-22,ОФЗ 25083,SU25083RMFS5,394.0,60653074.26,103.1,103.27,103.15,103.15,18.6,103.136,4.38,103.27,58810.0,103.134,103.134,103.15,60653074.26,60653074.26,60653074.26,2021-12-15,431.0,4.39,,,7.0,34.9,,2020-09-22,1000.0,SUR,,,,,RUB,3
TQOB,2020-09-22,ОФЗ 25084,SU25084RMFS3,95.0,55032356.26,101.089,101.398,101.2,101.16,31.36,101.2,4.93,101.368,54380.0,101.2,101.2,101.16,55032356.26,55032356.26,55032356.26,2023-10-04,1007.0,4.93,,,5.3,33.54,,2020-09-22,1000.0,SUR,,,,,RUB,3
TQOB,2020-09-22,ОФЗ 26205,SU26205RMFS3,455.0,196385196.51,101.701,102.025,101.901,101.901,33.32,101.91,4.14,102.025,192756.0,101.883,101.883,101.901,196385196.51,196385196.51,196385196.51,2021-04-14,197.0,4.13,,,7.6,37.9,,2020-09-22,1000.0,SUR,,,,,RUB,3
TQOB,2020-09-22,ОФЗ 26207,SU26207RMFS9,201.0,116836960.81,112.81,113.473,113.041,112.975,9.16,113.01,5.76,113.1,103382.0,113.015,113.015,112.975,116836960.81,116836960.81,116836960.81,2027-02-03,1876.0,5.77,,,8.15,40.64,,2020-09-22,1000.0,SUR,,,,,RUB,3
TQOB,2020-09-22,ОФЗ 26209,SU26209RMFS5,830.0,251887392.71,105.207,105.798,105.378,105.376,12.91,105.323,4.54,105.798,239157.0,105.323,105.323,105.376,251887392.71,251887392.71,251887392.71,2022-07-20,628.0,4.57,,,7.6,37.9,,2020-09-22,1000.0,SUR,,,,,RUB,3
TQOB,2020-09-22,ОФЗ 26211,SU26211RMFS1,188.0,6761429.75,105.068,105.499,105.199,105.199,10.55,105.168,4.68,105.499,6430.0,105.154,105.154,105.199,6761429.75,6761429.75,6761429.75,2023-01-25,797.0,4.69,,,7.0,34.9,,2020-09-22,1000.0,SUR,,,,,RUB,3
TQOB,2020-09-22,ОФЗ 26212,SU26212RMFS9,124.0,222451440.51,106.451,106.91,106.73,106.73,10.62,106.748,5.99,106.451,208389.0,106.748,106.748,106.73,222451440.51,222451440.51,222451440.51,2028-01-19,2134.0,5.99,,,7.05,35.15,,2020-09-22,1000.0,SUR,,,,,RUB,3
TQOB,2020-09-22,ОФЗ 26215,SU26215RMFS2,283.0,54616648.68,105.682,106.099,105.833,105.963,6.52,106.079,4.87,106.099,51523.0,106.004,106.004,105.963,54616648.68,54616648.68,54616648.68,2023-08-16,973.0,4.78,,,7.0,34.9,,2020-09-22,1000.0,SUR,,,,,RUB,3
TQOB,2020-09-22,ОФЗ 26217,SU26217RMFS8,396.0,253400566.61,102.781,102.879,102.839,102.839,6.99,102.827,4.3,102.781,246433.0,102.827,102.827,102.839,253400566.61,253400566.61,253400566.61,2021-08-18,324.0,4.31,,,7.5,37.4,,2020-09-22,1000.0,SUR,,,,,RUB,3
TQOB,2020-09-22,ОФЗ 26218,SU26218RMFS6,314.0,41899276.87,117.47,117.98,117.829,117.826,40.52,117.517,6.33,117.98,35625.0,117.612,117.612,117.826,41899276.87,41899276.87,41899276.87,2031-09-17,2703.0,6.37,,,8.5,42.38,,2020-09-22,1000.0,SUR,,,,,RUB,3
TQOB,2020-09-22,ОФЗ 26219,SU26219RMFS4,350.0,479901694.94,110.34,111.264,110.992,110.992,38.43,111.133,5.64,111.1,432381.0,110.99,110.99,110.992,479901694.94,479901694.94,479901694.94,2026-09-16,1752.0,5.61,,,7.75,38.64,,2020-09-22,1000.0,SUR,,,,,RUB,3
TQOB,2020-09-22,ОФЗ 26220,SU26220RMFS2,139.0,160784282.95,105.771,105.962,105.839,105.839,21.09,105.86,4.63,105.884,151883.0,105.861,105.861,105.839,160784282.95,160784282.95,160784282.95,2022-12-07,746.0,4.62,,,7.4,36.9,,2020-09-22,1000.0,SUR,,,,,RUB,3
TQOB,2020-09-22,ОФЗ 26221,SU26221RMFS0,159.0,96275997.33,111.45,112.0,111.635,111.644,35.23,111.479,6.44,111.945,86341.0,111.507,111.507,111.644,96275997.33,96275997.33,96275997.33,2033-03-23,3004.0,6.46,,,7.7,38.39,,2020-09-22,1000.0,SUR,,,,,RUB,3
TQOB,2020-09-22,ОФЗ 26222,SU26222RMFS8,69.0,384105397.05,107.06,107.3,107.15,107.15,29.76,107.151,5.19,107.3,358473.0,107.15,107.15,107.15,384105397.05,384105397.05,384105397.05,2024-10-16,1287.0,5.19,,,7.1,35.4,,2020-09-22,1000.0,SUR,,,,,RUB,3
TQOB,2020-09-22,ОФЗ 26223,SU26223RMFS6,259.0,325376242.12,103.917,104.779,104.637,104.637,3.56,104.626,5.07,103.917,310993.0,104.625,104.625,104.637,325376242.12,325376242.12,325376242.12,2024-02-28,1143.0,5.08,,,6.5,32.41,,2020-09-22,1000.0,SUR,,,,,RUB,3
TQOB,2020-09-22,ОФЗ 26224,SU26224RMFS4,121.0,1232071085.16,105.471,106.098,105.549,105.549,20.99,105.516,6.16,106.098,1167548.0,105.526,105.526,105.549,1232071085.16,1232071085.16,1232071085.16,2029-05-23,2409.0,6.16,,,6.9,34.41,,2020-09-22,1000.0,SUR,,,,,RUB,3
TQOB,2020-09-22,ОФЗ 26225,SU26225RMFS1,352.0,299406493.59,107.051,113.0,107.645,107.531,23.44,107.735,6.5,108.495,278476.0,107.516,107.516,107.531,299406493.59,299406493.59,299406493.59,2034-05-10,3242.0,6.49,,,7.25,36.15,,2020-09-22,1000.0,SUR,,,,,RUB,3
TQOB,2020-09-22,ОФЗ 26226,SU26226RMFS9,64.0,340597858.7,111.8,112.22,112.0,112.0,34.85,112.036,5.66,112.22,303885.0,112.081,112.081,112.0,340597858.7,340597858.7,340597858.7,2026-10-07,1766.0,5.65,,,7.95,39.64,,2020-09-22,1000.0,SUR,,,,,RUB,3
TQOB,2020-09-22,ОФЗ 26227,SU26227RMFS7,35.0,19303547.34,107.851,108.1,107.92,107.92,12.57,107.999,5.15,108.097,17873.0,108.004,108.004,107.92,19303547.34,19303547.34,19303547.34,2024-07-17,1233.0,5.13,,,7.4,36.9,,2020-09-22,1000.0,SUR,,,,,RUB,3
TQOB,2020-09-22,ОФЗ 26228,SU26228RMFS5,126.0,2680783156.9,110.4,110.749,110.6,110.6,32.07,110.574,6.26,110.749,2424693.0,110.562,110.562,110.6,2680783156.9,2680783156.9,2680783156.9,2030-04-10,2516.0,6.26,,,7.65,38.15,,2020-09-22,1000.0,SUR,,,,,RUB,3
TQOB,2020-09-22,ОФЗ 26229,SU26229RMFS3,286.0,325366320.8,107.561,107.999,107.747,107.688,24.48,107.741,5.47,107.94,301889.0,107.777,107.777,107.688,325366320.8,325366320.8,325366320.8,2025-11-12,1580.0,5.48,,,7.15,35.65,,2020-09-22,1000.0,SUR,,,,,RUB,3
TQOB,2020-09-22,ОФЗ 26230,SU26230RMFS1,300.0,183088937.73,113.17,115.998,113.67,113.67,35.23,113.486,6.53,113.998,161147.0,113.616,113.616,113.67,183088937.73,183088937.73,183088937.73,2039-03-16,3777.0,6.54,,,7.7,38.39,,2020-09-22,1000.0,SUR,,,,,RUB,3
TQOB,2020-09-22,ОФЗ 26232,SU26232RMFS7,132.0,479741883.03,100.55,101.4,100.75,100.75,26.3,100.598,5.95,101.178,476951.0,100.585,100.585,100.75,479741883.03,479741883.03,479741883.03,2027-10-06,2081.0,5.98,,,6.0,29.92,,2020-09-22,1000.0,SUR,,,,,RUB,3
TQOB,2020-09-22,ОФЗ 26233,SU26233RMFS5,508.0,49678614.27,97.3,97.8,97.62,97.638,8.02,97.472,6.45,97.799,50967.0,97.472,97.472,97.638,49678614.27,49678614.27,49678614.27,2035-07-18,3582.0,6.47,,,6.1,30.42,,2020-09-22,1000.0,SUR,,,,,RUB,3
TQOB,2020-09-22,ОФЗ 26234,SU26234RMFS3,149.0,2562445264.25,96.34,97.003,96.649,96.649,13.69,96.661,5.36,97.003,2651109.0,96.656,96.656,96.649,2562445264.25,2562445264.25,2562445264.25,2025-07-16,1576.0,5.36,,,4.5,28.48,,2020-09-22,1000.0,SUR,,,,,RUB,3
TQOB,2020-09-22,ОФЗ 29006,SU29006RMFS2,276.0,31129578.69,103.15,103.331,103.211,103.211,8.61,103.201,5.79,103.15,30157.0,103.225,103.225,103.211,31129578.69,31129578.69,31129578.69,2025-01-29,1401.0,5.79,4.85,,6.55,32.66,,2020-09-22,1000.0,SUR,,,,,RUB,3
TQOB,2020-09-22,ОФЗ 29007,SU29007RMFS0,66.0,2299662.47,104.003,104.49,104.309,104.309,2.25,104.293,5.58,104.49,2205.0,104.293,104.293,104.309,2299662.47,2299662.47,2299662.47,2027-03-03,1975.0,5.58,5.24,,6.31,31.46,,2020-09-22,1000.0,SUR,,,,,RUB,3
TQOB,2020-09-22,ОФЗ 29008,SU29008RMFS8,66.0,3080981.78,107.494,108.0,107.899,107.931,33.1,107.727,6.49,107.896,2860.0,107.727,107.727,107.931,3080981.78,3080981.78,3080981.78,2029-10-03,2410.0,6.51,5.79,,7.55,37.65,,2020-09-22,1000.0,SUR,,,,,RUB,3
TQOB,2020-09-22,ОФЗ 29009,SU29009RMFS6,87.0,1417409.04,108.051,108.569,108.503,108.503,25.62,108.282,6.53,108.051,1309.0,108.282,108.282,108.503,1417409.04,1417409.04,1417409.04,2032-05-05,2896.0,6.56,5.78,,7.48,37.3,,2020-09-22,1000.0,SUR,,,,,RUB,3
TQOB,2020-09-22,ОФЗ 29010,SU29010RMFS4,171.0,7931901.64,108.175,108.5,108.398,108.398,18.2,108.389,6.57,108.498,7318.0,108.389,108.389,108.398,7931901.64,7931901.64,7931901.64,2034-12-06,3323.0,6.57,5.66,,7.38,36.8,,2020-09-22,1000.0,SUR,,,,,RUB,3
TQOB,2020-09-22,ОФЗ 29012,SU29012RMFS0,457.0,19775514.08,100.7,100.829,100.77,100.77,21.85,100.683,6.08,100.7,19624.0,100.772,100.772,100.77,19775514.08,19775514.08,19775514.08,2022-11-16,731.0,6.12,4.46,,6.38,31.81,,2020-09-22,1000.0,SUR,,,,,RUB,3
TQOB,2020-09-22,ОФЗ 29013,SU29013RMFS8,1.0,192762.0,96.381,96.381,96.381,96.381,9.46,96.381,,96.381,200.0,96.388,96.38,96.381,666038.9,628399.6,666038.9,2030-09-18,,,,,0.0,0.0,,2020-09-22,1000.0,SUR,,,,,RUB,3
TQOB,2020-09-22,ОФЗ 29014,SU29014RMFS6,36.0,51050894.11,97.551,97.68,97.598,97.582,9.46,97.602,,97.635,52305.0,97.602,97.602,97.582,51050894.11,51050894.11,51050894.11,2026-03-25,,,,,0.0,0.0,,2020-09-22,1000.0,SUR,,,,,RUB,3
TQOB,2020-09-22,ОФЗ 46018,SU46018RMFS6,22.0,40972427.16,101.401,101.698,101.499,101.499,3.36,101.5,4.49,101.401,57667.0,101.5,101.5,101.499,40972427.16,40972427.16,40972427.16,2021-11-24,266.0,4.49,,,6.5,11.34,,2020-09-22,700.0,SUR,,,,,RUB,3
TQOB,2020-09-22,ОФЗ 46020,SU46020RMFS2,64.0,7640590.92,103.01,103.8,103.68,103.674,7.75,103.728,6.61,103.01,7366.0,103.728,103.728,103.674,7640590.92,7640590.92,7640590.92,2036-02-06,3455.0,6.61,,,6.9,34.41,,2020-09-22,1000.0,SUR,,,,,RUB,3
TQOB,2020-09-22,ОФЗ 46022,SU46022RMFS8,9.0,24382.41,101.412,101.777,101.413,101.413,9.34,101.593,4.9,101.412,24.0,,101.681,101.413,0.0,501284.92,0.0,2023-07-19,800.0,4.82,,,5.5,27.42,,2020-09-22,1000.0,SUR,,,,,RUB,3
TQOB,2020-09-22,ОФЗ 52001,SU52001RMFS3,27.0,456494.89,100.912,101.099,101.048,101.048,2.91,101.031,2.14,101.099,362.0,,101.054,101.048,0.0,706324.75,0.0,2023-08-16,1025.0,2.14,2.71,2.67,2.5,15.57,,2020-09-22,1248.07,SUR,,,,,RUB,3
TQOB,2020-09-22,ОФЗ 52002,SU52002RMFS1,27.0,205856.4,99.65,99.898,99.898,99.898,3.1,99.748,2.53,99.776,187.0,,99.712,99.898,0.0,535890.55,0.0,2028-02-02,2465.0,2.55,3.42,3.53,2.5,13.77,,2020-09-22,1103.54,SUR,,,,,RUB,3
TQOB,2020-09-22,ОФЗ 52003,SU52003RMFS9,18.0,369355614.19,97.68,98.1,98.1,98.1,2.82,98.1,2.74,98.098,375234.0,98.1,98.1,98.1,369355614.19,369355614.19,369355614.19,2030-07-17,3187.0,2.74,3.5,,2.5,11.55,,2020-09-22,1003.32,SUR,,,,,RUB,3
TQCB,2020-09-22,RUS-28,XS0088543193,2.0,265956.94,174.8839,174.8839,174.8839,172.5,2369.8541,172.2131,2.17,174.8839,2.0,172.6189,172.6189,172.5,16013249.76,16013249.76,16013249.76,2028-06-24,,2.44,,,12.75,63.75,,2020-09-22,1000.0,SUR,,,,,USD,3
TQOD,2020-09-22,RUS-28,XS0088543193,42.0,207097.4,172.4,172.8,172.5,172.5,31.1667,172.2131,2.41,172.6001,120.0,172.6189,172.6189,172.5,16013249.76,16013249.76,16013249.76,2028-06-24,,2.44,,,12.75,63.75,,2020-09-22,1000.0,USD,,,,,USD,3
TQCB,2020-09-22,RUS-30,XS0114288789,2.0,134576.03,119.9895,119.9895,119.9895,119.9895,0.8038,115.1795,,119.9895,5000.0,115.1795,115.1795,119.9895,1136791.69,1136791.69,1136791.69,2030-03-31,,,,,7.5,0.01,,2020-09-22,0.295,SUR,,,,,USD,3
TQOD,2020-09-22,RUS-30,XS0114288789,21.0,13180.44,114.2985,114.9991,114.5762,119.9895,0.0106,115.1795,,114.9991,39000.0,115.1795,115.1795,119.9895,1136791.69,1136791.69,1136791.69,2030-03-31,,,,,7.5,0.01,,2020-09-22,0.295,USD,,,,,USD,3
TQOD,2020-09-22,GAZPR-34,XS0191754729,8.0,26055.0,152.5001,153.4997,153.3,153.3,34.5,153.2647,3.6,152.5001,17.0,153.7387,153.2965,153.3,6832047.33,2326642.07,6832047.33,2034-04-28,,3.61,,,8.63,43.13,,2020-09-22,1000.0,USD,,,,,USD,3
TQOD,2020-09-22,GAZPR-37,XS0316524130,9.0,44754.0,143.4001,144.9999,144.7996,144.7996,7.288,144.3677,3.68,144.9999,31.0,144.7352,144.3943,144.7996,9818810.56,5353778.5,9818810.56,2037-08-16,,3.71,,,7.29,36.44,,2020-09-22,1000.0,USD,,,,,USD,3
TQOD,2020-09-22,VEB FIN-25,XS0559915961,9.0,13206.5,119.6003,120.3989,120.13,120.13,22.6667,120.0591,,119.6003,11.0,120.174,120.095,120.13,1365820.92,1094603.11,1365820.92,2025-11-22,,,,,6.8,34.0,,2020-09-22,1000.0,USD,,,,,USD,3
TQCB,2020-09-22,RUS-22,XS0767472458,2.0,31936002.0,105.0,105.0,105.0,105.0,319360.02,105.0,1.18,105.0,2.0,,105.6478,105.0,0.0,271304214.72,0.0,2022-04-04,,1.18,,,4.5,4500.0,,2020-09-22,200000.0,SUR,,,,,USD,3
TQOD,2020-09-22,VEB-22,XS0800817073,2.0,3204.7,106.8101,106.85,106.8101,106.8234,12.8868,106.8234,2.09,106.85,3.0,107.1634,107.027,106.8234,4262958.39,1529306.0,4262958.39,2022-07-05,,2.08,,,6.03,30.13,,2020-09-22,1000.0,USD,,,,,USD,3
TQOD,2020-09-22,VTB Eur,XS0810596832,15.0,76921.89,109.2082,110.2999,109.7999,109.7999,27.9722,109.8884,,110.2999,70.0,109.8884,109.8884,109.7999,5848994.36,5848994.36,5848994.36,,,,,,9.5,47.5,,2020-09-22,1000.0,USD,,,,,USD,3
TQOD,2020-09-22,GPN-22,XS0830192711,1.0,1046.25,104.6251,104.6251,104.6251,104.6251,0.3646,104.6251,1.97,104.6251,1.0,104.8329,104.8322,104.6251,10069292.29,9990568.82,10069292.29,2022-09-19,,1.97,,,4.38,21.88,,2020-09-22,1000.0,USD,,,,,USD,3
TQOD,2020-09-22,RosNef-22,XS0861981180,8.0,12384.16,103.1559,103.25,103.18,103.18,1.8662,103.2013,1.95,103.25,12.0,103.275,103.2111,103.18,1949690.79,1174080.05,1949690.79,2022-03-06,,1.94,,,4.2,21.0,,2020-09-22,1000.0,USD,,,,,USD,3
TQOD,2020-09-22,Novatek-22,XS0864383723,1.0,3180.0,106.0,106.0,106.0,106.0,12.1605,106.0,1.64,106.0,3.0,,106.2,106.0,0.0,3278570.75,0.0,2022-12-13,,1.64,,,4.42,22.11,,2020-09-22,1000.0,USD,,,,,USD,3
TQOE,2020-09-22,VEB-23 EUR,XS0893212398,1.0,9571.5,106.35,106.35,106.35,106.35,23.5751,106.35,,106.35,9.0,106.6176,106.6114,106.35,7785678.53,6644645.82,7785678.53,2023-02-21,,,,,4.03,40.32,,2020-09-22,1000.0,EUR,,,,,EUR,3
TQOD,2020-09-22,Veb-23,XS0993162683,20.0,297210.01,111.25,111.4,111.3501,111.3501,19.9717,111.3146,2.18,111.25,267.0,111.3146,111.3146,111.3501,22599284.45,22599284.45,22599284.45,2023-11-21,,2.19,,,5.94,29.71,,2020-09-22,1000.0,USD,,,,,USD,3
TQOD,2020-09-22,GPN-23,XS0997544860,8.0,32540.0,111.96,112.2498,112.2498,112.2156,19.1667,112.2069,1.98,112.2497,29.0,112.1182,112.1875,112.2156,9529406.74,2726154.0,9529406.74,2023-11-27,,1.99,,,6.0,30.0,,2020-09-22,1000.0,USD,,,,,USD,3
TQOD,2020-09-22,MMC-22,XS1298447019,2.0,2186.5,109.25,109.4,109.4,109.4,29.0764,109.325,1.92,109.25,2.0,109.3583,109.3583,109.4,5910235.97,5910235.97,5910235.97,2022-10-14,,1.96,,,6.63,33.13,,2020-09-22,1000.0,USD,,,,,USD,3
TQOD,2020-09-22,SCF-23,XS1433454243,1.0,1084.5,108.45,108.45,108.45,108.45,14.3333,108.45,2.15,108.45,1.0,108.6193,108.6193,108.45,8225499.75,8225499.75,8225499.75,2023-06-16,931.0,2.15,,,5.38,26.88,,2020-09-22,1000.0,USD,,,,,USD,3
TQOD,2020-09-22,GTLK-21,XS1449458915,7.0,87958.1,102.21,102.35,102.21,102.21,10.4125,102.2769,3.18,102.3,86.0,102.3619,102.3619,102.21,10760279.63,10760279.63,10760279.63,2021-07-19,295.0,3.1,,,5.95,29.75,,2020-09-22,1000.0,USD,,,,,USD,3
TQOD,2020-09-22,GTLK-24,XS1577961516,2.0,2120.0,106.0,106.0,106.0,106.0,15.9444,106.0,3.36,106.0,2.0,,106.5563,106.0,0.0,1283039.96,0.0,2024-05-31,1230.0,3.36,,,5.13,25.63,,2020-09-22,1000.0,USD,,,,,USD,3
TQOD,2020-09-22,CBOM-27,XS1589106910,1.0,19700.0,98.5,98.5,98.5,98.5,34.7917,98.5,,98.5,20.0,98.0139,98.0027,98.5,11198162.4,5755417.4,11198162.4,2027-10-05,,,,,7.5,37.5,,2020-09-22,1000.0,USD,,,,,USD,3
TQOD,2020-09-22,GMKN-23,XS1589324075,3.0,3158.3,105.13,105.4999,105.4999,105.4999,18.3361,105.2766,1.86,105.13,3.0,105.0408,105.06,105.4999,8367863.43,3629459.84,8367863.43,2023-04-11,879.0,1.95,,,4.1,20.5,,2020-09-22,1000.0,USD,,,,,USD,3
TQOD,2020-09-22,GTLK-25,XS1713473608,3.0,132370.0,108.5,108.5,108.5,108.5,25.6181,108.5,3.88,108.5,122.0,,108.5768,108.5,0.0,20478456.32,0.0,2025-04-17,1459.0,3.88,,,5.95,29.75,,2020-09-22,1000.0,USD,,,,,USD,3
TQOD,2020-09-22,BCS 06/21,XS1819608172,1.0,5687.5,65.0,65.0,65.0,65.0,,65.0,,65.0,7.0,,68.2222,65.0,0.0,1148120.66,0.0,2021-06-05,,,,,0.0,0.0,,2020-09-22,1250.0,USD,,,,,USD,3
TQCB,2020-09-22,BCS 09/23,XS1822383094,5.0,471500.0,94.3,94.3,94.3,94.3,,94.3,,94.3,5.0,93.89,93.93,94.3,1032770.0,939270.0,1032770.0,2023-09-27,,,,,10.0,5027.32,,2020-09-22,100000.0,SUR,,,,,RUB,3
TQCB,2020-09-22,BCS 07/21,XS1833629253,1.0,88360.0,88.36,88.36,88.36,88.36,,88.36,,88.36,1.0,87.79,87.79,88.36,1053510.0,1053510.0,1053510.0,2021-07-01,,,,,17.0,8500.0,,2020-09-22,100000.0,SUR,,,,,RUB,3
TQOD,2020-09-22,BCS 7/21,XS1838071964,1.0,2125.0,85.0,85.0,85.0,85.0,,85.0,,85.0,2.0,80.5722,83.2691,85.0,3034259.51,1796650.91,3034259.51,2021-07-10,,,,,10.0,62.5,,2020-09-22,1250.0,USD,,,,,USD,3
TQOD,2020-09-22,BCS 09/21,XS1870376461,7.0,12406.17,55.0,59.0,59.0,58.9908,,58.3819,,56.0,17.0,58.5224,58.5747,58.9908,1220415.17,1111391.99,1220415.17,2021-09-30,,,,,16.0,100.0,,2020-09-22,1250.0,USD,,,,,USD,3
TQCB,2020-09-22,BCS 10/21,XS1873963794,4.0,242010.0,60.48,60.52,60.52,60.52,,60.5,,60.49,4.0,62.0,61.94,60.52,868040.0,619350.0,868040.0,2021-10-01,,,,,17.0,8500.0,,2020-09-22,100000.0,SUR,,,,,RUB,3
TQOD,2020-09-22,BCS 6/23,XS1878009866,1.0,1100.0,88.0,88.0,88.0,88.0,,88.0,,88.0,1.0,85.2974,87.2151,88.0,5675300.73,982491.36,5675300.73,2023-06-20,,,,,7.5,46.75,,2020-09-22,1250.0,USD,,,,,USD,3
TQOD,2020-09-22,BCS Iron2,XS1904686661,3.0,3437.5,91.0,92.0,92.0,92.0,,91.6667,,91.0,3.0,,92.4643,92.0,0.0,1221203.13,0.0,2023-12-28,,,,,7.7,48.13,,2020-09-22,1250.0,USD,,,,,USD,3
TQOD,2020-09-22,BCS FORSAJ,XS1917700723,1.0,3525.0,94.0,94.0,94.0,94.0,,94.0,,94.0,3.0,92.7768,92.8286,94.0,2186122.86,1836150.67,2186122.86,2023-11-19,,,,,8.5,53.13,,2020-09-22,1250.0,USD,,,,,USD,3
TQOD,2020-09-22,BCS12/23-2,XS1937694625,2.0,2190.0,87.2,88.0,88.0,88.0,,87.6,,87.2,2.0,84.831,87.87,88.0,3182584.6,827472.71,3182584.6,2023-12-20,,,,,7.25,45.44,,2020-09-22,1250.0,USD,,,,,USD,3
TQCB,2020-09-22,BCS12/23-3,XS1943597994,1.0,97200.0,97.2,97.2,97.2,97.2,,97.2,,97.2,1.0,,96.23,97.2,0.0,1347150.0,0.0,2023-12-20,,,,,11.0,5484.93,,2020-09-22,100000.0,SUR,,,,,RUB,3
TQOE,2020-09-22,BCS 02/22,XS1949598855,8.0,5875.0,64.0,67.0,65.5,65.5,,65.2778,,64.0,9.0,,68.0455,65.5,0.0,671523.16,0.0,2022-02-28,,,,,10.0,25.0,,2020-09-22,1000.0,EUR,,,,,EUR,3
TQOE,2020-09-22,CBOM-24 EU,XS1951067039,2.0,2140.0,107.0,107.0,107.0,107.0,30.2527,107.0,2.91,107.0,2.0,106.9969,106.9286,107.0,1522834.47,1330752.14,1522834.47,2024-02-20,1147.0,2.91,,,5.15,51.5,,2020-09-22,1000.0,EUR,,,,,EUR,3
TQOD,2020-09-22,BCS 04/22,XS1953826978,1.0,1200.0,96.0001,96.0001,96.0001,96.0001,,96.0001,,96.0001,1.0,98.4042,98.5004,96.0001,2408172.47,1942889.9,2408172.47,2022-04-02,,,,,15.0,93.75,,2020-09-22,1250.0,USD,,,,,USD,3
TQOD,2020-09-22,BCS 04/24,XS1963835902,2.0,1675.0,67.0,67.0,67.0,67.0,,67.0,,67.0,2.0,,71.95,67.0,0.0,675683.92,0.0,2024-04-26,,,,,16.0,50.0,,2020-09-22,1250.0,USD,,,,,USD,3
TQOD,2020-09-22,CBOM-24,XS1964558339,5.0,7770.51,110.6251,111.2,110.6256,110.6256,17.2091,111.0072,4.02,111.0,7.0,110.7998,110.8024,110.6256,2003782.47,1753878.64,2003782.47,2024-06-25,1218.0,3.92,,,7.12,35.61,,2020-09-22,1000.0,USD,,,,,USD,3
TQOD,2020-09-22,GTLK-26,XS2010044381,14.0,32071.1,103.45,103.55,103.45,103.45,4.6741,103.4552,4.21,103.55,31.0,103.4552,103.4552,103.45,2438625.48,2438625.48,2438625.48,2026-02-18,1754.0,4.21,,,4.95,24.75,,2020-09-22,1000.0,USD,,,,,USD,3
TQOD,2020-09-22,BCS GM3,XS2027360507,3.0,3256.25,84.0,92.5,84.0,84.0,,86.8333,,92.5,3.0,86.4586,86.4586,84.0,817210.98,817210.98,817210.98,2024-12-23,,,,,7.0,43.75,,2020-09-22,1250.0,USD,,,,,USD,3
TQOD,2020-09-22,BCS06/24-6,XS2028879026,2.0,2199.88,87.99,88.0,88.0,87.995,,87.995,,87.99,2.0,82.6846,85.649,87.995,2714617.4,806326.96,2714617.4,2024-06-30,,,,,6.5,40.74,,2020-09-22,1250.0,USD,,,,,USD,3
TQCB,2020-09-22,BCS06/24-7,XS2028880115,4.0,373660.0,93.01,94.54,93.01,93.06,,93.42,,93.01,4.0,94.23,93.96,93.06,2638460.0,1221450.0,2638460.0,2024-06-30,,,,,11.0,5515.07,,2020-09-22,100000.0,SUR,,,,,RUB,3
TQOE,2020-09-22,BCS06/24-8,XS2038610445,1.0,1900.0,95.0,95.0,95.0,95.0,,95.0,,95.0,2.0,,96.0073,95.0,0.0,1865903.25,0.0,2024-06-30,,,,,4.0,20.05,,2020-09-22,1000.0,EUR,,,,,EUR,3
TQOD,2020-09-22,BCS12/24,XS2057952439,1.0,1001.0,80.08,80.08,80.08,80.08,,80.08,,80.08,1.0,78.6991,79.4481,80.08,1109239.68,745639.89,1109239.68,2024-12-30,,,,,7.25,45.44,,2020-09-22,1250.0,USD,,,,,USD,3
TQCB,2020-09-22,BCS12/24-2,XS2058684619,2.0,197000.0,98.5,98.5,98.5,98.5,,98.5,,98.5,2.0,98.9,98.89,98.5,1186770.0,1087780.0,1186770.0,2024-12-30,,,,,11.0,5515.07,,2020-09-22,100000.0,SUR,,,,,RUB,3
TQCB,2020-09-22,BCS12/24-B,XS2091667043,3.0,265000.0,84.0,91.0,84.0,84.0,,88.33,,91.0,3.0,85.64,85.53,84.0,942050.0,855260.0,942050.0,2024-12-30,,,,,9.75,4888.36,,2020-09-22,100000.0,SUR,,,,,RUB,3
TQCB,2020-09-22,BCS12/24-D,XS2091672803,3.0,279310.0,93.1,93.11,93.1,93.1,,93.1,,93.11,3.0,,93.7,93.1,0.0,1405550.0,0.0,2024-12-30,,,,,11.0,5515.07,,2020-09-22,100000.0,SUR,,,,,RUB,3
TQOD,2020-09-22,CBOM-25,XS2099763075,22.0,59241.25,101.7,102.5,102.4999,102.4999,6.9194,102.1401,4.05,102.2498,58.0,102.1401,102.1401,102.4999,4504592.13,4504592.13,4504592.13,2025-01-29,1449.0,4.14,,,4.7,23.5,,2020-09-22,1000.0,USD,,,,,USD,3
TQOD,2020-09-22,SCB-perp,XS2113968148,1.0,33490.0,98.5,98.5,98.5,98.5,9.9028,98.5,,98.5,34.0,99.2479,98.5401,98.5,75903000.07,7955787.16,75903000.07,,,,,,7.75,19.38,,2020-09-22,1000.0,USD,,,,,USD,3
TQOD,2020-09-22,GAZ-30,XS2124187571,39.0,298943.5,100.82,101.0,101.0,101.0,2.4375,100.9944,3.1,101.0,296.0,100.9944,100.9944,101.0,22731095.74,22731095.74,22731095.74,2030-02-25,2989.0,3.11,,,3.25,16.25,,2020-09-22,1000.0,USD,,,,,USD,3
TQOD,2020-09-22,BCS07/25,XS2128490906,8.0,18766.27,99.5002,101.5,101.5,101.5,,100.0867,,99.5002,15.0,100.0089,100.0177,101.5,3208023.53,1613593.39,3208023.53,2025-07-09,,,,,0.0,0.0,,2020-09-22,1250.0,USD,,,,,USD,3
TQOD,2020-09-22,BCS06/25-3,XS2143253651,1.0,1224.88,97.99,97.99,97.99,97.99,,97.99,,97.99,1.0,,97.4636,97.99,0.0,1266819.47,0.0,2025-06-30,,,,,7.0,67.6,,2020-09-22,1250.0,USD,,,,,USD,3
TQOD,2020-09-22,BCS GMp6,XS2152970476,1.0,10150.0,101.5,101.5,101.5,101.5,,101.5,,101.5,8.0,,100.8704,101.5,0.0,4978381.2,0.0,2025-06-11,,,,,0.0,0.0,,2020-09-22,1250.0,USD,,,,,USD,3
TQOE,2020-09-22,GAZ-25 EU2,XS2157526315,1.0,1048.0,104.8,104.8,104.8,104.8,12.9315,104.8,1.81,104.8,1.0,104.6625,105.0154,104.8,11243638.46,1217152.66,11243638.46,2025-04-15,1567.0,1.81,,,2.95,29.5,,2020-09-22,1000.0,EUR,,,,,EUR,3
TQOD,2020-09-22,LUK-30,XS2159874002,8.0,10664.48,106.27,106.7499,106.7499,106.7,14.6389,106.6448,3.04,106.6,10.0,106.7508,106.649,106.7,4255878.67,970979.85,4255878.67,2030-05-06,,3.05,,,3.88,19.38,,2020-09-22,1000.0,USD,,,,,USD,3
TQOD,2020-09-22,BCS10/25-2,XS2184850811,2.0,5066.75,100.7799,102.9996,102.9996,101.3348,,101.3348,,100.7799,4.0,,98.8385,101.3348,0.0,1118959.44,0.0,2025-10-05,,,,,0.0,0.0,,2020-09-22,1250.0,USD,,,,,USD,3
TQCB,2020-09-22,BCS10/25,XS2185963803,1.0,100000.0,100.0,100.0,100.0,100.0,,100.0,,100.0,1.0,99.62,99.73,100.0,1992430.0,1695430.0,1992430.0,2025-10-15,,,,,0.0,0.0,,2020-09-22,100000.0,SUR,,,,,RUB,3
TQOD,2020-09-22,BCS06/25-6,XS2191043913,4.0,3375.39,60.01,89.9999,89.9999,89.9999,,67.5075,,60.01,4.0,,89.1441,89.9999,0.0,996570.66,0.0,2025-06-30,,,,,5.0,33.39,,2020-09-22,1250.0,USD,,,,,USD,3
TQOD,2020-09-22,BCS07/23,XS2191173538,1.0,1237.5,99.0,99.0,99.0,99.0,,99.0,,99.0,1.0,,98.9806,99.0,0.0,3308011.95,0.0,2023-07-20,,,,,0.0,0.0,,2020-09-22,1250.0,USD,,,,,USD,3
TQOE,2020-09-22,BCS07/23-2,XS2194477282,2.0,8000.0,100.0,100.0,100.0,100.0,,100.0,,100.0,8.0,99.99,99.99,100.0,5880895.43,2316680.81,5880895.43,2023-07-30,,,,,0.0,45.0,,2020-09-22,1000.0,EUR,,,,,EUR,3
TQOD,2020-09-22,BCS07/23-3,XS2198210424,3.0,4987.5,99.0,100.0,100.0,100.0,,99.75,,99.0,4.0,99.9697,99.9524,100.0,3104620.69,1976709.18,3104620.69,2023-07-30,,,,,0.0,0.0,,2020-09-22,1250.0,USD,,,,,USD,3
TQOE,2020-09-22,BCS GMf7,XS2205319705,1.0,1001.0,100.1,100.1,100.1,100.1,,100.1,,100.1,1.0,101.04,101.01,100.1,4669630.78,3499318.65,4669630.78,2025-09-25,,,,,6.0,11.8,,2020-09-22,1000.0,EUR,,,,,EUR,3
TQOD,2020-09-22,BCS GMf6,XS2205545119,10.0,105193.13,101.35,101.4,101.4,101.4,,101.391,,101.4,83.0,101.391,101.391,101.4,7998685.75,7998685.75,7998685.75,2025-09-25,,,,,7.0,17.21,,2020-09-22,1250.0,USD,,,,,USD,3
TQCB,2020-09-22,BCSALORLV3,XS2206912847,1.0,100000.0,100.0,100.0,100.0,100.0,,100.0,,100.0,1.0,100.0,100.0,100.0,1500000.0,1500000.0,1500000.0,2023-08-31,,,,,0.0,0.0,,2020-09-22,100000.0,SUR,,,,,RUB,3
TQCB,2020-09-22,BCS08/25,XS2210719485,1.0,101920.0,101.92,101.92,101.92,101.92,,101.92,,101.92,1.0,99.88,99.82,101.92,3495870.0,2295870.0,3495870.0,2025-08-28,,,,,0.0,0.0,,2020-09-22,100000.0,SUR,,,,,RUB,3
TQOD,2020-09-22,BCS06/25-8,XS2211859439,7.0,50225.0,98.0,98.0,98.0,98.0,,98.0,,98.0,41.0,98.1024,98.0,98.0,6859287.4,4462412.1,6859287.4,2025-06-30,,,,,5.0,25.51,,2020-09-22,1250.0,USD,,,,,USD,3
TQOD,2020-09-22,BCS08/23-2,XS2212032911,4.0,16479.25,100.94,105.0,100.94,100.94,,101.4108,,105.0,13.0,102.1329,102.2603,100.94,10370773.3,8444372.82,10370773.3,2023-08-12,,,,,0.0,37.5,,2020-09-22,1250.0,USD,,,,,USD,3
TQCB,2020-09-22,BCS06/25-9,XS2212035690,2.0,501390.0,100.27,100.28,100.27,100.27,,100.28,,100.28,5.0,101.22,101.22,100.27,5972270.0,5972270.0,5972270.0,2025-06-30,,,,,9.5,3852.05,,2020-09-22,100000.0,SUR,,,,,RUB,3
TQOD,2020-09-22,BCS12/25-2,XS2213663797,6.0,24314.5,102.36,102.68,102.36,102.36,,102.3768,,102.68,19.0,102.6548,102.5097,102.36,30256337.14,3774071.89,30256337.14,2025-12-08,,,,,0.0,31.25,,2020-09-22,1250.0,USD,,,,,USD,3
TQCB,2020-09-22,BCS12/25,XS2213664092,7.0,3763080.0,104.53,104.53,104.53,104.53,,104.53,,104.53,36.0,103.38,103.42,104.53,8167140.0,7859880.0,8167140.0,2025-12-08,,,,,0.0,0.0,,2020-09-22,100000.0,SUR,,,,,RUB,3
TQCB,2020-09-22,BCS GMf8,XS2215497830,3.0,2811200.0,100.4,100.4,100.4,100.4,,100.4,,100.4,28.0,100.82,100.8,100.4,4839200.0,4737800.0,4839200.0,2025-06-20,,,,,9.6,3436.07,,2020-09-22,100000.0,SUR,,,,,RUB,3
TQOD,2020-09-22,BCS12/23-4,XS2224524491,29.0,106250.0,100.0,100.0,100.0,100.0,,100.0,,100.0,85.0,100.0,100.0,100.0,8079048.2,8079048.2,8079048.2,2023-12-30,,,,,0.0,0.0,,2020-09-22,1250.0,USD,,,,,USD,3
TQOE,2020-09-22,BCS12/25-3,XS2225301725,15.0,47098.5,92.35,92.35,92.35,92.35,,92.35,,92.35,51.0,92.35,92.35,92.35,4239161.73,4239161.73,4239161.73,2025-12-30,,,,,4.0,13.15,,2020-09-22,1000.0,EUR,,,,,EUR,3
TQCB,2020-09-22,BCS12/25-4,XS2225424303,45.0,21466000.0,98.0,99.0,98.0,98.0,,98.02,,99.0,219.0,98.02,98.02,98.0,21466000.0,21466000.0,21466000.0,2025-12-30,,,,,9.5,3071.23,,2020-09-22,100000.0,SUR,,,,,RUB,3
TQOD,2020-09-22,BCS12/23-5,XS2227340028,7.0,17150.0,97.9999,98.0,98.0,98.0,,98.0,,98.0,14.0,98.0,98.0,98.0,2039366.04,1947451.96,2039366.04,2023-12-30,,,,,0.0,0.0,,2020-09-22,1250.0,USD,,,,,USD,3
TQOD,2020-09-22,BCS09/23,XS2230258035,1.0,1250.0,100.0,100.0,100.0,100.0,,100.0,,100.0,1.0,,,100.0,0.0,0.0,0.0,2023-09-30,,,,,0.0,0.0,,2020-09-22,1250.0,USD,,,,,USD,3
TQOD,2020-09-22,BCS01/24,XS2233228597,38.0,223750.0,100.0,100.0,100.0,100.0,,100.0,,100.0,179.0,100.0,100.0,100.0,17013524.95,17013524.95,17013524.95,2024-01-20,,,,,0.0,0.0,,2020-09-22,1250.0,USD,,,,,USD,3
