BOARDID,SECID,TRADEDATE,SHORTNAME,NAME,CLOSE,OPEN,HIGH,LOW,VALUE,DURATION,YIELD,DECIMALS,CAPITALIZATION,CURRENCYID,DIVISOR
RTSI,BPSI,2011-03-29,Субиндекс облигаций,Индексы активов пенсионных накоплений - Субиндекс облигаций,1367.1193,1367.1193,1367.1193,1367.1193,0.0,,,2,810016878127.37,RUB,0.001
RTSI,EPSI,2011-03-29,Субиндекс акций,Индексы активов пенсионных накоплений - Субиндекс акций,1123.3911,1123.3911,1123.3911,1123.3911,0.0,,,2,1046637262187.58,RUB,999999.999999
SNDX,IMOEX,2011-03-29,Индекс МосБиржи,Индекс МосБиржи,1788.14,1810.74,1813.82,1781.2,57116796431.0,,,2,,RUB,
RTSI,MCFTR,2011-03-29,MOEX Russia Total Return,Индекс МосБиржи полной доходности «брутто»,1977.58,1977.58,1977.58,1977.58,0.0,,,2,0.0,,
RTSI,MCFTRN,2011-03-29,MOEX Russia Net-TR-NR,Индекс МосБиржи полной доходности «нетто» (по налоговым ставкам иностранных организаций),1948.01,1948.01,1948.01,1948.01,0.0,,,2,0.0,,
RTSI,MCFTRR,2011-03-29,MOEX Russia Net-TR-Res,Индекс МосБиржи полной доходности «нетто» (по налоговым ставкам российских организаций),1959.79,1959.79,1959.79,1959.79,0.0,,,2,0.0,,
RTSI,MEBCTR,2011-03-29,MOEX Blue Chip Total Return,Индекс МосБиржи голубых фишек полной доходности «брутто»,12553.7,12553.7,12553.7,12553.7,0.0,,,2,0.0,RUB,
RTSI,MEBCTRN,2011-03-29,MOEX Blue Chip Net-TR-NR,Индекс МосБиржи голубых фишек полной доходности «нетто» (по налоговым ставкам иностр. орг.),12507.49,12507.49,12507.49,12507.49,0.0,,,2,0.0,RUB,
RTSI,MEBCTRR,2011-03-29,MOEX Blue Chip Net-TR-Res,Индекс МосБиржи голубых фишек полной доходности «нетто» (по налоговым ставкам росс. орг.),12525.96,12525.96,12525.96,12525.96,0.0,,,2,0.0,RUB,
SNDX,MICEX10INDEX,2011-03-29,Индекс МосБиржи 10,Индекс МосБиржи 10,4116.64,4173.73,4177.83,4095.7,52237383646.0,,,2,,RUB,
SNDX,MICEXBORR1W,2011-03-29,MCX BO 1W,ММВБ РЕПО обл 7 дней,3.78,,,,7474295882.86,,,2,,RUB,
SNDX,MICEXBORR2W,2011-03-29,MCX BO 2W,ММВБ РЕПО обл 14 дней,4.06,,,,498555900.26,,,2,,RUB,
SNDX,MICEXBORRON,2011-03-29,MCX BO ON,ММВБ РЕПО обл 1 день,3.51,,,,185026947447.18,,,2,,RUB,
SNDX,MICEXCBICP,2011-03-29,Индекс Мосбиржи корп обл CBICP,Индекс Мосбиржи корпоративных облигаций ценовой,95.27,95.24,95.27,95.23,7470140062.0,808,7.04,2,,RUB,
SNDX,MICEXCBICP3Y,2011-03-29,Индекс Мосбиржи корп обл CBICP 3-5,Индекс Мосбиржи корпоративных облигаций MOEX 1 - 3 ценовой,95.51,95.49,95.52,95.49,4585490542.0,553,6.59,2,,RUB,
SNDX,MICEXCBICP5Y,2011-03-29,Индекс Мосбиржи корп обл CBICP 1-3,Индекс Мосбиржи корпоративных облигаций ценовой 3-5,113.42,113.4,113.42,113.38,1563823031.0,1118,7.72,2,,RUB,
SNDX,MICEXCBIGP,2011-03-29,ММВБ корп обл (вал),ММВБ корп обл (вал),97.39,97.37,97.39,97.36,7470140062.0,808,7.04,2,,RUB,
SNDX,MICEXCBIGP3Y,2011-03-29,ММВБ корп обл (вал) 1-3,ММВБ корп обл (вал) 1-3,97.89,98.02,98.02,97.86,4585490542.0,553,6.59,2,,RUB,
SNDX,MICEXCBIGP5Y,2011-03-29,ММВБ корп обл (вал) 3-5,ММВБ корп обл (вал) 3-5,115.23,115.21,115.23,115.19,1563823031.0,1118,7.72,2,,RUB,
SNDX,MICEXCBITR,2011-03-29,Индекс Мосбиржи корп обл CBITR,Индекс Мосбиржи корпоративных облигаций,199.46,199.41,199.46,199.4,7470140062.0,808,7.04,2,,RUB,
SNDX,MICEXCBITR3Y,2011-03-29,Индекс Мосбиржи корп обл CBITR 3-5,Индекс Мосбиржи корпоративных облигаций MOEX 1-3,198.1,198.0,198.1,198.0,4585490542.0,553,6.59,2,,RUB,
SNDX,MICEXCBITR5Y,2011-03-29,Индекс Мосбиржи корп обл CBITR 1-3,Индекс Мосбиржи корпоративных облигаций 3-5,230.27,230.23,230.27,230.18,1563823031.0,1118,7.72,2,,RUB,
SNDX,MICEXCGS,2011-03-29,Индекс потребительского сектора / Индекс потребит сектора,Индекс МосБиржи потребительского сектора,5691.92,5772.25,5773.14,5680.24,180722121.0,,,2,,RUB,
SNDX,MICEXCHM,2011-03-29,Индекс химии и нефтехимии,Индекс МосБиржи химии и нефтехимии,6601.87,6683.42,6683.42,6545.13,759631724.0,,,2,,RUB,
SNDX,MICEXEQRR1W,2011-03-29,MCX EQ 1W,ММВБ РЕПО акц 7 дней,2.72,,,,727882975.03,,,2,,RUB,
SNDX,MICEXEQRR2W,2011-03-29,MCX EQ 2W,ММВБ РЕПО акц 14 дней,5.25,,,,302574381.0,,,2,,RUB,
SNDX,MICEXEQRRON,2011-03-29,MCX EQ ON,ММВБ РЕПО акц 1 день,3.27,,,,63329764474.37,,,2,,RUB,
SNDX,MICEXFNL,2011-03-29,Индекс финансов,Индекс МосБиржи финансов,6780.89,6862.48,6888.49,6773.91,23149947539.0,,,2,,RUB,
SNDX,MICEXINDEXCF,2011-03-29,Индекс МосБиржи (архив),Индекс МосБиржи (архив),1788.14,1810.74,1813.82,1781.2,57116796431.0,,,2,,RUB,
SNDX,MICEXINNOV,2011-03-29,Индекс МосБиржи инноваций,Индекс МосБиржи инноваций,1099.43,1103.71,1125.14,1080.21,21507154.3,,,2,,RUB,
SNDX,MICEXLC,2011-03-29,MICEX LC,ММВБ высокая кап,2889.38,2924.97,2932.11,2877.44,52355953810.0,,,2,,RUB,
SNDX,MICEXM&M,2011-03-29,Индекс металлов и добычи,Индекс МосБиржи металлов и добычи,5607.84,5697.6,5700.71,5588.23,6708454200.0,,,2,,RUB,
SNDX,MICEXMBICP,2011-03-29,Индекс Мосбиржи мун обл MOEX MBICP,Индекс Мосбиржи муниципальных облигаций ценовой,98.83,98.85,98.85,98.77,3447230629.0,787,7.5,2,,RUB,
SNDX,MICEXMBIGP,2011-03-29,MICEXMBIGP,ММВБ муни обл (вал),101.34,101.36,101.36,101.28,3447230629.0,787,7.5,2,,RUB,
SNDX,MICEXMBITR,2011-03-29,Индекс Мосбиржи мун обл MBITR,Индекс Мосбиржи муниципальных облигаций,150.46,150.49,150.49,150.37,3447230629.0,787,7.5,2,,RUB,
SNDX,MICEXMC,2011-03-29,MICEX MC,ММВБ стандарт кап,3166.02,3209.29,3210.31,3154.76,2451091364.0,,,2,,RUB,
SNDX,MICEXMNF,2011-03-29,Машиностроение,Индекс машиностроения Московской Биржи,2713.26,2756.72,2756.72,2710.84,67649923.0,,,2,,RUB,
SNDX,MICEXO&G,2011-03-29,Индекс нефти и газа,Индекс МосБиржи нефти и газа,3328.03,3373.19,3375.93,3314.7,24071489373.0,,,2,,RUB,
SNDX,MICEXPWR,2011-03-29,Индекс электроэнергетики,Индекс МосБиржи электроэнергетики,3056.3,3111.9,3113.58,3033.6,2191543031.0,,,2,,RUB,
SNDX,MICEXSC,2011-03-29,Второй эшелон,Индекс второго эшелона Московской Биржи,5361.65,5427.13,5427.46,5350.86,602136606.0,,,2,,RUB,
SNDX,MICEXTLC,2011-03-29,Индекс телекоммуникаций,Индекс МосБиржи телекоммуникаций,2651.46,2669.83,2676.78,2642.07,1040138183.0,,,2,,RUB,
SNDX,MICEXTRN,2011-03-29,Индекс транспорта,Индекс МосБиржи транспорта,1558.97,1558.97,1558.97,1558.97,67043341.7,,,2,,RUB,
SNDX,MOEX10,2011-03-29,Индекс МосБиржи 10,Индекс МосБиржи 10,4116.64,4173.73,4177.83,4095.7,52237383646.0,,,2,,RUB,
RTSI,MOEXBC,2011-03-29,Индекс голубых фишек,Индекс МосБиржи голубых фишек,12248.23,12395.35,12411.59,12180.58,10988232671.8526,,,2,4929317428991.69,RUB,999999.999999
SNDX,MOEXCH,2011-03-29,Индекс химии и нефтехимии,Индекс МосБиржи химии и нефтехимии,6601.87,6683.42,6683.42,6545.13,759631724.0,,,2,,RUB,
SNDX,MOEXCN,2011-03-29,Индекс потребительского сектора / Индекс потребит сектора,Индекс МосБиржи потребительского сектора,5691.92,5772.25,5773.14,5680.24,180722121.0,,,2,,RUB,
SNDX,MOEXEU,2011-03-29,Индекс электроэнергетики,Индекс МосБиржи электроэнергетики,3056.3,3111.9,3113.58,3033.6,2191543031.0,,,2,,RUB,
SNDX,MOEXFN,2011-03-29,Индекс финансов,Индекс МосБиржи финансов,6780.89,6862.48,6888.49,6773.91,23149947539.0,,,2,,RUB,
SNDX,MOEXINN,2011-03-29,Индекс МосБиржи инноваций,Индекс МосБиржи инноваций,1099.43,1103.71,1125.14,1080.21,21507154.3,,,2,,RUB,
SNDX,MOEXMM,2011-03-29,Индекс металлов и добычи,Индекс МосБиржи металлов и добычи,5607.84,5697.6,5700.71,5588.23,6708454200.0,,,2,,RUB,
SNDX,MOEXOG,2011-03-29,Индекс нефти и газа,Индекс МосБиржи нефти и газа,3328.03,3373.19,3375.93,3314.7,24071489373.0,,,2,,RUB,
SNDX,MOEXTL,2011-03-29,Индекс телекоммуникаций,Индекс МосБиржи телекоммуникаций,2651.46,2669.83,2676.78,2642.07,1040138183.0,,,2,,RUB,
SNDX,MOEXTN,2011-03-29,Индекс транспорта,Индекс МосБиржи транспорта,1558.97,1558.97,1558.97,1558.97,67043341.7,,,2,,RUB,
RTSI,OPSI,2011-03-29,Субиндекс ОФЗ,Индексы активов пенсионных накоплений - Субиндекс ОФЗ,1118.5486,1118.5486,1118.5486,1118.5486,0.0,,,2,0.0,RUB,
RTSI,RTS2,2011-03-29,Второй эшелон в $,Индекс второго эшелона Московской Биржи в долларах,2328.99,2348.01,2348.01,2328.99,1718888.1,,,2,28393152945.286,USD,999999.999999
RTSI,RTSch,2011-03-29,Индекс РТС химии и нефтехимии,Индекс РТС химии и нефтехимии,203.06,205.22,205.22,201.22,26749950.6647,,,2,0.0,USD,
RTSI,RTScr,2011-03-29,Индекс РТС потреб. сектора,Индекс РТС потребительских товаров и розничной торговли,440.91,444.3,444.3,440.91,1053614.1,,,2,2862171201.0791,USD,999999.999999
RTSI,RTSeu,2011-03-29,Индекс РТС электроэнергетики,Индекс РТС электроэнергетики,267.4,272.2,272.68,266.93,713004.5585,,,2,17067757832.2048,USD,999999.999999
RTSI,RTSfn,2011-03-29,Индекс РТС финансов,Индекс РТС финансов,490.67,494.56,497.03,489.49,183562639.6781,,,2,4834164111.4338,USD,999999.999999
RTSI,RTSI,2011-03-29,Индекс РТС,Индекс РТС,2018.74,2045.06,2046.64,2009.28,388659320.3392,,,2,219087796250.092,USD,999999.999999
RTSI,RTSin,2011-03-29,Машиностроение в $,Индекс машиностроения Московской Биржи в долларах,239.1,239.1,239.1,239.1,0.0,,,2,851211426.3232,USD,999999.999999
RTSI,RTSmm,2011-03-29,Индекс РТС металлов и добычи,Индекс РТС металлов и добычи,374.62,379.96,380.03,373.63,20111097.476,,,2,20164660411.3778,USD,999999.999999
RTSI,RTSog,2011-03-29,Индекс РТС нефти и газа,Индекс РТС нефти и газа,238.14,240.83,241.67,236.9,163672016.4858,,,2,93457125326.4429,USD,999999.999999
RTSI,RTSSIB,2011-03-29,Индекс ММВБ Сибирь,Индекс ММВБ Сибирь,980.8,991.93,992.41,979.92,503426934.5289,,,2,100272133772.79,RUB,999999.999999
RTSI,RTSSTD,2011-03-29,Индекс МосБиржи голубых фишек,Индекс МосБиржи голубых фишек,12248.23,12395.35,12411.59,12180.58,10988232671.8526,,,2,4929317428991.69,RUB,999999.999999
RTSI,RTSSTDTR,2011-03-29,MOEX Blue Chip Total Return,Индекс МосБиржи голубых фишек полной доходности «брутто»,12553.7,12553.7,12553.7,12553.7,0.0,,,2,0.0,RUB,
RTSI,RTSSTDTRN,2011-03-29,MOEX Blue Chip Net-TR-NR,Индекс МосБиржи голубых фишек полной доходности «нетто» (по налоговым ставкам иностр. орг.),12507.49,12507.49,12507.49,12507.49,0.0,,,2,0.0,RUB,
RTSI,RTSSTDTRR,2011-03-29,MOEX Blue Chip Net-TR-Res,Индекс МосБиржи голубых фишек полной доходности «нетто» (по налоговым ставкам росс. орг.),12525.96,12525.96,12525.96,12525.96,0.0,,,2,0.0,RUB,
RTSI,RTStl,2011-03-29,Индекс РТС телекоммуникаций,Индекс РТС телекоммуникаций ,305.49,305.49,305.49,305.49,32347.9954,,,2,3310663846.3227,USD,999999.999999
RTSI,RTStn,2011-03-29,Индекс РТС транспорта,Индекс РТС транспорта,135.262,135.262,135.262,135.262,2360888.8705,,,2,1731446842.0268,USD,999999.999999
RTSI,RTSTR,2011-03-29,RTS Total Return,Индекс РТС полной доходности «брутто»,2226.21,2226.21,2226.21,2226.21,0.0,,,2,219087796250.0921,USD,
RTSI,RTSTRN,2011-03-29,RTS Net-TR-NR,Индекс РТС полной доходности «нетто» (по налоговым ставкам иностранных организаций),2193.86,2193.86,2193.86,2193.86,0.0,,,2,219087796250.0921,USD,
RTSI,RTSTRR,2011-03-29,RTS Net-TR-Res,Индекс РТС полной доходности «нетто» (по налоговым ставкам российских организаций),2206.74,2206.74,2206.74,2206.74,0.0,,,2,219087796250.0921,USD,
RTSI,RTSUSDCUR,2011-03-29,RTSUSDCUR,Курс доллара США на момент закрытия Индекса РТС,28.3975,28.3975,28.3975,28.3975,,,,2,,RUB,
RTSI,RTSVX,2011-03-29,Индекс RTSVX,Индекс волатильности RTSVX,25.2185,25.5588,25.6979,24.9751,0.0,,,2,0.0,,
RTSI,RUABICP,2011-03-29,ABI CP,Композитный индекс облигаций ,100.18,100.18,100.18,100.18,6970525285.62,1169,6.97,2,0.0,RUB,
RTSI,RUABITR,2011-03-29,ABI TR,Композитный индекс облигаций — совокупный доход,102.26,102.26,102.26,102.26,6970525285.62,1169,6.97,2,0.0,RUB,
SNDX,RUCBCP3Y,2011-03-29,Индекс Мосбиржи корп обл CBICP 3-5,Индекс Мосбиржи корпоративных облигаций MOEX 1 - 3 ценовой,95.51,95.49,95.52,95.49,4585490542.0,553,6.59,2,,RUB,
SNDX,RUCBCP5Y,2011-03-29,Индекс Мосбиржи корп обл CBICP 1-3,Индекс Мосбиржи корпоративных облигаций ценовой 3-5,113.42,113.4,113.42,113.38,1563823031.0,1118,7.72,2,,RUB,
SNDX,RUCBICP,2011-03-29,Индекс Мосбиржи корп обл CBICP,Индекс Мосбиржи корпоративных облигаций ценовой,95.27,95.24,95.27,95.23,7470140062.0,808,7.04,2,,RUB,
RTSI,RUCBICP1Y,2011-03-29,CBI CP 1Y,"Индекс корпоративных облигаций (≤ 1 года, рейтинг ≥ B-)",100.47,100.47,100.47,100.47,2334907548.9,167,4.71,2,0.0,RUB,
RTSI,RUCBICP3+,2011-03-29,CBI CP 3+,"Индекс корпоративных облигаций (< 1 года, рейтинг > B-)",113.52,113.52,113.52,113.52,760146480.3,1473,8.23,2,0.0,RUB,
RTSI,RUCBICPB,2011-03-29,CBI CP B,"Индекс корпоративных облигаций (> 1 года, B- ≤ рейтинг < BB-)",96.4,96.4,96.4,96.4,1011903521.7,830,8.2,2,0.0,RUB,
RTSI,RUCBICPB3Y,2011-03-29,CBI CP B 3Y,"Индекс корпоративных облигаций (1-3 года, B- ≤ рейтинг < BB-)",96.24,96.24,96.24,96.24,945473867.7,709,8.07,2,0.0,RUB,
RTSI,RUCBICPBB,2011-03-29,CBI CP BB,"Индекс корпоративных облигаций (> 1 года, BB- ≤ рейтинг < BBB-)",95.21,95.21,95.21,95.21,2308146791.4,709,7.32,2,0.0,RUB,
RTSI,RUCBICPBB3+,2011-03-29,CBI CP BB 3+,"Индекс корпоративных облигаций (> 3 лет, BB- ≤ рейтинг < BBB-)",112.68,112.68,112.68,112.68,580747214.3,1434,8.35,2,0.0,RUB,
RTSI,RUCBICPBB3Y,2011-03-29,CBI CP BBB 3Y,"Индекс корпоративных облигаций (1-3 года, BB- ≤ рейтинг < BBB-)",95.51,95.51,95.51,95.51,1727399577.1,585,7.14,2,0.0,RUB,
RTSI,RUCBICPBB5Y,2011-03-29,CBI CP BB 5Y,"Индекс корпоративных облигаций (3-5 лет, BB- ≤ рейтинг < BBB-)",112.52,112.52,112.52,112.52,235512957.8,1342,8.25,2,0.0,RUB,
RTSI,RUCBICPBBB,2011-03-29,CBI CP BBB,"Индекс корпоративных облигаций (> 1 года, рейтинг ≥ BBB-)",94.96,94.96,94.96,94.96,1109035098.7,832,7.02,2,0.0,RUB,
RTSI,RUCBICPBBB3+,2011-03-29,CBI CP BBB 3+,"Индекс корпоративных облигаций (3-5 лет, рейтинг ≥ BBB-)",112.8,112.8,112.8,112.8,112969612.0,1541,7.98,2,0.0,RUB,
RTSI,RUCBICPBBB3Y,2011-03-29,CBI CP BBB 3Y,"Индекс корпоративных облигаций (1-3 года, рейтинг ≥ BBB-)",95.3,95.3,95.3,95.3,996065486.7,668,6.8,2,0.0,RUB,
RTSI,RUCBICPBBB5Y,2011-03-29,CBI CP BBB 5Y,"Индекс корпоративных облигаций (3-5 лет, рейтинг ≥ BBB-)",112.7,112.7,112.7,112.7,112869667.0,1354,7.77,2,0.0,RUB,
RTSI,RUCBICPL1,2011-03-29,CBI CP L1,Индекс корпоративных облигаций Котировальный лист 1 - ценовой,100.58,100.58,100.58,100.58,1738885849.5,805,7.3,2,395258062390.0,RUB,0.0
RTSI,RUCBICPL2,2011-03-29,CBI CP L2,Индекс корпоративных облигаций Котировальный лист 2 - ценовой,100.85,100.85,100.85,100.85,1501043869.8,848,7.51,2,330227800000.0,RUB,0.0
RTSI,RUCBICPL3,2011-03-29,CBI CP L3,Индекс корпоративных облигаций Котировальный лист 3 - ценовой,100.55,100.55,100.55,100.55,1197355189.9,636,7.05,2,242444270000.0,RUB,0.0
SNDX,RUCBITR,2011-03-29,Индекс Мосбиржи корп обл CBITR,Индекс Мосбиржи корпоративных облигаций,199.46,199.41,199.46,199.4,7470140062.0,808,7.04,2,,RUB,
RTSI,RUCBITR1Y,2011-03-29,CBI TR 1Y,"Индекс корпоративных облигаций (≤ 1 года, рейтинг ≥ B-)— совокупный доход",102.96,102.96,102.96,102.96,2334907548.9,167,4.71,2,0.0,RUB,
RTSI,RUCBITR3+,2011-03-29,CBI TR 3+,"Индекс корпоративных облигаций (< 1 года, рейтинг > B-) — совокупный доход",231.89,231.89,231.89,231.89,760146480.3,1473,8.23,2,0.0,RUB,
RTSI,RUCBITRB,2011-03-29,CBI TR B,"Индекс корпоративных облигаций (> 1 года, B- ≤ рейтинг < BB-) — совокупный доход",202.85,202.85,202.85,202.85,1011903521.7,830,8.2,2,0.0,RUB,
RTSI,RUCBITRB3Y,2011-03-29,CBI TR B 3Y,"Индекс корпоративных облигаций (1-3 года, B- ≤ рейтинг < BB-) — совокупный доход",200.22,200.22,200.22,200.22,945473867.7,709,8.07,2,0.0,RUB,
RTSI,RUCBITRBB,2011-03-29,CBI TR BB,"Индекс корпоративных облигаций (> 1 года, BB- ≤ рейтинг < BBB-) — совокупный доход",200.07,200.07,200.07,200.07,2308146791.4,709,7.32,2,0.0,RUB,
RTSI,RUCBITRBB3+,2011-03-29,CBI TR BB 3+,"Индекс корпоративных облигаций (> 3 лет, BB- ≤ рейтинг < BBB-) — совокупный доход",230.0,230.0,230.0,230.0,580747214.3,1434,8.35,2,0.0,RUB,
RTSI,RUCBITRBB3Y,2011-03-29,CBI TR BB 3Y,"Индекс корпоративных облигаций (1-3 года, BB- ≤ рейтинг < BBB-) — совокупный доход",198.4,198.4,198.4,198.4,1727399577.1,585,7.14,2,0.0,RUB,
RTSI,RUCBITRBB5Y,2011-03-29,CBI TR BB 5Y,"Индекс корпоративных облигаций (3-5 лет, BB- ≤ рейтинг < BBB-) — совокупный доход",229.64,229.64,229.64,229.64,235512957.8,1342,8.25,2,0.0,RUB,
RTSI,RUCBITRBBB,2011-03-29,CBI TR BBB,"Индекс корпоративных облигаций (> 1 года, рейтинг ≥ BBB-) — совокупный доход",199.1,199.1,199.1,199.1,1109035098.7,832,7.02,2,0.0,RUB,
RTSI,RUCBITRBBB3+,2011-03-29,CBI TR BBB 3+,"Индекс корпоративных облигаций (3-5 лет, рейтинг ≥ BBB-) — совокупный доход",230.1,230.1,230.1,230.1,112969612.0,1541,7.98,2,0.0,RUB,
RTSI,RUCBITRBBB3Y,2011-03-29,CBI TR BBB 3Y,"Индекс корпоративных облигаций (1-3 года, рейтинг ≥ BBB-) — совокупный доход",197.53,197.53,197.53,197.53,996065486.7,668,6.8,2,0.0,RUB,
RTSI,RUCBITRBBB5Y,2011-03-29,CBI TR BBB 5Y,"Индекс корпоративных облигаций (3-5 лет, рейтинг ≥ BBB-) — совокупный доход",229.86,229.86,229.86,229.86,112869667.0,1354,7.77,2,0.0,RUB,
RTSI,RUCBITRL1,2011-03-29,CBI TR L1,Индекс корпоративных облигаций Котировальный лист 1  — совокупный доход,101.81,101.81,101.81,101.81,1738885849.5,805,7.3,2,395258062390.0,RUB,0.0
RTSI,RUCBITRL2,2011-03-29,CBI TR L2,Индекс корпоративных облигаций Котировальный лист 2  — совокупный доход,102.51,102.51,102.51,102.51,1501043869.8,848,7.51,2,330227800000.0,RUB,0.0
RTSI,RUCBITRL3,2011-03-29,CBI TR L3,Индекс корпоративных облигаций Котировальный лист 3  — совокупный доход,100.95,100.95,100.95,100.95,1197355189.9,636,7.05,2,242444270000.0,RUB,0.0
SNDX,RUCBTR3Y,2011-03-29,Индекс Мосбиржи корп обл CBITR 3-5,Индекс Мосбиржи корпоративных облигаций MOEX 1-3,198.1,198.0,198.1,198.0,4585490542.0,553,6.59,2,,RUB,
SNDX,RUCBTR5Y,2011-03-29,Индекс Мосбиржи корп обл CBITR 1-3,Индекс Мосбиржи корпоративных облигаций 3-5,230.27,230.23,230.27,230.18,1563823031.0,1118,7.72,2,,RUB,
RTSI,RUGBICP10Y,2011-03-29,GBI CP 10Y,Индекс государственных облигаций (5-10 лет),127.7,127.7,127.7,127.7,0.0,2307,7.82,2,0.0,RUB,
RTSI,RUGBICP1Y,2011-03-29,GBI CP 1Y,Индекс государственных облигаций (≤ 1 года),99.75,99.75,99.75,99.75,178570624.78,164,3.72,2,0.0,RUB,
RTSI,RUGBICP3Y,2011-03-29,GBI CP 3Y,Индекс государственных облигаций (1-3 года),131.54,131.54,131.54,131.54,1092828509.89,610,5.63,2,0.0,RUB,
RTSI,RUGBICP5+,2011-03-29,GBI CP 5+,Индекс государственных облигаций (> 5 лет),128.52,128.52,128.52,128.52,0.0,2878,7.87,2,0.0,RUB,
RTSI,RUGBICP5Y,2011-03-29,GBI CP 5Y,Индекс государственных облигаций (3-5 лет),131.13,131.13,131.13,131.13,359148501.13,1408,7.2,2,0.0,RUB,
RTSI,RUGBITR10Y,2011-03-29,GBI TR 10Y,Индекс государственных облигаций (5-10 лет)— совокупный доход,256.89,256.89,256.89,256.89,0.0,2307,7.82,2,0.0,RUB,
RTSI,RUGBITR1Y,2011-03-29,GBI TR 1Y,Индекс государственных облигаций (≤ 1 года)— совокупный доход,101.59,101.59,101.59,101.59,178570624.78,164,3.72,2,0.0,RUB,
RTSI,RUGBITR3Y,2011-03-29,GBI TR 3Y,Индекс государственных облигаций (1-3 года) — совокупный доход,264.42,264.42,264.42,264.42,1092828509.89,610,5.63,2,0.0,RUB,
RTSI,RUGBITR5+,2011-03-29,GBI TR 5+,Индекс государственных облигаций (> 5 лет)— совокупный доход,258.49,258.49,258.49,258.49,0.0,2878,7.87,2,0.0,RUB,
RTSI,RUGBITR5Y,2011-03-29,GBI TR 5Y,Индекс государственных облигаций (3-5 лет)— совокупный доход,263.54,263.54,263.54,263.54,359148501.13,1408,7.2,2,0.0,RUB,
SNDX,RUMBICP,2011-03-29,Индекс Мосбиржи мун обл MOEX MBICP,Индекс Мосбиржи муниципальных облигаций ценовой,98.83,98.85,98.85,98.77,3447230629.0,787,7.5,2,,RUB,
RTSI,RUMBICP1Y,2011-03-29,MBI CP 1Y,"Индекс муниципальных облигаций (≤ 1 года, рейтинг ≥ BB-)",99.22,99.22,99.22,99.22,212938229.38,240,6.42,2,0.0,RUB,
RTSI,RUMBICP3+,2011-03-29,MBI CP 3Y+,"Индекс муниципальных облигаций (> 3 лет, рейтинг ≥ BB-)",99.21,99.21,99.21,99.21,712287078.0,1710,7.54,2,0.0,RUB,
RTSI,RUMBICP3Y,2011-03-29,MBI CP 3Y,"Индекс муниципальных облигаций (1-3 года, рейтинг ≥ BB-)",99.36,99.36,99.36,99.36,377175784.8,723,6.82,2,0.0,RUB,
RTSI,RUMBICPBB,2011-03-29,MBI CP BB,"Индекс муниципальных облигаций (> 1 года, BB- ≤ рейтинг < BBB-)",99.7,99.7,99.7,99.7,602264876.2,709,7.36,2,0.0,RUB,
RTSI,RUMBICPBB3Y,2011-03-29,MBI CP BB 3Y,"Индекс муниципальных облигаций (1-3 года, BB- ≤ рейтинг < BBB-)",99.65,99.65,99.65,99.65,141260303.2,651,7.32,2,0.0,RUB,
RTSI,RUMBICPBBB,2011-03-29,MBI CP BBB,"Индекс муниципальных облигаций (> 1 года, рейтинг ≥ BBB-)",99.14,99.14,99.14,99.14,487197986.6,1315,7.12,2,0.0,RUB,
RTSI,RUMBICPBBB3+,2011-03-29,MBI CP BBB 3+,"Индекс муниципальных облигаций (> 3 лет, рейтинг ≥ BB-)",99.16,99.16,99.16,99.16,251282505.0,1739,7.53,2,0.0,RUB,
RTSI,RUMBICPBBB3Y,2011-03-29,MBI TR BBB 3Y,"Индекс муниципальных облигаций (1-3 года, рейтинг ≥ BBB-)",99.13,99.13,99.13,99.13,235915481.6,759,6.58,2,0.0,RUB,
RTSI,RUMBICPL1,2011-03-29,MBI CP L1,Индекс муниципальных облигаций Котировальный лист 1 - ценовой,99.78,99.78,99.78,99.78,398480132.8,1175,7.1,2,277224524000.0,RUB,0.0
RTSI,RUMBICPL3,2011-03-29,MBI CP L3,Индекс муниципальных облигаций Котировальный лист 3 - ценовой,100.44,100.44,100.44,100.44,959130392.9,1219,7.34,2,165239642000.0,RUB,0.0
SNDX,RUMBITR,2011-03-29,Индекс Мосбиржи мун обл MBITR,Индекс Мосбиржи муниципальных облигаций,150.46,150.49,150.49,150.37,3447230629.0,787,7.5,2,,RUB,
RTSI,RUMBITR1Y,2011-03-29,MBI TR 1Y,"Индекс муниципальных облигаций (≤ 1 года, рейтинг ≥ BB-) — совокупный доход",101.59,101.59,101.59,101.59,212938229.38,240,6.42,2,0.0,RUB,
RTSI,RUMBITR3+,2011-03-29,MBI TR 3Y+,"Индекс муниципальных облигаций (> 3 лет, рейтинг ≥ BB-) — совокупный доход",150.79,150.79,150.79,150.79,712287078.0,1710,7.54,2,0.0,RUB,
RTSI,RUMBITR3Y,2011-03-29,MBI TR 3Y,"Индекс муниципальных облигаций (1-3 года, рейтинг ≥ BB-) — совокупный доход",151.64,151.64,151.64,151.64,377175784.8,723,6.82,2,0.0,RUB,
RTSI,RUMBITRBB,2011-03-29,MBI TR BB,"Индекс муниципальных облигаций (> 1 года, BB- ≤ рейтинг < BBB-) — совокупный доход",151.93,151.93,151.93,151.93,602264876.2,709,7.36,2,0.0,RUB,
RTSI,RUMBITRBB3Y,2011-03-29,MBI TR BB 3Y,"Индекс муниципальных облигаций (1-3 года, BB- ≤ рейтинг < BBB-) — совокупный доход",152.01,152.01,152.01,152.01,141260303.2,651,7.32,2,0.0,RUB,
RTSI,RUMBITRBBB,2011-03-29,MBI TR BBB,"Индекс муниципальных облигаций (> 1 года, рейтинг ≥ BBB-) — совокупный доход",151.02,151.02,151.02,151.02,487197986.6,1315,7.12,2,0.0,RUB,
RTSI,RUMBITRBBB3+,2011-03-29,MBI TR BBB 3+,"Индекс муниципальных облигаций (> 3 лет, рейтинг ≥ BB-) — совокупный доход",150.66,150.66,150.66,150.66,251282505.0,1739,7.53,2,0.0,RUB,
RTSI,RUMBITRBBB3Y,2011-03-29,MBI TR BBB 3Y,"Индекс муниципальных облигаций (1-3 года, рейтинг ≥ BBB-) — совокупный доход",151.47,151.47,151.47,151.47,235915481.6,759,6.58,2,0.0,RUB,
RTSI,RUMBITRL1,2011-03-29,MBI TR L1,Индекс муниципальных облигаций Котировальный лист 1  — совокупный доход,101.28,101.28,101.28,101.28,398480132.8,1175,7.1,2,277224524000.0,RUB,0.0
RTSI,RUMBITRL3,2011-03-29,MBI TR L3,Индекс муниципальных облигаций Котировальный лист 3  — совокупный доход,102.04,102.04,102.04,102.04,959130392.9,1219,7.34,2,165239642000.0,RUB,0.0
RTSI,RUPAI,2011-03-29,Агрессивный индекс,Индексы активов пенсионных накоплений - Агрессивный,1242.02,1242.02,1242.02,1242.02,0.0,,,2,0.0,RUB,0.0
RTSI,RUPCI,2011-03-29,Консервативный индекс,Индексы активов пенсионных накоплений - Консервативный,1367.12,1367.12,1367.12,1367.12,0.0,,,2,0.0,RUB,
RTSI,RUPMI,2011-03-29,Сбалансированный индекс,Индексы активов пенсионных накоплений - Сбалансированный,1307.52,1307.52,1307.52,1307.52,0.0,,,2,0.0,RUB,0.0
