BOARDID,TRADEDATE,SHORTNAME,SECID,NUMTRADES,VALUE,LOW,HIGH,CLOSE,LEGALCLOSEPRICE,ACCINT,WAPRICE,YIELDCLOSE,OPEN,VOLUME,MARKETPRICE2,MARKETPRICE3,ADMITTEDQUOTE,MP2VALTRD,MARKETPRICE3TRADESVALUE,ADMITTEDVALUE,MATDATE,DURATION,YIELDATWAP,IRICPICLOSE,BEICLOSE,COUPONPERCENT,COUPONVALUE,BUYBACKDATE,LASTTRADEDATE,FACEVALUE,CURRENCYID,CBRCLOSE,YIELDTOOFFER,YIELDLASTCOUPON,OFFERDATE,FACEUNIT
TQCB,2020-06-03,МГор48-об,RU000A0JNYN1,36.0,806205.7,101.0,102.02,101.0,101.0,28.77,101.03,5.54,102.02,798.0,101.03,101.03,101.0,806205.7,806205.7,806205.7,2022-06-11,687.0,5.53,,,,30.08,,2020-06-03,1000.0,SUR,,,,,RUB
TQCB,2020-06-03,РЖД-19 обл,RU000A0JQ7Z2,2.0,838890.0,107.55,107.55,107.55,107.55,30.54,107.55,5.84,107.55,780.0,107.69,107.69,107.55,67885219.8,67876606.2,67885219.8,2024-07-08,1280.0,5.84,,,,39.14,,2020-06-03,1000.0,SUR,,,,,RUB
TQCB,2020-06-03,Мечел  4об,RU000A0JQ8V9,1.0,275.0,110.0,110.0,110.0,110.0,3.04,110.0,,110.0,1.0,,,110.0,0.0,0.0,0.0,2021-07-15,187.0,0.0,,,,5.77,,2020-06-03,250.0,SUR,,,,,RUB
TQCB,2020-06-03,ДОМ.РФ15об,RU000A0JQAM6,2.0,219360.0,114.25,114.25,114.25,114.25,18.63,114.25,-31.41,114.25,192.0,,114.62,114.25,0.0,1014357.5,0.0,2028-09-15,104.0,-31.41,,,,42.85,2020-09-15,2020-06-03,1000.0,SUR,,,,,RUB
TQCB,2020-06-03,РЖД-23 обл,RU000A0JQRD9,5.0,14092.9,108.17,108.45,108.17,108.17,28.39,108.41,5.89,108.45,13.0,108.4,108.4,108.17,344612476.9,19405971.2,344612476.9,2025-01-16,1422.0,5.83,,,,39.14,,2020-06-03,1000.0,SUR,,,,,RUB
TQCB,2020-06-03,ДОМ.РФ16об,RU000A0JQXG0,2.0,1019.25,101.9,102.0,102.0,102.0,4.52,101.93,5.33,101.9,4.0,,,102.0,0.0,0.0,0.0,2021-09-15,241.0,5.44,,,,5.2,,2020-06-03,250.0,SUR,,,,,RUB
TQCB,2020-06-03,ФСК ЕЭС-06,RU000A0JR1Y7,1.0,58661.2,101.14,101.14,101.14,101.14,17.63,101.14,4.19,101.14,58.0,,101.16,101.14,0.0,595833.1,0.0,2020-09-15,104.0,4.19,,,,41.14,,2020-06-03,1000.0,SUR,,,4.0509,,RUB
TQCB,2020-06-03,ФСК ЕЭС-07,RU000A0JR1Z4,2.0,20100.0,100.0,101.0,101.0,101.0,9.66,100.5,4.77,100.0,20.0,,,101.0,0.0,0.0,0.0,2020-10-16,135.0,6.18,,,,37.4,,2020-06-03,1000.0,SUR,,,4.6499,,RUB
TQCB,2020-06-03,ВЭБ.РФ 08,RU000A0JR3G0,11.0,81304039.8,101.42,101.58,101.45,101.45,13.29,101.45,5.64,101.42,80142.0,101.45,101.45,101.45,81304039.8,81304039.8,81304039.8,2020-10-13,132.0,5.64,,,,48.37,,2020-06-03,1000.0,SUR,,,5.4655,,RUB
TQCB,2020-06-03,ВЭБ.РФ 06,RU000A0JR3H8,6.0,250509.7,101.0,101.07,101.06,101.06,11.48,101.01,5.42,101.07,248.0,101.06,101.06,101.06,3523111.4,632625.9,3523111.4,2020-10-13,132.0,5.57,,,,41.79,,2020-06-03,1000.0,SUR,,,5.269,,RUB
TQCB,2020-06-03,МТС 08,RU000A0JR4J2,6.0,9226.5,100.72,103.0,100.94,100.94,6.28,102.52,5.66,100.72,9.0,,101.62,100.94,0.0,509139.0,0.0,2020-11-03,153.0,1.84,,,,39.39,,2020-06-03,1000.0,SUR,,,5.5185,,RUB
TQCB,2020-06-03,Газпрнеф10,RU000A0JR878,5.0,19360.5,101.4,101.95,101.4,101.4,26.44,101.9,5.43,101.92,19.0,,101.54,101.4,0.0,641762.5,0.0,2021-01-26,230.0,4.64,,,,37.9,,2020-06-03,1000.0,SUR,,,,,RUB
TQCB,2020-06-03,Мечел 16об,RU000A0JR8P0,18.0,54437.9,100.74,101.07,100.95,100.95,24.77,100.81,6.65,101.07,54.0,,100.88,100.95,0.0,508420.9,0.0,2021-02-09,244.0,6.87,,,,39.89,,2020-06-03,1000.0,SUR,,,,,RUB
TQCB,2020-06-03,ВЭБ.РФ 09,RU000A0JRCX7,9.0,31833.0,102.55,102.7,102.55,102.58,18.53,102.69,5.61,102.7,31.0,102.76,102.77,102.58,1901096.3,1812837.1,1901096.3,2021-03-18,280.0,5.43,,,,44.38,,2020-06-03,1000.0,SUR,,,,,RUB
TQCB,2020-06-03,ВЭБлизинг4,RU000A0JREX3,1.0,1009.8,100.98,100.98,100.98,100.98,12.15,100.98,6.12,100.98,1.0,,101.11,100.98,0.0,501502.0,0.0,2021-04-02,297.0,6.12,,,,36.25,,2020-06-03,1000.0,SUR,,,,,RUB
TQCB,2020-06-03,РУСАЛБАл08,RU000A0JRF11,2.0,16911.0,93.95,93.95,93.95,93.95,0.02,93.95,,93.95,18.0,,93.68,93.95,0.0,508690.1,0.0,2021-04-05,306.0,0.0,,,,0.05,,2020-06-03,1000.0,SUR,,,,,RUB
TQCB,2020-06-03,Акрон 04,RU000A0JRHF3,7.0,13206.0,101.5,101.6,101.6,101.6,2.67,101.58,4.82,101.5,13.0,,101.37,101.6,0.0,509874.9,0.0,2021-05-18,343.0,4.84,,,,32.41,,2020-06-03,1000.0,SUR,,,,,RUB
TQCB,2020-06-03,Мечел 17об,RU000A0JRJS2,29.0,133915.52,99.86,100.35,99.95,99.96,0.29,99.94,,99.86,670.0,,99.99,99.96,0.0,535930.52,0.0,2021-05-27,220.0,0.0,,,,7.64,,2020-06-03,200.0,SUR,,,,,RUB
TQCB,2020-06-03,Мечел 18об,RU000A0JRJT0,1.0,4000.0,100.0,100.0,100.0,100.0,0.29,100.0,,100.0,20.0,99.98,100.0,100.0,853250.38,672009.86,853250.38,2021-05-27,220.0,0.0,,,,7.64,,2020-06-03,200.0,SUR,,,,,RUB
TQCB,2020-06-03,НефГазХол4,RU000A0JRJV6,46.0,1936426.4,90.0,92.19,90.2,90.27,0.19,90.18,33.8,91.51,2684.0,90.18,90.18,90.27,1936426.4,1936426.4,1936426.4,2021-06-01,181.0,33.86,,,,33.91,2020-12-01,2020-06-03,800.0,SUR,,,,,RUB
TQCB,2020-06-03,Мечел 19об,RU000A0JRJY0,48.0,1804177.22,99.85,100.05,100.05,100.05,0.05,99.97,,99.86,9024.0,99.97,99.97,100.05,1804177.22,1804177.22,1804177.22,2021-06-01,225.0,0.0,,,,7.64,,2020-06-03,200.0,SUR,,,,,RUB
TQCB,2020-06-03,СПбТел 01,RU000A0JRKC4,2.0,2574484.5,102.0,102.45,102.0,102.0,40.29,102.0,6.55,102.45,2524.0,102.3,102.26,102.0,10400868.8,7475328.8,10400868.8,2021-06-11,351.0,6.55,,,,42.38,,2020-06-03,1000.0,SUR,,,,,RUB
TQCB,2020-06-03,СПбТел 02,RU000A0JRKD2,3.0,55063.5,100.01,100.23,100.1,100.1,40.29,100.12,4.33,100.23,55.0,,100.11,100.1,0.0,508558.4,0.0,2021-06-11,9.0,3.52,,,,42.38,,2020-06-03,1000.0,SUR,,2.2076,,2020-06-17,RUB
TQCB,2020-06-03,СПбТел 03,RU000A0JRKM3,1.0,200480.0,100.24,100.24,100.24,100.24,40.29,100.24,-1.2,100.24,200.0,,100.17,100.24,0.0,500825.1,0.0,2021-06-11,9.0,-1.2,,,,42.38,,2020-06-03,1000.0,SUR,,-1.3608,,2020-06-17,RUB
TQCB,2020-06-03,РСХБ 14,RU000A0JRLE8,1.0,2068.0,103.4,103.4,103.4,103.4,34.61,103.4,4.91,103.4,2.0,,102.69,103.4,0.0,844116.0,0.0,2021-06-29,370.0,4.91,,,,40.64,,2020-06-03,1000.0,SUR,,,,,RUB
TQCB,2020-06-03,ВЭБ.РФ 10,RU000A0JRTN2,1.0,25025.0,100.1,100.1,100.1,100.1,11.52,100.1,5.92,100.1,25.0,,,100.1,0.0,0.0,0.0,2021-09-21,460.0,5.92,,,,29.52,,2020-06-03,1000.0,SUR,,,,,RUB
TQCB,2020-06-03,Uranium 02,RU000A0JRTT9,1.0,1024.0,102.4,102.4,102.4,102.4,30.89,102.4,-1.8,102.4,1.0,,101.66,102.4,0.0,509339.2,0.0,2023-08-11,72.0,-1.8,,,,51.11,2020-08-14,2020-06-03,1000.0,SUR,,,,,RUB
TQCB,2020-06-03,ВЭБлизинг9,RU000A0JRV52,3.0,3027.0,100.6,101.5,101.5,101.5,8.34,100.9,6.19,100.6,3.0,,101.59,101.5,0.0,560764.6,0.0,2021-10-20,485.0,6.66,,,,36.15,,2020-06-03,1000.0,SUR,,,,,RUB
TQCB,2020-06-03,РСХБ 15,RU000A0JRVN8,10.0,2506770.9,100.5,102.42,102.42,102.42,6.9,102.11,5.24,102.05,2455.0,102.11,102.11,102.42,2506770.9,2506770.9,2506770.9,2021-10-26,492.0,5.48,,,,34.9,,2020-06-03,1000.0,SUR,,,,,RUB
TQCB,2020-06-03,СПбТел 07,RU000A0JRVU3,158.0,646336.4,106.5,107.47,106.7,106.68,15.54,106.83,6.13,106.72,605.0,106.83,106.83,106.68,646336.4,646336.4,646336.4,2022-04-05,623.0,6.05,,,,49.61,,2020-06-03,1000.0,SUR,,,,,RUB
TQCB,2020-06-03,ОткрФКББ03,RU000A0JRZ74,7.0,11530.0,70.0,73.0,73.0,73.0,0.04,72.06,6.35,71.0,16.0,,68.65,73.0,0.0,3309711.6,0.0,2025-07-16,1868.0,6.62,,,,0.05,,2020-06-03,1000.0,SUR,,,,,RUB
EQDB,2020-06-03,ОткрХОЛ 2,RU000A0JS264,2.0,0.4,0.01,0.01,0.01,0.01,354.02,0.01,,0.01,4.0,,,0.01,0.0,0.0,0.0,2026-12-10,15.0,0.0,,,,359.02,2020-06-18,2020-06-03,1000.0,SUR,,,,2020-06-23,RUB
TQCB,2020-06-03,СПбТел 04,RU000A0JS3M7,4.0,699863.0,100.5,100.7,100.7,100.7,35.47,100.7,6.41,100.7,695.0,100.75,100.72,100.7,2409971.9,965864.1,2409971.9,2022-01-31,61.0,6.41,,,,53.35,2020-08-03,2020-06-03,1000.0,SUR,,5.9465,,2020-08-06,RUB
TQCB,2020-06-03,Башнефть04,RU000A0JS3U0,1.0,1150.0,115.0,115.0,115.0,115.0,22.44,115.0,-1.78,115.0,1.0,,101.43,115.0,0.0,514275.4,0.0,2022-02-04,578.0,-1.78,,,,34.9,,2020-06-03,1000.0,SUR,,,,,RUB
TQCB,2020-06-03,ВЭБ.РФ 21,RU000A0JS4Z7,1.0,1053.0,105.3,105.3,105.3,105.3,22.23,105.3,5.66,105.3,1.0,105.12,105.12,105.3,19157912.7,19157912.7,19157912.7,2032-02-17,593.0,5.66,,,,43.98,2022-03-01,2020-06-03,1000.0,SUR,,5.6241,,2022-03-03,RUB
TQCB,2020-06-03,МЕТАЛИНВ 1,RU000A0JS5B5,2.0,1554.1,70.0,85.41,85.41,85.41,0.02,77.71,9.39,70.0,2.0,,,85.41,0.0,0.0,0.0,2022-03-07,642.0,15.43,,,,0.05,,2020-06-03,1000.0,SUR,,,,,RUB
TQCB,2020-06-03,РСХБ 16,RU000A0JS6N8,4.0,232264.5,100.2,101.0,100.2,100.2,9.77,100.55,6.12,100.55,231.0,,100.79,100.2,0.0,504958.3,0.0,2022-04-04,638.0,5.91,,,,30.67,,2020-06-03,1000.0,SUR,,,,,RUB
TQCB,2020-06-03,ЕАБР08,RU000A0JS900,1.0,5050000.0,101.0,101.0,101.0,101.0,12.58,101.0,5.28,101.0,5000.0,100.93,100.96,101.0,116680555.5,15757526.6,116680555.5,2020-10-07,126.0,5.28,,,,40.89,,2020-06-03,1000.0,SUR,,,5.1207,,RUB
TQCB,2020-06-03,ЕАБР11,RU000A0JS934,1.0,4060.0,101.5,101.5,101.5,101.5,26.33,101.5,6.47,101.5,4.0,,99.41,101.5,0.0,1088573.1,0.0,2025-01-24,402.0,6.47,,,,38.64,2021-07-30,2020-06-03,1000.0,SUR,,6.3798,,2021-08-04,RUB
TQCB,2020-06-03,РЖД-32 обл,RU000A0JSGV0,68.0,1699270.4,99.64,99.9,99.89,99.89,22.25,99.84,6.74,99.64,1702.0,99.84,99.84,99.89,1699270.4,1699270.4,1699270.4,2032-06-25,37.0,7.25,,,,27.92,2020-07-10,2020-06-03,1000.0,SUR,,5.6888,,2022-07-13,RUB
TQCB,2020-06-03,ФСК ЕЭС-22,RU000A0JSQ58,24.0,172374.4,99.5,99.97,99.89,99.89,20.71,99.64,6.78,99.97,173.0,,99.74,99.89,0.0,828798.1,0.0,2027-07-21,56.0,8.5,,,,29.92,2020-07-29,2020-06-03,1000.0,SUR,,6.0826,,2022-08-03,RUB
EQDB,2020-06-03,ОткрХОЛ 3,RU000A0JT3J2,8.0,448.0,2.72,4.06,2.72,2.83,287.28,2.99,,4.06,15.0,,,2.83,0.0,0.0,0.0,2027-09-17,23.0,0.0,,,,294.06,2020-06-26,2020-06-03,1000.0,SUR,,,,2020-07-01,RUB
TQCB,2020-06-03,ВЭБ.РФ 18,RU000A0JT403,9.0,318779376.2,105.7,107.23,106.25,106.25,12.82,105.9,6.09,106.01,301018.0,105.9,105.9,106.25,318826949.9,318780449.0,318826949.9,2032-09-17,1363.0,6.18,,,,38.24,2024-09-27,2020-06-03,1000.0,SUR,,6.0735,,2024-10-01,RUB
TQCB,2020-06-03,ВЭБ.РФ 19,RU000A0JT6B2,6.0,77700.0,103.6,103.6,103.6,103.6,14.69,103.6,5.4,103.6,75.0,103.6,103.6,103.6,5250468.7,630944.7,5250468.7,2032-09-23,301.0,5.4,,,,48.62,2021-04-08,2020-06-03,1000.0,SUR,,5.3018,,2021-04-12,RUB
TQCB,2020-06-03,ГПБ 12,RU000A0JT6J5,2.0,197378.4,105.54,105.55,105.55,105.55,11.33,105.55,5.04,105.54,187.0,,103.02,105.55,0.0,32929151.9,0.0,2022-10-06,794.0,5.04,,,,37.5,,2020-06-03,1000.0,SUR,,,,,RUB
TQCB,2020-06-03,РСХБ 18,RU000A0JT874,22.0,278259.2,100.4,103.63,101.13,101.13,10.78,101.55,6.94,100.4,274.0,,101.56,101.13,0.0,531134.2,0.0,2022-10-13,309.0,6.42,,,,40.89,2021-04-15,2020-06-03,1000.0,SUR,,6.8226,,2021-04-19,RUB
TQCB,2020-06-03,Роснефть04,RU000A0JT940,23.0,96550.1,104.51,105.48,105.0,105.02,9.52,104.95,5.69,104.92,92.0,,104.79,105.02,0.0,500900.6,0.0,2022-10-17,802.0,5.72,,,,39.39,,2020-06-03,1000.0,SUR,,,,,RUB
TQCB,2020-06-03,Роснефть05,RU000A0JT965,10.0,20183.9,104.27,106.69,106.58,106.58,9.52,106.23,4.98,106.69,19.0,,104.56,106.58,0.0,2424801.6,0.0,2022-10-17,802.0,5.14,,,,39.39,,2020-06-03,1000.0,SUR,,,,,RUB
EQDB,2020-06-03,АгроКомБО1,RU000A0JTEM2,66.0,40496.7,2.2,4.08,3.2,3.2,0.48,3.2,,3.95,1265.0,,3.63,3.2,0.0,502035.3,0.0,2022-12-08,188.0,0.0,,,,1.0,2020-12-08,2020-06-03,1000.0,SUR,,63172.9459,,2020-12-14,RUB
EQDB,2020-06-03,ОткрХОЛ 4,RU000A0JTH82,2.0,0.2,0.01,0.01,0.01,0.01,325.45,0.01,,0.01,2.0,,,0.01,0.0,0.0,0.0,2027-12-08,14.0,0.0,,,,330.09,2020-06-17,2020-06-03,1000.0,SUR,,,,2020-06-22,RUB
TQCB,2020-06-03,МЕТАЛИНВ 3,RU000A0JTLL9,1.0,5185.0,103.7,103.7,103.7,103.7,25.99,103.7,6.21,103.7,5.0,,,103.7,0.0,0.0,0.0,2023-01-27,875.0,6.21,,,,38.15,,2020-06-03,1000.0,SUR,,,,,RUB
TQCB,2020-06-03,Башнефть06,RU000A0JTM28,7.0,185233.9,103.1,104.95,104.45,104.45,25.32,104.47,5.95,103.1,177.0,104.85,104.85,104.45,10071481.0,9207575.8,10071481.0,2023-01-31,879.0,5.94,,,,38.39,,2020-06-03,1000.0,SUR,,,,,RUB
TQCB,2020-06-03,Башнефть07,RU000A0JTM36,3.0,41200.0,100.0,100.5,100.5,100.5,20.71,100.49,5.59,100.5,41.0,100.49,100.49,100.5,1080316.8,1079311.8,1080316.8,2023-01-31,238.0,5.6,,,,31.41,2021-02-02,2020-06-03,1000.0,SUR,,5.4299,,2021-02-08,RUB
TQCB,2020-06-03,Башнефть08,RU000A0JTM44,4.0,17790.4,102.29,104.85,104.85,104.85,25.32,104.47,5.79,104.85,17.0,,104.85,104.85,0.0,19152638.3,0.0,2023-01-31,879.0,5.94,,,,38.39,,2020-06-03,1000.0,SUR,,,,,RUB
TQCB,2020-06-03,Башнефть09,RU000A0JTM51,1.0,25125.0,100.5,100.5,100.5,100.5,20.71,100.5,5.59,100.5,25.0,100.26,100.26,100.5,12092197.0,12077023.6,12092197.0,2023-01-31,238.0,5.59,,,,31.41,2021-02-02,2020-06-03,1000.0,SUR,,5.4299,,2021-02-08,RUB
TQCB,2020-06-03,РусГидро07,RU000A0JTMG7,2.0,1919.8,95.99,95.99,95.99,95.99,0.32,95.99,1.65,95.99,2.0,,87.82,95.99,0.0,500572.4,0.0,2023-02-02,973.0,1.65,,,,0.5,,2020-06-03,1000.0,SUR,,,,,RUB
TQCB,2020-06-03,РусГидро08,RU000A0JTMK9,5.0,4449.0,88.98,88.98,88.98,88.98,0.32,88.98,4.58,88.98,5.0,,86.38,88.98,0.0,500140.6,0.0,2023-02-02,973.0,4.58,,,,0.5,,2020-06-03,1000.0,SUR,,,,,RUB
TQCB,2020-06-03,Роснефть07,RU000A0JTS06,24.0,197833.0,102.98,103.97,103.97,103.97,16.4,103.58,5.81,102.98,191.0,,103.6,103.97,0.0,825682.2,0.0,2023-03-10,920.0,5.96,,,,36.4,,2020-06-03,1000.0,SUR,,,,,RUB
TQCB,2020-06-03,РЖД-28 обл,RU000A0JTU85,1.0,1015.6,101.56,101.56,101.56,101.56,13.33,101.56,5.7,101.56,1.0,101.79,101.8,101.56,219279188.3,152834415.0,219279188.3,2028-03-21,293.0,5.7,,,,37.9,2021-03-30,2020-06-03,1000.0,SUR,,5.6156,,2021-04-02,RUB
TQCB,2020-06-03,РСХБ 20,RU000A0JTVJ2,3.0,67768747.5,104.11,104.25,104.2,104.2,11.37,104.25,5.96,104.11,65006.0,104.2,104.2,104.2,147863222.0,142655722.0,147863222.0,2023-04-11,637.0,5.93,,,,41.39,2022-04-12,2020-06-03,1000.0,SUR,,5.9313,,2022-04-14,RUB
TQCB,2020-06-03,ДОМ.РФ25об,RU000A0JTW83,2.0,2025.8,101.29,101.29,101.29,101.29,0.17,101.29,-15.3,101.29,2.0,,,101.29,0.0,0.0,0.0,2026-10-01,28.0,-15.3,,,,0.25,2020-07-01,2020-06-03,1000.0,SUR,,-14.3644,,2020-07-03,RUB
TQCB,2020-06-03,ВерЦемЗав1,RU000A0JTWT9,1.0,930.0,93.0,93.0,93.0,93.0,0.4,93.0,8.79,93.0,1.0,,,93.0,0.0,0.0,0.0,2021-05-04,334.0,8.79,,,,1.25,,2020-06-03,1000.0,SUR,,,,,RUB
EQDB,2020-06-03,ОткрХОЛ 5,RU000A0JTX09,26.0,23272.0,1.8,2.3,2.3,2.3,,2.15,,2.17,1080.0,,1.91,2.3,0.0,501781.5,0.0,2028-04-25,2867.0,0.0,,,,0.02,,2020-06-03,1000.0,SUR,,,,,RUB
TQCB,2020-06-03,Роснефть06,RU000A0JTYL2,1.0,1065.0,106.5,106.5,106.5,106.5,0.19,106.5,4.7,106.5,1.0,,,106.5,0.0,0.0,0.0,2023-05-30,1006.0,4.7,,,,34.9,,2020-06-03,1000.0,SUR,,,,,RUB
TQCB,2020-06-03,Роснефть10,RU000A0JTYN8,1.0,1055.0,105.5,105.5,105.5,105.5,0.19,105.5,5.06,105.5,1.0,,103.22,105.5,0.0,507821.1,0.0,2023-05-30,1006.0,5.06,,,,34.9,,2020-06-03,1000.0,SUR,,,,,RUB
TQCB,2020-06-03,ДержаваБ01,RU000A0JU0B2,1.0,920.1,92.01,92.01,92.01,92.01,10.73,92.01,142.02,92.01,1.0,,,92.01,0.0,0.0,0.0,2023-07-10,37.0,142.02,,,,18.08,2020-07-10,2020-06-03,1000.0,SUR,,121.9325,,2020-07-14,RUB
TQCB,2020-06-03,УВЗ Б01,RU000A0JU0S6,1.0,3012.0,100.4,100.4,100.4,100.4,37.4,100.4,5.2,100.4,3.0,,100.43,100.4,0.0,519235.9,0.0,2020-07-09,36.0,5.2,,,,46.62,,2020-06-03,1000.0,SUR,,,4.8278,,RUB
TQCB,2020-06-03,УВЗ Б02,RU000A0JU0T4,13.0,82173.4,100.0,100.7,100.5,100.58,37.4,100.21,4.18,100.22,82.0,,100.34,100.58,0.0,515737.0,0.0,2020-07-09,36.0,7.17,,,,46.62,,2020-06-03,1000.0,SUR,,,3.8507,,RUB
TQCB,2020-06-03,Новсиб 6об,RU000A0JU1T2,3.0,1108.64,100.44,100.82,100.82,100.82,3.04,100.79,2.17,100.44,11.0,,100.5,100.82,0.0,590747.22,0.0,2020-07-22,49.0,2.39,,,,4.16,,2020-06-03,100.0,SUR,,,1.9359,,RUB
TQCB,2020-06-03,БелгОб2013,RU000A0JU286,11.0,19123.64,100.35,101.29,101.09,101.09,1.64,100.65,1.05,100.35,95.0,,100.82,101.09,0.0,1120886.0,0.0,2020-07-28,55.0,3.99,,,,4.14,,2020-06-03,200.0,SUR,,,0.9115,,RUB
TQCB,2020-06-03,СамарОбл 9,RU000A0JU2H5,109.0,748310.88,100.45,100.64,100.54,100.54,0.37,100.51,4.82,100.54,14890.0,100.51,100.51,100.54,748310.88,748310.88,748310.88,2020-07-31,58.0,5.01,,,,1.02,,2020-06-03,50.0,SUR,,,4.5971,,RUB
EQDB,2020-06-03,ОткрХОЛ 6,RU000A0JU2N3,23.0,12584.6,4.3,11.78,11.78,11.78,,7.11,,6.92,177.0,,,11.78,0.0,0.0,0.0,2028-07-27,2973.0,0.0,,,,0.01,,2020-06-03,1000.0,SUR,,,,,RUB
TQCB,2020-06-03,НижгорОбл9,RU000A0JU3B6,7.0,4680.06,100.59,100.7,100.7,100.7,3.46,100.65,4.78,100.69,31.0,,100.6,100.7,0.0,28158021.29,0.0,2020-08-26,84.0,5.0,,,,6.18,,2020-06-03,150.0,SUR,,,4.6112,,RUB
TQCB,2020-06-03,Удмуртия-7,RU000A0JU740,17.0,57231.63,100.8,101.09,100.9,100.9,1.27,100.94,4.66,100.8,567.0,,100.83,100.9,0.0,535230.7,0.0,2020-10-01,120.0,4.53,,,,3.71,,2020-06-03,100.0,SUR,,,4.5243,,RUB
TQCB,2020-06-03,ВТБ БО-43,RU000A0JU773,3.0,22070.0,100.11,100.5,100.5,100.32,12.45,100.32,1.35,100.11,22.0,,100.4,100.32,0.0,519076.1,0.0,2023-09-29,30.0,3.55,,,,18.57,2020-07-03,2020-06-03,1000.0,SUR,,0.9769,,2020-07-07,RUB
TQCB,2020-06-03,ОткрФКБ9,RU000A0JU872,2.0,4550.0,91.0,91.0,91.0,91.0,0.88,91.0,3.85,91.0,5.0,,,91.0,0.0,0.0,0.0,2023-11-11,1236.0,3.85,,,,5.04,,2020-06-03,1000.0,SUR,,,,,RUB
TQCB,2020-06-03,Хакас2013,RU000A0JU8R1,19.0,274058.14,101.27,101.47,101.27,101.28,1.1,101.28,5.28,101.28,1353.0,,101.29,101.28,0.0,661206.68,0.0,2020-10-27,144.0,5.26,,,,4.19,,2020-06-03,200.0,SUR,,,,,RUB
TQCB,2020-06-03,СтаврКрай2,RU000A0JU9G2,14.0,5780.77,101.4,101.49,101.4,101.4,0.66,101.42,4.81,101.49,57.0,,101.38,101.4,0.0,501652.53,0.0,2020-11-04,152.0,4.76,,,,2.04,,2020-06-03,100.0,SUR,,,,,RUB
TQCB,2020-06-03,ИРКУТ БО-4,RU000A0JUA45,3.0,558256.0,102.8,103.0,103.0,103.0,5.67,103.0,6.88,102.8,542.0,103.26,103.16,103.0,3556155.9,726245.3,3556155.9,2023-11-06,500.0,6.88,,,,44.88,2021-11-08,2020-06-03,1000.0,SUR,,6.8339,,2021-11-10,RUB
TQCB,2020-06-03,РСГ-ФинБ01,RU000A0JUAG0,1.0,1005.0,100.5,100.5,100.5,100.5,4.73,100.5,11.22,100.5,1.0,101.02,101.02,100.5,1418272.2,1418272.2,1418272.2,2025-11-11,339.0,11.22,,,,57.34,2021-05-18,2020-06-03,1000.0,SUR,,11.1218,,2021-05-20,RUB
TQCB,2020-06-03,ОВК Фин01,RU000A0JUBD5,18.0,151922.1,94.0,101.0,100.0,100.0,1.65,100.61,8.76,97.0,151.0,,94.94,100.0,0.0,561122.1,0.0,2021-11-24,175.0,7.39,,,,42.78,2020-11-25,2020-06-03,1000.0,SUR,,,,,RUB
TQCB,2020-06-03,РоснефтьБ5,RU000A0JUCS1,1.0,1054.7,105.47,105.47,105.47,105.47,30.97,105.47,2.99,105.47,1.0,,99.92,105.47,0.0,892311.1,0.0,2023-12-11,525.0,2.99,,,,33.16,2021-12-13,2020-06-03,1000.0,SUR,,2.9634,,2021-12-15,RUB
TQCB,2020-06-03,ОткрФКББ08,RU000A0JUFQ8,7.0,21046.3,89.65,95.57,95.57,95.57,,91.51,,93.57,23.0,,95.68,95.57,0.0,598961.0,0.0,2021-03-26,296.0,0.0,,,,0.5,,2020-06-03,1000.0,SUR,,,,,RUB
TQCB,2020-06-03,ИАВ 3 А,RU000A0JUJE6,1.0,21.72,90.0,90.0,90.0,90.0,0.05,90.0,477.46,90.0,1.0,,,90.0,0.0,0.0,0.0,2046-10-26,23.0,477.46,,,,0.18,2020-06-26,2020-06-03,24.13,SUR,,,,,RUB
TQCB,2020-06-03,ГПБ БО-08,RU000A0JUMH3,1.0,1004.0,100.4,100.4,100.4,100.4,1.47,100.4,4.05,100.4,1.0,,99.83,100.4,0.0,3734460.6,0.0,2024-05-23,173.0,4.05,,,,24.55,2020-11-23,2020-06-03,1000.0,SUR,,4.494,,2021-05-25,RUB
TQCB,2020-06-03,Оренб35002,RU000A0JUPE3,13.0,18270.8,100.85,103.49,102.2,102.2,3.57,102.36,4.87,103.49,119.0,,101.62,102.2,0.0,580145.94,0.0,2021-06-14,130.0,4.42,,,,4.11,,2020-06-03,150.0,SUR,,,,,RUB
TQCB,2020-06-03,ГПБ БО-09,RU000A0JUQ39,3.0,148851.0,99.9,99.9,99.9,99.9,27.27,99.9,7.86,99.9,149.0,99.92,99.96,99.9,752425.1,732701.0,752425.1,2024-06-27,24.0,7.86,,,,31.39,2020-06-27,2020-06-03,1000.0,SUR,,6.7433,,2020-06-30,RUB
TQCB,2020-06-03,БелгОб2014,RU000A0JUQB7,115.0,1145543.96,105.15,105.35,105.29,105.34,1.05,105.33,5.56,105.15,21751.0,105.33,105.33,105.34,1145543.96,1145543.96,1145543.96,2021-06-21,361.0,5.52,,,,1.33,,2020-06-03,50.0,SUR,,,,,RUB
TQCB,2020-06-03,АшинМЗ БО1,RU000A0JUQC5,90.0,402594.3,81.84,82.89,82.18,82.19,34.61,82.16,,82.89,490.0,,82.18,82.19,0.0,615490.9,0.0,2024-06-17,19.0,0.0,,,,38.64,2020-06-22,2020-06-03,1000.0,SUR,,,,,RUB
TQCB,2020-06-03,ВТБ БО-26,RU000A0JUQE1,33.0,156334.1,100.1,100.35,100.33,100.33,15.76,100.21,2.04,100.1,156.0,,100.22,100.33,0.0,500078.0,0.0,2020-06-23,20.0,4.26,,,,20.19,,2020-06-03,1000.0,SUR,,,1.6293,,RUB
TQCB,2020-06-03,Якут 35006,RU000A0JUQH4,8.0,9916.68,102.84,103.6,103.6,103.6,3.87,103.3,3.68,103.23,48.0,,103.04,103.6,0.0,533143.3,0.0,2021-07-02,202.0,4.21,,,,5.04,,2020-06-03,200.0,SUR,,,,,RUB
TQCB,2020-06-03,СамарОбл10,RU000A0JUQP7,64.0,145603.0,102.71,102.94,102.81,102.82,2.55,102.83,5.11,102.71,944.0,,102.9,102.82,0.0,506279.53,0.0,2021-07-01,205.0,5.07,,,,3.74,,2020-06-03,150.0,SUR,,,,,RUB
TQCB,2020-06-03,Стржилинв1,RU000A0JUQW3,4.0,7350.0,91.0,92.0,92.0,91.88,,91.88,,92.0,8.0,,,91.88,0.0,0.0,0.0,2022-07-06,738.0,0.0,,,,31.66,,2020-06-03,1000.0,SUR,,,,,RUB
EQDB,2020-06-03,ОткрХОЛБО3,RU000A0JURM2,1.0,0.1,0.01,0.01,0.01,0.01,350.32,0.01,,0.01,1.0,,,0.01,0.0,0.0,0.0,2027-07-14,49.0,0.0,,,,366.99,2020-07-22,2020-06-03,1000.0,SUR,,,,,RUB
TQCB,2020-06-03,ПЕРЕСВЕТБ2,RU000A0JUT85,1.0,400.0,20.0,20.0,20.0,20.0,15.27,20.0,12.1,20.0,2.0,,17.62,20.0,0.0,511515.2,0.0,2034-08-04,5175.0,12.1,,,,87.58,,2020-06-03,1000.0,SUR,,,28.5772,,RUB
TQCB,2020-06-03,АльфаБО-14,RU000A0JUUA1,2.0,2048.4,101.39,103.45,101.39,101.39,18.76,102.42,7.2,103.45,2.0,,101.35,101.39,0.0,853362.1,0.0,2029-08-30,442.0,6.32,,,,41.14,2021-09-09,2020-06-03,1000.0,SUR,,7.1176,,2021-09-13,RUB
TQCB,2020-06-03,ГПБ БО-10,RU000A0JUV08,1.0,2000.0,100.0,100.0,100.0,100.0,13.02,100.0,6.96,100.0,2.0,,99.05,100.0,0.0,500192.9,0.0,2024-09-26,115.0,6.96,,,,34.73,2020-09-26,2020-06-03,1000.0,SUR,,6.9437,,2021-03-30,RUB
TQCB,2020-06-03,ПромсвбБО8,RU000A0JUVG6,7.0,100978.3,98.86,99.04,99.04,99.04,9.18,99.0,6.31,99.04,102.0,99.36,99.43,99.04,4458133.7,1342363.9,4458133.7,2021-03-28,294.0,6.36,,,,25.21,,2020-06-03,1000.0,SUR,,,,,RUB
TQCB,2020-06-03,РСХБ БО14,RU000A0JUW72,2.0,72828200.0,103.3,103.45,103.45,103.45,11.76,103.45,5.94,103.3,70400.0,103.06,103.3,103.45,425882231.8,205298971.0,425882231.8,2024-09-30,783.0,5.94,,,,18.45,2022-10-03,2020-06-03,1000.0,SUR,,5.9131,,2022-10-05,RUB
EQDB,2020-06-03,ОткрХОЛБО4,RU000A0JUWV3,8.0,2094.6,3.36,6.99,6.99,6.99,,6.76,,3.36,31.0,,,6.99,0.0,0.0,0.0,2027-09-30,2668.0,0.0,,,,0.05,,2020-06-03,1000.0,SUR,,,,,RUB
TQCB,2020-06-03,ОткрФКББ05,RU000A0JV1D5,1.0,2923.5,97.45,97.45,97.45,97.45,0.0,97.45,5.33,97.45,3.0,,93.21,97.45,0.0,502384.2,0.0,2020-12-02,182.0,5.33,,,,0.05,,2020-06-03,1000.0,SUR,,,5.2581,,RUB
TQCB,2020-06-03,РоснфтБО3,RU000A0JV1X3,2.0,34497.1,114.99,115.0,115.0,115.0,46.61,114.99,5.66,114.99,30.0,114.47,114.47,115.0,67400010.0,67400010.0,67400010.0,2024-11-28,1340.0,5.66,,,,46.87,,2020-06-03,1000.0,SUR,,,,,RUB
TQCB,2020-06-03,ЛенОбл2014,RU000A0JV2J0,3.0,1881.36,104.52,104.52,104.52,104.52,5.98,104.52,6.75,104.52,9.0,,,104.52,0.0,0.0,0.0,2021-12-07,263.0,6.75,,,,6.41,,2020-06-03,200.0,SUR,,,,,RUB
TQCB,2020-06-03,ВТБ БО-30,RU000A0JV3Q3,11.0,81335.0,101.41,101.8,101.8,101.8,14.28,101.67,5.61,101.5,80.0,,101.85,101.8,0.0,1070454.7,0.0,2024-12-13,449.0,5.72,,,,17.33,2021-09-17,2020-06-03,1000.0,SUR,,5.5481,,2021-09-21,RUB
TQCB,2020-06-03,ОткрФКББ07,RU000A0JV573,4.0,24698.0,90.0,92.99,90.0,90.0,0.04,91.47,6.76,92.99,27.0,,89.9,90.0,0.0,1023092.5,0.0,2022-01-13,589.0,5.69,,,,0.05,,2020-06-03,1000.0,SUR,,,,,RUB
TQCB,2020-06-03,ВЭБлизБ04,RU000A0JV8D0,2.0,4030.0,100.0,101.0,100.0,100.75,18.56,100.75,5.86,101.0,4.0,,99.4,100.75,0.0,547677.2,0.0,2025-01-31,242.0,4.69,,,,28.87,2021-02-05,2020-06-03,1000.0,SUR,,5.719,,2021-02-10,RUB
TQCB,2020-06-03,ВЭБлизБ06,RU000A0JV9D8,1.0,1068.5,106.85,106.85,106.85,106.85,21.45,106.85,6.3,106.85,1.0,,102.82,106.85,0.0,500710.6,0.0,2025-02-18,1451.0,6.3,,,,39.44,,2020-06-03,1000.0,SUR,,,,,RUB
TQCB,2020-06-03,ГТЛК БО-04,RU000A0JVA10,2.0,4140.0,103.5,103.5,103.5,103.5,18.15,103.5,6.95,103.5,4.0,103.5,103.5,103.5,13993121.0,12121911.0,13993121.0,2025-03-06,1045.0,6.95,,,,19.9,2023-09-07,2020-06-03,1000.0,SUR,,6.9176,,2023-09-12,RUB
TQCB,2020-06-03,ИАМлторг1А,RU000A0JVB35,1.0,242.13,105.0,105.0,105.0,105.0,0.77,105.0,-13.15,105.0,1.0,,,105.0,0.0,0.0,0.0,2047-08-20,78.0,-13.15,,,,5.09,2020-08-20,2020-06-03,230.6,SUR,,,,,RUB
TQCB,2020-06-03,ОткрФКББ14,RU000A0JVBS1,3.0,14126.4,93.71,94.21,93.71,93.71,0.0,94.18,6.88,94.2,15.0,,93.68,93.71,0.0,502131.8,0.0,2021-05-26,357.0,6.33,,,,0.05,,2020-06-03,1000.0,SUR,,,,,RUB
TQCB,2020-06-03,ЗенитБО-09,RU000A0JVBX1,2.0,6850.3,97.01,99.99,99.99,99.99,11.89,97.86,7.11,97.01,7.0,,99.43,99.99,0.0,545895.7,0.0,2025-03-27,120.0,14.27,,,,34.9,2020-10-01,2020-06-03,1000.0,SUR,,6.8222,,2020-10-05,RUB
TQCB,2020-06-03,РусГидро09,RU000A0JVD25,3.0,3115.4,102.14,104.7,104.7,104.7,8.84,103.85,5.78,104.7,3.0,,104.42,104.7,0.0,501233.4,0.0,2025-04-15,957.0,6.11,,,,37.4,2023-04-18,2020-06-03,1000.0,SUR,,5.7596,,2023-04-21,RUB
EQDB,2020-06-03,ОткрХОЛБО2,RU000A0JVDR9,4.0,705.7,6.22,6.64,6.23,6.23,0.01,6.42,42.27,6.64,11.0,,,6.23,0.0,0.0,0.0,2028-04-20,2870.0,41.72,,,,0.05,,2020-06-03,1000.0,SUR,,,,,RUB
TQCB,2020-06-03,Финанс-М 1,RU000A0JVE65,7.0,235981.9,44.99,45.9,45.1,45.1,35.29,45.03,,45.9,524.0,,48.08,45.1,0.0,546244.0,0.0,2030-06-12,21.0,0.0,,,,39.89,2020-06-24,2020-06-03,1000.0,SUR,,,,,RUB
TQCB,2020-06-03,РостелБО-1,RU000A0JVFC6,1.0,1068.0,106.8,106.8,106.8,106.8,2.47,106.8,5.8,106.8,1.0,,106.48,106.8,0.0,510016.3,0.0,2025-05-16,1551.0,5.8,,,,37.4,,2020-06-03,1000.0,SUR,,,,,RUB
TQCB,2020-06-03,ТрансФБО39,RU000A0JVHH1,2.0,2058.9,102.9,102.99,102.9,102.9,64.73,102.95,10.69,102.99,2.0,,103.03,102.9,0.0,520313.1,0.0,2025-06-04,338.0,10.63,,,,67.32,2021-06-09,2020-06-03,1000.0,SUR,,10.4316,,2021-06-17,RUB
TQCB,2020-06-03,СамарОбл11,RU000A0JVK00,10.0,913584.44,100.39,100.45,100.39,100.39,6.45,100.42,2.92,100.45,3639.0,100.42,100.42,100.39,913584.44,913584.44,913584.44,2020-06-18,15.0,2.2,,,,7.73,,2020-06-03,250.0,SUR,,,2.0316,,RUB
TQCB,2020-06-03,ВЭБлизБ03,RU000A0JVKC6,1.0,100.7,100.7,100.7,100.7,100.7,5.81,100.7,0.34,100.7,1.0,,,100.7,0.0,0.0,0.0,2020-06-23,20.0,0.34,,,,6.53,,2020-06-03,100.0,SUR,,-0.342,-0.3426,2020-06-23,RUB
TQCB,2020-06-03,КОМИ 12 об,RU000A0JVKF9,35.0,1449381.04,104.96,105.0,105.0,105.0,15.38,105.0,5.55,104.99,3451.0,105.0,105.0,105.0,1449381.04,1449381.04,1449381.04,2021-06-23,298.0,5.55,,,,23.14,,2020-06-03,400.0,SUR,,,,,RUB
TQCB,2020-06-03,БелгОб2015,RU000A0JVL33,20.0,115924.07,100.47,101.05,100.51,100.51,2.22,100.89,5.67,101.04,1149.0,,100.66,100.51,0.0,2211470.45,0.0,2020-06-30,27.0,0.53,,,,3.15,,2020-06-03,100.0,SUR,,,5.1306,,RUB
TQCB,2020-06-03,БалтЛизБО3,RU000A0JVLH3,1.0,1375.0,110.0,110.0,110.0,110.0,2.87,110.0,4.03,110.0,10.0,,,110.0,0.0,0.0,0.0,2021-07-01,366.0,4.03,,,,4.21,,2020-06-03,125.0,SUR,,,,,RUB
TQCB,2020-06-03,Оренб35003,RU000A0JVM81,62.0,677149.4,125.32,126.7,125.61,125.7,21.1,126.1,4.98,125.32,537.0,126.1,126.1,125.7,677149.4,677149.4,677149.4,2025-07-03,955.0,4.82,,,,34.9,,2020-06-03,1000.0,SUR,,,,,RUB
TQCB,2020-06-03,ПолюсБ2,RU000A0JVM99,15.0,166606.6,107.01,107.54,107.51,107.51,48.4,107.49,5.02,107.44,155.0,,107.48,107.51,0.0,571808.7,0.0,2025-07-03,371.0,5.04,,,,60.33,2021-07-08,2020-06-03,1000.0,SUR,,4.9137,,2021-07-15,RUB
TQCB,2020-06-03,ПолюсБ3,RU000A0JVMB4,21.0,73736.0,106.17,107.08,107.0,107.03,48.4,106.86,5.5,106.9,69.0,,107.17,107.03,0.0,596920.2,0.0,2025-07-03,371.0,5.63,,,,60.33,2021-07-08,2020-06-03,1000.0,SUR,,5.3768,,2021-07-15,RUB
TQCB,2020-06-03,ПолюсБ1,RU000A0JVMD0,11.0,178228.5,107.07,107.5,107.1,107.1,48.4,107.37,5.4,107.5,166.0,,107.58,107.1,0.0,599220.0,0.0,2025-07-03,371.0,5.15,,,,60.33,2021-07-08,2020-06-03,1000.0,SUR,,5.2856,,2021-07-15,RUB
TQCB,2020-06-03,Лента БО-3,RU000A0JVP05,4.0,73130.0,101.0,101.6,101.6,101.6,24.83,101.57,4.78,101.0,72.0,,100.85,101.6,0.0,1565222.6,0.0,2025-07-24,233.0,4.83,,,,36.15,2021-01-28,2020-06-03,1000.0,SUR,,4.673,,2021-02-01,RUB
EQDB,2020-06-03,ОткрХОЛБО1,RU000A0JVPJ0,52.0,175262.6,18.0,39.0,24.91,23.93,38.45,29.71,,24.0,590.0,,,23.93,0.0,0.0,0.0,2025-08-05,69.0,0.0,,,,61.93,2020-08-11,2020-06-03,1000.0,SUR,,83404.4333,,2020-08-13,RUB
TQCB,2020-06-03,НижгорОб10,RU000A0JVPR3,10.0,695444.46,101.58,101.63,101.58,101.58,1.0,101.63,5.03,101.62,2281.0,101.63,101.63,101.58,695444.46,695444.46,695444.46,2020-08-23,81.0,4.8,,,,9.09,,2020-06-03,300.0,SUR,,,4.7885,,RUB
TQCB,2020-06-03,ВЭБ.РФ Б05,RU000A0JVQA7,19.0,588074.6,100.6,102.85,100.88,100.88,3.28,100.87,5.12,100.88,583.0,100.87,100.87,100.88,588074.6,588074.6,588074.6,2020-08-20,78.0,5.17,,,,22.94,,2020-06-03,1000.0,SUR,,,4.9045,,RUB
TQCB,2020-06-03,ЕвропланБ2,RU000A0JVQT7,11.0,298661.9,100.81,100.91,100.89,100.89,2.12,100.9,8.06,100.91,296.0,,100.9,100.89,0.0,500441.9,0.0,2021-08-23,427.0,8.05,,,,21.44,,2020-06-03,1000.0,SUR,,,,,RUB
TQCB,2020-06-03,БалтЛизБО2,RU000A0JVRM0,1.0,920.0,92.0,92.0,92.0,92.0,9.86,92.0,16.03,92.0,2.0,,,92.0,0.0,0.0,0.0,2021-09-02,428.0,16.03,,,,9.97,,2020-06-03,500.0,SUR,,,,,RUB
TQCB,2020-06-03,Удмурт2015,RU000A0JVSY3,55.0,898254.77,102.44,102.54,102.45,102.45,20.11,102.49,5.34,102.44,1252.0,102.49,102.49,102.45,898254.77,898254.77,898254.77,2020-09-17,103.0,5.19,,,,24.08,,2020-06-03,700.0,SUR,,,,,RUB
TQCB,2020-06-03,ВлгОб35006,RU000A0JVU65,14.0,604217.46,101.73,101.83,101.75,101.75,2.65,101.76,4.97,101.83,2375.0,101.76,101.76,101.75,604217.46,604217.46,604217.46,2020-10-30,94.0,4.93,,,,7.32,,2020-06-03,250.0,SUR,,,,,RUB
TQCB,2020-06-03,Новсиб 7об,RU000A0JVUD3,5.0,3568.02,108.1,108.17,108.1,108.1,13.16,108.12,4.83,108.16,6.0,,107.27,108.1,0.0,572276.19,0.0,2022-10-10,370.0,4.81,,,,17.36,,2020-06-03,550.0,SUR,,,,,RUB
TQCB,2020-06-03,Хакас2015,RU000A0JVUH4,59.0,1489787.14,102.3,102.5,102.49,102.49,3.62,102.4,5.26,102.38,7274.0,102.4,102.4,102.49,1489787.14,1489787.14,1489787.14,2020-10-11,127.0,5.52,,,,6.18,,2020-06-03,200.0,SUR,,,,,RUB
TQCB,2020-06-03,СистемБ1P1,RU000A0JVUK8,24.0,208462.0,105.23,105.79,105.23,105.24,15.23,105.28,6.78,105.79,198.0,,105.53,105.24,0.0,525557.6,0.0,2025-09-30,623.0,6.75,,,,48.62,2022-04-05,2020-06-03,1000.0,SUR,,6.7391,,2022-04-08,RUB
TQCB,2020-06-03,Мордовия02,RU000A0JVV49,41.0,544852.35,102.75,103.34,102.95,102.95,5.54,103.07,5.61,102.84,1762.0,103.07,103.07,102.95,544852.35,544852.35,544852.35,2020-10-14,130.0,5.27,,,,10.28,,2020-06-03,300.0,SUR,,,,,RUB
TQCB,2020-06-03,iРОСНАНО 6,RU000A0JVVA7,1.0,11440.0,114.4,114.4,114.4,114.4,16.44,114.4,5.96,114.4,10.0,114.39,114.4,114.4,2704176.5,2108326.5,2704176.5,2022-10-13,769.0,5.96,,,,62.33,,2020-06-03,1000.0,SUR,,,,,RUB
TQCB,2020-06-03,Волгогр 08,RU000A0JVVR1,65.0,639795.76,102.96,103.42,103.11,103.11,1.93,103.06,5.27,103.02,3104.0,103.06,103.06,103.11,639795.76,639795.76,639795.76,2020-10-19,136.0,5.4,,,,6.75,,2020-06-03,200.0,SUR,,,,,RUB
TQCB,2020-06-03,РСХБ БО9,RU000A0JVWB3,1.0,5150000.0,103.0,103.0,103.0,103.0,7.67,103.0,5.99,103.0,5000.0,,103.03,103.0,0.0,6503164.4,0.0,2025-10-17,956.0,5.99,,,,17.45,2023-04-21,2020-06-03,1000.0,SUR,,5.961,,2023-04-25,RUB
TQCB,2020-06-03,ГТЛК БО-06,RU000A0JVWJ6,3.0,60002.1,101.69,101.7,101.7,101.7,9.61,101.7,5.22,101.69,59.0,101.69,101.69,101.7,5167002.0,5158890.0,5167002.0,2025-10-20,143.0,5.22,,,,23.64,2020-10-26,2020-06-03,1000.0,SUR,,5.0505,,2020-10-29,RUB
TQCB,2020-06-03,ОГК2 Б1P1R,RU000A0JVYN4,1.0,1009.0,100.9,100.9,100.9,100.9,2.86,100.9,4.99,100.9,1.0,,100.47,100.9,0.0,502334.2,0.0,2020-11-17,167.0,4.99,,,,34.65,,2020-06-03,1000.0,SUR,,,4.8807,,RUB
TQCB,2020-06-03,КАМАЗ БО-4,RU000A0JVZC4,2.0,2025.0,101.25,101.25,101.25,101.25,1.89,101.25,5.01,101.25,2.0,101.24,101.24,101.25,2211041.1,2209024.6,2211041.1,2020-11-23,173.0,5.01,,,,38.15,,2020-06-03,1000.0,SUR,,,4.8971,,RUB
TQCB,2020-06-03,АтомэнпБО8,RU000A0JW175,5.0,979558.0,111.9,112.99,112.0,112.0,50.48,112.98,8.52,112.2,867.0,112.46,112.59,112.0,4401601.0,1956815.0,4401601.0,2025-12-12,1524.0,8.3,,,,55.35,,2020-06-03,1000.0,SUR,,,,,RUB
TQCB,2020-06-03,iРОСНАНО 7,RU000A0JW1G7,13.0,346215.5,115.25,115.85,115.5,115.5,57.99,115.41,6.16,115.25,300.0,,115.82,115.5,0.0,5152799.0,0.0,2022-12-16,789.0,6.19,,,,63.58,,2020-06-03,1000.0,SUR,,,,,RUB
TQCB,2020-06-03,ТомскОб 55,RU000A0JW1K9,1.0,1060.1,106.01,106.01,106.01,106.01,19.53,106.01,5.85,106.01,1.0,,107.34,106.01,0.0,500194.0,0.0,2023-06-19,519.0,5.85,,,,24.68,,2020-06-03,1000.0,SUR,,,,,RUB
TQCB,2020-06-03,ГТЛК БО-07,RU000A0JW1P8,6.0,14304519.0,101.4,101.49,101.4,101.4,15.85,101.44,5.68,101.49,14102.0,101.44,101.44,101.4,14320663.7,14320663.7,14320663.7,2025-12-16,197.0,5.6,,,,20.32,2020-12-22,2020-06-03,1000.0,SUR,,5.5517,,2020-12-25,RUB
TQCB,2020-06-03,НорНик БО5,RU000A0JW5C7,226.0,3823501.2,119.4,119.79,119.54,119.54,34.96,119.6,7.46,119.79,3197.0,119.6,119.6,119.54,3823501.2,3823501.2,3823501.2,2026-02-06,1578.0,7.45,,,,57.84,,2020-06-03,1000.0,SUR,,,,,RUB
TQCB,2020-06-03,МЕТАЛИНБ02,RU000A0JWBF6,2.0,10402.5,104.0,104.25,104.25,104.25,21.3,104.03,5.52,104.0,10.0,104.15,104.16,104.25,8989851.0,6478970.0,8989851.0,2026-03-17,284.0,5.8,,,,54.6,2021-03-23,2020-06-03,1000.0,SUR,,5.4281,,2021-03-26,RUB
TQCB,2020-06-03,ЕврХол1P1R,RU000A0JWBH2,16.0,158807.1,105.14,105.38,105.38,105.38,24.51,105.17,5.71,105.37,151.0,,105.28,105.38,0.0,1447646.1,0.0,2021-03-23,283.0,5.97,,,,62.83,,2020-06-03,1000.0,SUR,,,,,RUB
TQCB,2020-06-03,СИБУРХол10,RU000A0JWBK6,3.0,11459.5,104.1,104.65,104.1,104.1,20.42,104.18,5.27,104.65,11.0,,104.41,104.1,0.0,541882.4,0.0,2026-03-17,284.0,5.17,,,,52.36,2021-03-23,2020-06-03,1000.0,SUR,,5.1804,,2021-03-26,RUB
TQCB,2020-06-03,РЖД БО-07,RU000A0JWC82,2.0,11296.0,102.69,102.7,102.69,102.69,13.12,102.69,5.53,102.7,11.0,102.7,102.7,102.69,1673945.4,1519897.4,1673945.4,2026-03-25,464.0,5.53,,,,37.9,2021-09-29,2020-06-03,1000.0,SUR,,5.4394,,2021-10-06,RUB
TQCB,2020-06-03,ТМК БО-5,RU000A0JWCM0,11.0,2366524.4,101.03,101.28,101.03,101.04,13.81,101.22,5.99,101.04,2338.0,101.22,101.22,101.04,2366524.4,2366524.4,2366524.4,2026-04-01,126.0,5.42,,,,44.88,2020-10-07,2020-06-03,1000.0,SUR,,5.6518,,2020-10-13,RUB
TQCB,2020-06-03,РУСАЛБрБ01,RU000A0JWDN6,8.0,81640.7,93.7,93.97,93.72,93.72,0.01,93.84,7.84,93.96,87.0,93.81,93.84,93.72,706368.3,588369.1,706368.3,2026-04-07,314.0,7.68,,,,0.05,2021-04-13,2020-06-03,1000.0,SUR,,7.7907,,2021-04-15,RUB
TQCB,2020-06-03,ТранснфБО5,RU000A0JWEB9,5.0,12489.2,104.0,104.15,104.0,104.0,13.28,104.08,5.37,104.15,12.0,,104.08,104.0,0.0,508957.3,0.0,2026-04-09,307.0,5.27,,,,50.36,2021-04-15,2020-06-03,1000.0,SUR,,5.2702,,2021-04-19,RUB
TQCB,2020-06-03,ПромсвбБП1,RU000A0JWEU9,7.0,521411.7,103.48,104.49,103.5,103.5,12.24,103.66,6.07,103.48,503.0,103.49,103.5,103.5,2962920.9,2332925.6,2962920.9,2021-04-19,311.0,5.88,,,,50.61,,2020-06-03,1000.0,SUR,,,,,RUB
TQCB,2020-06-03,МиратФБО-6,RU000A0JWF22,19.0,1143893.2,102.45,102.5,102.48,102.48,10.08,102.5,6.37,102.45,1116.0,102.5,102.5,102.48,1143893.2,1143893.2,1143893.2,2021-04-23,316.0,6.34,,,,45.87,,2020-06-03,1000.0,SUR,,,,,RUB
TQCB,2020-06-03,ИКС5ФинБО6,RU000A0JWG05,1.0,10600.0,106.0,106.0,106.0,106.0,7.87,106.0,5.82,106.0,10.0,,104.32,106.0,0.0,523692.4,0.0,2023-04-27,808.0,5.82,,,,42.13,2022-10-27,2020-06-03,1000.0,SUR,,5.7817,,2022-10-31,RUB
TQCB,2020-06-03,БашнфтБО6,RU000A0JWGC2,52.0,9096821.5,108.01,108.3,108.3,108.3,8.36,108.3,8.97,108.3,8400.0,108.3,108.3,108.3,9096821.5,9096821.5,9096821.5,2026-04-29,1440.0,8.97,,,,54.35,2025-04-30,2020-06-03,1000.0,SUR,,8.9373,,2025-05-07,RUB
TQCB,2020-06-03,БашнфтБО8,RU000A0JWGD0,7.0,31852.0,101.1,111.0,111.0,111.0,8.36,109.83,8.3,110.0,29.0,,112.33,111.0,0.0,542549.5,0.0,2026-04-29,1442.0,8.59,,,,54.35,2025-04-30,2020-06-03,1000.0,SUR,,8.2676,,2025-05-07,RUB
TQCB,2020-06-03,ЯрОбл 2016,RU000A0JWHN7,1.0,14321.92,111.89,111.89,111.89,111.89,2.63,111.89,2.95,111.89,16.0,,107.17,111.89,0.0,876185.52,0.0,2023-05-19,599.0,2.95,,,,19.95,,2020-06-03,800.0,SUR,,,,,RUB
TQCB,2020-06-03,РЖД БО-17,RU000A0JWHU2,2.0,170778.4,127.0,127.88,127.88,127.45,3.24,127.45,6.39,127.0,134.0,123.71,123.72,127.45,3783104.1,3688050.9,3783104.1,2041-04-26,2701.0,6.43,,,,49.12,2031-05-09,2020-06-03,1000.0,SUR,,6.3782,,2031-05-14,RUB
TQCB,2020-06-03,ПионерБО2,RU000A0JWK66,5.0,5122.2,85.37,85.37,85.37,85.37,0.02,85.37,17.15,85.37,6.0,,,85.37,0.0,0.0,0.0,2021-06-03,365.0,17.15,,,,0.02,,2020-06-03,1000.0,SUR,,,,,RUB
TQCB,2020-06-03,ТрнфБО1P1,RU000A0JWK90,7.0,2783746.9,110.85,112.1,112.01,112.01,48.82,110.86,5.57,112.1,2511.0,110.86,110.86,112.01,3013221.3,3008782.9,3013221.3,2023-06-02,939.0,5.98,,,,49.36,,2020-06-03,1000.0,SUR,,,,,RUB
TQCB,2020-06-03,БелгОб2016,RU000A0JWKB6,4.0,401584.0,102.95,102.99,102.97,102.97,22.85,102.97,5.14,102.99,390.0,102.5,102.97,102.97,1006518.9,518960.0,1006518.9,2021-06-08,224.0,5.14,,,,24.46,,2020-06-03,1000.0,SUR,,,,,RUB
EQDB,2020-06-03,СТТ 01,RU000A0JWKY8,85.0,174828.3,14.01,18.8,16.0,15.94,77.32,16.35,,18.8,1069.0,,13.66,15.94,0.0,509506.4,0.0,2021-06-20,17.0,0.0,,,,85.23,2020-06-20,2020-06-03,1000.0,SUR,,,,2020-06-24,RUB
TQCB,2020-06-03,НижгорОб11,RU000A0JWLD0,3.0,5395.0,107.9,107.9,107.9,107.9,13.76,107.9,5.61,107.9,5.0,,107.74,107.9,0.0,504228.4,0.0,2023-06-22,597.0,5.61,,,,25.55,,2020-06-03,1000.0,SUR,,,,,RUB
TQCB,2020-06-03,ЛнССМУБ1P1,RU000A0JWLG3,17.0,175287.45,102.0,102.3,102.3,102.3,13.82,102.29,7.7,102.29,306.0,,102.3,102.3,0.0,1034607.45,0.0,2021-06-17,192.0,7.72,,,,16.54,,2020-06-03,560.0,SUR,,,,,RUB
TQCB,2020-06-03,РСГ-ФинБ10,RU000A0JWLJ7,4.0,41574.3,103.93,103.94,103.94,103.94,65.95,103.94,10.66,103.93,40.0,,102.05,103.94,0.0,529642.3,0.0,2021-06-18,345.0,10.66,,,,72.3,,2020-06-03,1000.0,SUR,,,,,RUB
TQCB,2020-06-03,ТинькоффБ7,RU000A0JWM31,31.0,168186.2,101.01,101.44,101.38,101.36,32.44,101.32,6.12,101.43,166.0,,101.22,101.36,0.0,502045.9,0.0,2021-06-24,367.0,6.18,,,,36.9,,2020-06-03,1000.0,SUR,,,,,RUB
TQCB,2020-06-03,АВТОБАН-Ф1,RU000A0JWM49,34.0,955877.8,102.11,103.13,102.8,102.8,48.22,102.45,8.34,103.12,933.0,102.45,102.45,102.8,955877.8,955877.8,955877.8,2021-06-24,359.0,8.7,,,,54.85,,2020-06-03,1000.0,SUR,,,,,RUB
TQCB,2020-06-03,СамарОбл12,RU000A0JWM56,3.0,10886.2,108.86,108.87,108.87,108.87,17.96,108.86,6.07,108.87,10.0,,110.81,108.87,0.0,17125838.8,0.0,2024-06-21,850.0,6.07,,,,24.03,,2020-06-03,1000.0,SUR,,,,,RUB
TQCB,2020-06-03,РН БАНК 01,RU000A0JWMJ5,1.0,1007.0,100.7,100.7,100.7,100.7,26.15,100.7,5.86,100.7,1.0,,100.67,100.7,0.0,22906991.0,0.0,2021-07-09,384.0,5.86,,,,32.34,,2020-06-03,1000.0,SUR,,,,,RUB
TQCB,2020-06-03,МОСТРЕСТ 7,RU000A0JWN63,13.0,25936.7,102.03,103.98,103.01,103.01,35.73,103.75,7.81,102.03,25.0,,104.03,103.01,0.0,1827737.5,0.0,2026-07-07,694.0,7.42,,,,46.12,2022-07-12,2020-06-03,1000.0,SUR,,7.7821,,2022-07-14,RUB
TQCB,2020-06-03,МОСТРЕСТ 8,RU000A0JWN89,6.0,15661.9,104.21,104.88,104.88,104.88,36.35,104.41,6.84,104.22,15.0,,104.62,104.88,0.0,502180.8,0.0,2026-07-29,400.0,7.26,,,,55.6,2021-08-04,2020-06-03,1000.0,SUR,,6.7805,,2021-08-06,RUB
TQCB,2020-06-03,РосбанкБ26,RU000A0JWNB0,1.0,966.5,96.65,96.65,96.65,96.65,27.53,96.65,10.99,96.65,1.0,,,96.65,0.0,0.0,0.0,2026-07-21,393.0,10.99,,,,37.4,2021-07-21,2020-06-03,1000.0,SUR,,10.9169,,2021-07-23,RUB
TQOD,2020-06-03,ВЭБ ПБО1Р3,RU000A0JWNE4,6.0,12347.01,102.5001,103.0,102.7,102.7,18.66,102.8918,2.44,102.5001,12.0,103.0274,102.9311,102.7,2720238.92,1354347.24,2720238.92,2021-07-15,394.0,2.27,,,,24.43,,2020-06-03,1000.0,USD,,,,,USD
TQCB,2020-06-03,МОЭСК БО-6,RU000A0JWNK1,1.0,1012.5,101.25,101.25,101.25,101.25,34.9,101.25,0.5,101.25,1.0,,100.98,101.25,0.0,599849.5,0.0,2026-07-16,50.0,0.5,,,,48.12,2020-07-23,2020-06-03,1000.0,SUR,,0.2982,,2020-07-27,RUB
TQCB,2020-06-03,ПИК БО-7,RU000A0JWP46,11.0,68175.6,102.62,103.48,103.27,103.27,29.56,103.3,7.15,103.48,66.0,,103.42,103.27,0.0,547113.4,0.0,2026-07-24,715.0,7.14,,,,43.38,2022-07-29,2020-06-03,1000.0,SUR,,7.0989,,2022-08-03,RUB
TQCB,2020-06-03,АльфаБО-16,RU000A0JWPV3,1.0,201903.0,103.54,103.54,103.54,103.54,25.22,103.54,5.62,103.54,195.0,,103.79,103.54,0.0,501301.7,0.0,2031-07-24,571.0,5.62,,,,38.89,2022-02-03,2020-06-03,1000.0,SUR,,5.5735,,2022-02-07,RUB
TQCB,2020-06-03,ТКБ-С04,RU000A0JWQ45,44.0,289532.8,102.1,110.5,105.79,105.02,43.97,104.15,11.45,110.5,278.0,,103.73,105.02,0.0,522795.4,0.0,2022-02-14,550.0,12.56,,,,74.79,,2020-06-03,1000.0,SUR,,,,,RUB
TQCB,2020-06-03,ГазпрнефБ1,RU000A0JWRE5,4.0,188433.6,103.86,105.4,103.86,103.86,25.5,105.27,6.16,105.39,179.0,,104.93,103.86,0.0,802707.3,0.0,2046-07-24,424.0,4.96,,,,46.87,2021-08-24,2020-06-03,1000.0,SUR,,6.1114,,2021-08-26,RUB
TQCB,2020-06-03,ГазпрнефБ4,RU000A0JWRF2,1.0,3162.0,105.4,105.4,105.4,105.4,25.5,105.4,4.85,105.4,3.0,,104.86,105.4,0.0,501233.1,0.0,2046-07-24,424.0,4.85,,,,46.87,2021-08-24,2020-06-03,1000.0,SUR,,4.8114,,2021-08-26,RUB
TQCB,2020-06-03,ТранснфБО6,RU000A0JWS92,1.0,1082.5,108.25,108.25,108.25,108.25,23.44,108.25,5.41,108.25,1.0,108.03,107.98,108.25,11256108.6,6809039.9,11256108.6,2026-08-25,745.0,5.41,,,,46.37,2022-08-30,2020-06-03,1000.0,SUR,,5.385,,2022-09-01,RUB
TQCB,2020-06-03,Мордовия03,RU000A0JWSQ7,70.0,1402239.23,104.61,104.85,104.76,104.76,19.97,104.77,5.83,104.85,1912.0,104.77,104.77,104.76,1402239.23,1402239.23,1402239.23,2021-09-03,284.0,5.81,,,,20.42,,2020-06-03,700.0,SUR,,,,,RUB
TQCB,2020-06-03,ГТЛК БО-08,RU000A0JWST1,3.0,12602.0,105.0,105.2,105.0,105.0,25.85,105.02,7.0,105.2,12.0,105.27,105.27,105.0,7382274.5,7382274.5,7382274.5,2026-09-01,434.0,6.98,,,,55.35,2021-09-07,2020-06-03,1000.0,SUR,,6.9314,,2021-09-10,RUB
TQCB,2020-06-03,ТамбовОбл2,RU000A0JWT75,1.0,1079.5,107.95,107.95,107.95,107.95,18.41,107.95,5.41,107.95,1.0,,106.66,107.95,0.0,501281.9,0.0,2023-09-20,659.0,5.41,,,,23.93,,2020-06-03,1000.0,SUR,,,,,RUB
TQCB,2020-06-03,Удмурт2016,RU000A0JWT91,1.0,2487.6,124.38,124.38,124.38,124.38,19.37,124.38,5.71,124.38,2.0,123.13,123.62,124.38,1280543.1,911083.9,1280543.1,2026-09-19,1645.0,5.71,,,,26.3,,2020-06-03,1000.0,SUR,,,,,RUB
TQCB,2020-06-03,ТрансКонБ2,RU000A0JWTH4,1.0,774.38,103.25,103.25,103.25,103.25,14.68,103.25,5.17,103.25,1.0,101.16,102.17,103.25,1633548.41,616875.78,1633548.41,2021-09-16,280.0,5.17,,,,35.15,,2020-06-03,750.0,SUR,,,,,RUB
TQCB,2020-06-03,ПочтаРосБ3,RU000A0JWTL6,1.0,2113.6,105.68,105.68,105.68,105.68,15.62,105.68,5.66,105.68,2.0,,103.7,105.68,0.0,103798754.5,0.0,2026-09-10,1073.0,5.66,,,,37.4,2023-09-14,2020-06-03,1000.0,SUR,,5.6289,,2023-09-19,RUB
TQCB,2020-06-03,ЛСР БО 1Р1,RU000A0JWU98,10.0,160413.78,103.01,103.23,103.23,103.23,12.37,103.23,6.73,103.23,259.0,,103.02,103.23,0.0,561233.34,0.0,2021-09-22,280.0,6.73,,,,16.08,,2020-06-03,600.0,SUR,,,,,RUB
TQCB,2020-06-03,ИКС5Фин1P1,RU000A0JWUD1,5.0,21103.9,100.49,100.5,100.49,100.49,13.8,100.49,7.22,100.5,21.0,,99.12,100.49,0.0,573927.6,0.0,2031-09-11,932.0,7.22,,,,36.4,2023-03-23,2020-06-03,1000.0,SUR,,7.184,,2023-03-28,RUB
TQCB,2020-06-03,СберБ БО37,RU000A0JWUE9,23.0,2060700.1,104.49,105.0,105.0,105.0,16.47,104.76,5.35,105.0,1967.0,104.76,104.76,105.0,2060700.1,2060700.1,2060700.1,2021-09-30,461.0,5.54,,,,46.63,,2020-06-03,1000.0,SUR,,,,,RUB
TQCB,2020-06-03,Новсиб2016,RU000A0JWUV3,4.0,13521.51,102.23,130.88,111.12,127.29,10.79,125.2,-4.88,102.23,12.0,,109.52,127.29,0.0,500496.12,0.0,2021-10-03,293.0,-18.14,,,,20.04,,2020-06-03,900.0,SUR,,,,,RUB
TQCB,2020-06-03,РСХБ 08Т1,RU000A0JWV63,87.0,4130673.8,132.29,133.18,132.89,132.89,24.6,132.44,7.73,133.14,3119.0,132.44,132.44,132.89,4130673.8,4130673.8,4130673.8,,1663.0,7.81,,,,71.05,2026-09-23,2020-06-03,1000.0,SUR,,,,,RUB
TQCB,2020-06-03,Акрон Б1P1,RU000A0JWV89,1.0,1014.4,101.44,101.44,101.44,101.44,16.22,101.44,5.1,101.44,1.0,101.54,101.54,101.44,4986478.2,4986478.2,4986478.2,2026-09-24,120.0,5.1,,,,47.62,2020-10-01,2020-06-03,1000.0,SUR,,4.8249,,2020-10-06,RUB
TQCB,2020-06-03,ТрнфБО1P4,RU000A0JWVC1,7.0,65146173.2,108.34,108.4,108.4,108.4,15.8,108.24,5.47,108.34,60098.0,108.4,108.4,108.4,65151573.2,65151573.2,65151573.2,2022-09-29,774.0,5.54,,,,46.37,,2020-06-03,1000.0,SUR,,,,,RUB
TQCB,2020-06-03,ЕвропланБ7,RU000A0JWVL2,4.0,4007.5,100.1,100.3,100.3,100.25,13.27,100.19,8.41,100.1,4.0,,100.7,100.25,0.0,508727012.8,0.0,2026-09-29,467.0,8.51,,,,42.38,2021-10-05,2020-06-03,1000.0,SUR,,8.3448,,2021-10-08,RUB
TQCB,2020-06-03,РЕСОЛизБ05,RU000A0JWVT5,2.0,25645.6,102.44,106.0,102.44,102.58,18.64,102.58,10.86,106.0,25.0,,,102.58,0.0,0.0,0.0,2026-10-02,461.0,10.75,,,,62.83,2021-10-08,2020-06-03,1000.0,SUR,,,,,RUB
TQCB,2020-06-03,ПКБ БО-01,RU000A0JWWG0,60.0,307891.8,101.16,101.25,101.25,101.25,11.59,101.21,13.82,101.2,507.0,,101.23,101.25,0.0,516264.3,0.0,2021-10-15,254.0,13.89,,,,22.44,,2020-06-03,600.0,SUR,,,,,RUB
TQCB,2020-06-03,РГ Лиз 01,RU000A0JWWX5,11.0,41780.6,97.49,100.02,97.49,99.48,10.11,99.48,16.5,99.5,42.0,,99.62,99.48,0.0,703286.0,0.0,2021-10-21,141.0,10.62,,,,44.88,2020-10-22,2020-06-03,1000.0,SUR,,,,,RUB
TQCB,2020-06-03,ОмскОб2016,RU000A0JWX87,4.0,22844.2,103.13,103.89,103.85,103.85,9.17,103.84,5.22,103.13,22.0,,103.52,103.85,0.0,506208.8,0.0,2021-11-01,335.0,5.23,,,,23.19,,2020-06-03,1000.0,SUR,,,,,RUB
TQCB,2020-06-03,КрасЯрКр12,RU000A0JWXF0,12.0,593301915.0,107.1,108.73,108.45,108.45,9.35,107.23,5.01,108.73,553970.0,107.1,107.1,108.45,593301915.0,593301915.0,593301915.0,2023-10-25,643.0,5.68,,,,48.62,,2020-06-03,1000.0,SUR,,,,,RUB
TQCB,2020-06-03,Хакас2016,RU000A0JWXQ7,254.0,11080142.5,112.0,112.89,112.69,112.69,10.9,112.33,6.3,112.48,9864.0,112.33,112.33,112.69,11080142.5,11080142.5,11080142.5,2023-11-02,806.0,6.45,,,,29.17,,2020-06-03,1000.0,SUR,,,,,RUB
TQCB,2020-06-03,СтаврКрай3,RU000A0JWY29,4.0,5395.9,107.01,109.28,107.01,107.01,7.79,107.92,5.97,107.01,5.0,,108.52,107.01,0.0,565392.8,0.0,2023-11-07,643.0,5.46,,,,24.43,,2020-06-03,1000.0,SUR,,,,,RUB
TQCB,2020-06-03,ПолиплБ03,RU000A0JWYK8,13.0,86026.1,97.7,98.0,97.7,97.7,4.63,97.76,12.53,98.0,88.0,,97.97,97.7,0.0,676947.3,0.0,2021-11-05,156.0,12.36,,,,32.41,2020-11-06,2020-06-03,1000.0,SUR,,,,,RUB
TQCB,2020-06-03,СистемБ1P4,RU000A0JWYQ5,11.0,457908.0,101.52,101.74,101.52,101.52,6.98,101.53,6.22,101.53,451.0,,101.53,101.52,0.0,602066.4,0.0,2026-10-30,156.0,6.19,,,,48.87,2020-11-06,2020-06-03,1000.0,SUR,,5.9631,,2020-11-11,RUB
TQCB,2020-06-03,СвердлОб3,RU000A0JWZ77,1.0,1104.0,110.4,110.4,110.4,110.4,3.22,110.4,5.28,110.4,1.0,,109.2,110.4,0.0,506672.7,0.0,2024-11-15,810.0,5.28,,,,24.43,,2020-06-03,1000.0,SUR,,,,,RUB
TQCB,2020-06-03,СистемБ1P5,RU000A0JWZY6,20.0,4567333.2,100.0,101.08,101.0,100.9,2.25,100.65,6.71,100.9,4538.0,100.65,100.65,100.9,4567333.2,4567333.2,4567333.2,2026-11-13,1204.0,6.82,,,,17.08,2024-02-16,2020-06-03,1000.0,SUR,,6.6786,,2024-02-21,RUB
TQCB,2020-06-03,Автодор1P1,RU000A0JX009,9.0,289194.3,102.1,102.2,102.1,102.1,3.37,102.19,5.69,102.2,283.0,102.2,102.19,102.1,15696008.5,514034.3,15696008.5,2020-11-20,170.0,5.49,,,,51.11,,2020-06-03,1000.0,SUR,,,5.5444,,RUB
TQCB,2020-06-03,МосОбл2016,RU000A0JX0B9,19.0,87999.9,108.01,109.65,109.63,109.63,2.12,108.64,5.36,108.21,81.0,,108.27,109.63,0.0,572735.9,0.0,2023-11-21,784.0,5.81,,,,24.06,,2020-06-03,1000.0,SUR,,,,,RUB
TQCB,2020-06-03,ЯНАО-2016,RU000A0JX0Z8,34.0,72913.5,101.01,105.52,105.5,105.47,0.0,104.76,5.09,105.36,116.0,,105.4,105.47,0.0,503372.1,0.0,2023-12-06,460.0,5.68,,,,14.02,,2020-06-03,600.0,SUR,,,,,RUB
TQCB,2020-06-03,ДОМ.РФ Б-5,RU000A0JX2R1,1.0,1004.4,100.44,100.44,100.44,100.44,12.64,100.44,5.69,100.44,1.0,,100.19,100.44,0.0,4180922.3,0.0,2049-12-22,281.0,5.69,,,,15.33,2021-03-19,2020-06-03,1000.0,SUR,,5.592,,2021-03-23,RUB
TQCB,2020-06-03,КалинОбл16,RU000A0JX2S9,2.0,220216.4,106.9,106.94,106.9,106.9,21.58,106.9,5.22,106.94,206.0,,106.83,106.9,0.0,502094.2,0.0,2021-12-17,455.0,5.22,,,,26.18,,2020-06-03,1000.0,SUR,,,,,RUB
TQCB,2020-06-03,ИркОбл2016,RU000A0JX314,2.0,23367.36,104.11,104.84,104.11,104.11,14.6,104.32,5.73,104.84,28.0,104.11,104.14,104.11,3279014.24,733977.44,3279014.24,2021-12-25,407.0,5.54,,,,18.45,,2020-06-03,800.0,SUR,,,,,RUB
TQCB,2020-06-03,Роснфт1P2,RU000A0JX355,4.0,126507174.7,105.42,105.97,105.75,105.75,42.71,105.42,5.52,105.97,120003.0,105.42,105.42,105.75,132137659.1,126634779.1,132137659.1,2026-12-11,516.0,5.74,,,,46.82,2021-12-17,2020-06-03,1000.0,SUR,,5.4543,,2021-12-22,RUB
TQCB,2020-06-03,ЛидерИнБП1,RU000A0JX3A5,17.0,338453.6,100.3,101.2,101.2,101.06,35.28,100.43,5.79,100.37,337.0,,100.44,101.06,0.0,502185.8,0.0,2021-12-21,195.0,7.26,,,,39.64,2020-12-22,2020-06-03,1000.0,SUR,,5.6641,,2020-12-25,RUB
TQCB,2020-06-03,ЧТПЗ 1P1,RU000A0JX439,3.0,154560.0,102.6,103.15,103.15,103.15,47.12,103.04,5.01,102.6,150.0,102.78,102.78,103.15,638265.7,638265.7,638265.7,2020-12-24,195.0,5.22,,,,53.6,,2020-06-03,1000.0,SUR,,,,,RUB
TQCB,2020-06-03,ВЭБ ПБО1Р5,RU000A0JX4Q9,1.0,1062.9,106.29,106.29,106.29,106.29,42.25,106.29,5.52,106.29,1.0,,105.35,106.29,0.0,506753.1,0.0,2021-12-17,516.0,5.52,,,,48.13,,2020-06-03,1000.0,SUR,,,,,RUB
TQCB,2020-06-03,АльфаБО-18,RU000A0JX5W4,28.0,125974.3,100.59,100.99,100.61,100.8,24.04,100.78,6.34,100.99,125.0,,100.7,100.8,0.0,20857428.5,0.0,2032-01-05,875.0,6.26,,,,32.41,2023-01-16,2020-06-03,1000.0,SUR,,6.3176,,2023-01-18,RUB
TQCB,2020-06-03,ТрнфБО1P5,RU000A0JXC24,3.0,13352.5,111.25,111.5,111.25,111.25,31.42,111.0,5.87,111.5,12.0,,110.77,111.25,0.0,1391295.1,0.0,2024-01-26,1139.0,5.94,,,,46.12,,2020-06-03,1000.0,SUR,,,,,RUB
TQCB,2020-06-03,ГТЛК 1P-03,RU000A0JXE06,30.0,2490963.3,112.74,113.05,112.88,112.88,8.14,112.97,7.17,112.97,2205.0,112.97,112.97,112.88,2490963.3,2490963.3,2490963.3,2032-01-22,1126.0,7.14,,,,27.42,2024-02-01,2020-06-03,1000.0,SUR,,7.1373,,2024-02-06,RUB
TQCB,2020-06-03,МТС 001P-1,RU000A0JXEV5,16.0,143273.7,105.0,105.6,105.48,105.48,28.85,105.15,5.6,105.57,136.0,,105.28,105.48,0.0,552729.3,0.0,2022-02-04,567.0,5.8,,,,44.88,,2020-06-03,1000.0,SUR,,,,,RUB
TQCB,2020-06-03,ГазпромКБ5,RU000A0JXFS8,53.0,1782536.4,109.9,111.23,110.49,110.49,27.31,110.47,5.78,111.23,1614.0,110.44,110.44,110.49,1782536.4,1782536.4,1782536.4,2027-02-03,1157.0,5.78,,,,44.38,2024-02-07,2020-06-03,1000.0,SUR,,5.7536,,2024-02-12,RUB
TQCB,2020-06-03,ПЕРЕСВ С01,RU000A0JXGV0,4.0,24592.75,13.0,13.0,13.0,13.0,,13.0,,13.0,575.0,,,13.0,0.0,0.0,0.0,2032-02-14,4273.0,0.0,,,,25.17,,2020-06-03,329.0,SUR,,,,,RUB
TQCB,2020-06-03,ЧТПЗ 1P2,RU000A0JXHE4,11.0,47791.4,105.76,106.45,106.3,106.07,29.95,106.2,5.96,106.45,45.0,,105.72,106.07,0.0,1544599.2,0.0,2022-02-10,569.0,6.02,,,,49.12,,2020-06-03,1000.0,SUR,,,,,RUB
TQCB,2020-06-03,ПИК БО-П01,RU000A0JXK40,123.0,2466167.8,99.9,100.15,100.1,100.09,19.46,100.09,7.02,100.07,2464.0,100.09,100.09,100.09,2466167.8,2466167.8,2466167.8,2022-02-25,86.0,7.06,,,,36.9,2020-08-28,2020-06-03,1000.0,SUR,,,,,RUB
TQCB,2020-06-03,ИНГР БО-01,RU000A0JXLM9,3.0,22043.9,100.19,100.2,100.2,100.2,17.7,100.2,7.87,100.2,22.0,,100.12,100.2,0.0,552637.6,0.0,2022-03-17,106.0,7.87,,,,42.38,2020-09-17,2020-06-03,1000.0,SUR,,,,,RUB
TQCB,2020-06-03,ОткрФКБОП3,RU000A0JXLR8,7.0,203915.0,100.06,101.0,101.0,101.0,11.05,100.45,6.1,100.65,203.0,100.46,100.46,101.0,532430.5,532430.5,532430.5,2023-04-10,958.0,6.32,,,,32.26,,2020-06-03,1000.0,SUR,,,,,RUB
TQCB,2020-06-03,ТрнфБО1P6,RU000A0JXM97,44.0,15004497.2,102.65,103.24,103.0,103.0,17.26,103.0,5.2,103.24,14568.0,103.0,103.0,103.0,15004497.2,15004497.2,15004497.2,2021-03-24,286.0,5.2,,,,44.88,,2020-06-03,1000.0,SUR,,,,,RUB
EQDB,2020-06-03,СТТ 02,RU000A0JXMB0,6.0,1522.3,12.68,18.99,18.97,18.97,17.81,13.84,,12.68,11.0,,,18.97,0.0,0.0,0.0,2022-03-30,117.0,0.0,,,,49.86,2020-09-28,2020-06-03,1000.0,SUR,,201.3068,,2022-03-30,RUB
TQCB,2020-06-03,ЧТПЗ 1P3,RU000A0JXME4,5.0,14510.2,111.43,111.98,111.8,111.8,18.34,111.62,6.33,111.43,13.0,111.81,111.85,111.8,17586211.2,11403107.5,17586211.2,2024-03-21,1171.0,6.39,,,,24.18,,2020-06-03,1000.0,SUR,,,,,RUB
TQCB,2020-06-03,МТС 001P-2,RU000A0JXMH7,10.0,42261.7,102.72,103.1,102.72,102.72,16.73,103.08,5.42,103.1,41.0,,102.92,102.72,0.0,697767.1,0.0,2021-03-25,287.0,4.96,,,,44.13,,2020-06-03,1000.0,SUR,,,,,RUB
TQCB,2020-06-03,РСХБ БО 1P,RU000A0JXMQ8,8.0,609929.6,101.25,101.33,101.33,101.33,17.7,101.32,5.17,101.25,602.0,101.26,101.3,101.33,41166736.4,768892.1,41166736.4,2020-09-25,114.0,5.21,,,,47.37,,2020-06-03,1000.0,SUR,,,5.0017,,RUB
TQCB,2020-06-03,РЖД Б01P1R,RU000A0JXN05,42.0,1455637.0,107.32,108.34,108.2,108.2,0.24,107.98,5.76,108.34,1348.0,107.98,107.98,108.2,1455637.0,1455637.0,1455637.0,2032-05-18,988.0,5.84,,,,43.38,2023-05-30,2020-06-03,1000.0,SUR,,5.7365,,2023-06-02,RUB
TQCB,2020-06-03,РСГ-ФинБ7,RU000A0JXN13,16.0,45880.7,101.22,101.98,101.98,101.98,20.05,101.96,11.05,101.96,45.0,,101.43,101.98,0.0,525417.4,0.0,2022-04-01,608.0,11.06,,,,59.84,,2020-06-03,1000.0,SUR,,,,,RUB
TQCB,2020-06-03,СистемБ1P6,RU000A0JXN21,23.0,217191.1,103.81,104.08,104.0,104.01,14.87,103.92,6.64,103.82,209.0,,103.95,104.01,0.0,1181862.6,0.0,2027-03-26,623.0,6.69,,,,44.38,2022-04-01,2020-06-03,1000.0,SUR,,6.58,,2022-04-06,RUB
TQCB,2020-06-03,ВСК 01P-01,RU000A0JXNB8,3.0,3090.8,102.89,103.2,102.89,102.89,16.16,103.03,6.85,103.2,3.0,,100.12,102.89,0.0,508597.1,0.0,2022-04-05,298.0,6.68,,,,51.61,2021-04-06,2020-06-03,1000.0,SUR,,6.7504,,2021-04-09,RUB
TQCB,2020-06-03,Газпнф1P1R,RU000A0JXNF9,4.0,4249.8,105.99,106.5,105.99,105.99,13.35,106.25,5.31,106.5,4.0,,105.36,105.99,0.0,1717309.2,0.0,2022-04-06,629.0,5.16,,,,43.38,,2020-06-03,1000.0,SUR,,,,,RUB
TQCB,2020-06-03,ГПБ БО-16,RU000A0JXP45,7.0,916474.2,101.3,101.45,101.3,101.38,11.53,101.38,5.65,101.45,904.0,101.43,101.43,101.38,3986262.3,3985250.8,3986262.3,2024-04-18,137.0,5.43,,,,45.88,2020-10-18,2020-06-03,1000.0,SUR,,5.5011,,2020-10-20,RUB
TQCB,2020-06-03,ТМК БО-6,RU000A0JXPD9,17.0,4069110.4,101.56,102.0,101.78,101.78,9.42,101.93,6.73,101.57,3992.0,101.93,101.93,101.78,4069110.4,4069110.4,4069110.4,2027-04-13,483.0,6.61,,,,39.89,2021-10-19,2020-06-03,1000.0,SUR,,6.6353,,2021-10-25,RUB
TQCB,2020-06-03,ГТЛК 1P-04,RU000A0JXPG2,46.0,840520.6,107.1,107.93,107.6,107.6,11.6,107.35,7.09,107.93,783.0,107.35,107.35,107.6,840520.6,840520.6,840520.6,2032-04-06,922.0,7.19,,,,24.56,2023-04-18,2020-06-03,1000.0,SUR,,7.0637,,2023-04-21,RUB
TQCB,2020-06-03,ЛСР БО 1Р2,RU000A0JXPM0,131.0,2841434.0,102.51,103.0,102.8,102.8,8.88,102.83,7.21,102.66,3454.0,102.83,102.83,102.8,2841434.0,2841434.0,2841434.0,2022-04-20,390.0,7.18,,,,19.25,,2020-06-03,800.0,SUR,,,,,RUB
EQDB,2020-06-03,СТТ 03,RU000A0JXPT5,7.0,1234.2,15.26,23.99,15.26,15.26,,17.63,,15.26,7.0,,,15.26,0.0,0.0,0.0,2022-04-27,693.0,0.0,,,,,,2020-06-03,1000.0,SUR,,,,2022-04-27,RUB
TQCB,2020-06-03,Калаш БП1,RU000A0JXPU3,68.0,3060670.8,104.01,105.25,104.84,104.52,10.22,104.64,6.43,105.25,2925.0,104.64,104.64,104.52,3060670.8,3060670.8,3060670.8,2022-04-21,642.0,6.54,,,,45.38,,2020-06-03,1000.0,SUR,,,,,RUB
TQCB,2020-06-03,ФПК 1P-01,RU000A0JXQ28,1.0,5350.0,107.0,107.0,107.0,107.0,9.88,107.0,5.69,107.0,5.0,106.64,106.54,107.0,89320952.2,47274812.2,89320952.2,2027-04-15,799.0,5.69,,,,43.88,2022-10-20,2020-06-03,1000.0,SUR,,5.6519,,2022-10-25,RUB
TQCB,2020-06-03,РЖД Б01P2R,RU000A0JXQ44,8.0,34358.0,113.5,114.9,114.5,114.5,9.55,103.58,5.65,114.9,30.0,113.56,113.56,114.5,608667.5,602993.0,608667.5,2037-04-02,1724.0,7.88,,,,42.38,2026-04-16,2020-06-03,1000.0,SUR,,5.631,,2026-04-21,RUB
TQCB,2020-06-03,АВТОБФ БП1,RU000A0JXQ51,5.0,65723.2,100.99,101.2,101.2,101.11,10.14,101.11,6.14,100.99,65.0,,101.73,101.11,0.0,542196.7,0.0,2024-04-19,142.0,6.38,,,,46.12,2020-10-23,2020-06-03,1000.0,SUR,,8.6458,,2022-04-27,RUB
TQCB,2020-06-03,Тинькофф1R,RU000A0JXQ85,148.0,1264584.3,101.91,102.34,102.0,102.0,9.75,102.15,6.64,101.92,1238.0,102.15,102.15,102.0,1264584.3,1264584.3,1264584.3,2022-04-22,316.0,6.46,,,,44.38,2021-04-23,2020-06-03,1000.0,SUR,,6.5299,,2021-04-27,RUB
TQCB,2020-06-03,ПИК БО-П02,RU000A0JXQ93,127.0,1032169.76,103.5,103.65,103.55,103.64,8.38,103.61,7.92,103.55,1465.0,103.61,103.61,103.64,1032169.76,1032169.76,1032169.76,2022-04-22,365.0,7.86,,,,19.07,,2020-06-03,680.0,SUR,,,,,RUB
TQCB,2020-06-03,ТрнфБО1P7,RU000A0JXQD7,4.0,156306.7,101.33,101.5,101.5,101.5,8.39,101.5,4.98,101.33,154.0,101.35,101.34,101.5,647594.7,637457.2,647594.7,2020-10-28,147.0,4.98,,,,43.63,,2020-06-03,1000.0,SUR,,,4.8513,,RUB
TQCB,2020-06-03,О'КЕЙ-Б01Р,RU000A0JXQH8,39.0,591814.0,102.5,103.12,102.72,102.72,8.9,102.92,6.58,102.51,575.0,102.92,102.92,102.72,591814.0,591814.0,591814.0,2021-04-29,318.0,6.34,,,,23.81,,2020-06-03,1000.0,SUR,,,,,RUB
TQCB,2020-06-03,ТелХолПБО3,RU000A0JXQJ4,37.0,4072947.2,101.25,101.8,101.8,101.8,9.92,101.65,6.15,101.8,4007.0,101.65,101.65,101.8,4072947.2,4072947.2,4072947.2,2020-10-29,148.0,6.53,,,,53.1,,2020-06-03,1000.0,SUR,,,5.97,,RUB
TQCB,2020-06-03,Роснфт1P4,RU000A0JXQK2,40.0,12693722.0,107.31,107.65,107.6,107.6,8.06,107.56,5.84,107.31,11802.0,107.56,107.56,107.6,12693722.0,12693722.0,12693722.0,2027-04-22,956.0,5.86,,,,43.13,2023-04-27,2020-06-03,1000.0,SUR,,5.807,,2023-05-03,RUB
TQCB,2020-06-03,МОЭСК БО10,RU000A0JXR50,2.0,11930100.0,104.65,104.65,104.65,104.65,4.68,104.65,6.06,104.65,11400.0,104.58,104.58,104.65,23864297.9,23863307.7,23864297.9,2027-05-06,666.0,6.06,,,,42.63,2022-05-12,2020-06-03,1000.0,SUR,,6.0166,,2022-05-16,RUB
TQCB,2020-06-03,ПочтаРБ1P2,RU000A0JXRD5,2.0,2065.0,102.5,104.0,102.5,103.25,3.51,103.25,5.9,104.0,2.0,,103.21,103.25,0.0,540805.9,0.0,2027-05-11,342.0,5.09,,,,42.63,2021-05-18,2020-06-03,1000.0,SUR,,5.8291,,2021-05-21,RUB
TQCB,2020-06-03,СамолетБП1,RU000A0JXRF0,4.0,2564.65,102.21,103.15,103.15,103.15,2.47,102.59,9.99,102.21,5.0,,102.62,103.15,0.0,1359257.1,0.0,2022-05-17,490.0,10.43,,,,14.96,,2020-06-03,500.0,SUR,,,,,RUB
TQCB,2020-06-03,АльфаБО-20,RU000A0JXRV7,10.0,85922.4,99.9,100.03,99.9,99.9,1.27,99.91,5.99,100.02,86.0,,99.98,99.9,0.0,501877.4,0.0,2032-05-11,351.0,5.98,,,,28.92,2021-05-25,2020-06-03,1000.0,SUR,,5.942,,2021-05-27,RUB
TQCB,2020-06-03,СберБ БО19,RU000A0JXRW5,16.0,2575868.1,102.5,102.89,102.7,102.7,0.91,102.5,5.53,102.51,2513.0,102.5,102.5,102.7,2575868.1,2575868.1,2575868.1,2027-05-30,354.0,5.74,,,,41.84,2021-05-30,2020-06-03,1000.0,SUR,,5.4636,,2021-06-02,RUB
TQCB,2020-06-03,КТЖФинанс1,RU000A0JXS34,30.0,764758.6,104.5,104.89,104.72,104.72,42.19,104.62,6.31,104.89,731.0,104.62,104.62,104.72,764758.6,764758.6,764758.6,2022-06-07,663.0,6.37,,,,43.63,,2020-06-03,1000.0,SUR,,,,,RUB
TQCB,2020-06-03,ПочтаРБ1P3,RU000A0JXS59,5.0,459374.0,100.3,100.3,100.3,100.3,1.15,100.3,5.98,100.3,458.0,100.49,100.39,100.3,33360631.9,613353.1,33360631.9,2027-05-19,1009.0,5.98,,,,29.92,2023-05-24,2020-06-03,1000.0,SUR,,5.9434,,2023-05-29,RUB
TQCB,2020-06-03,ЯрОбл 2017,RU000A0JXS83,3.0,11530.2,110.28,115.86,110.28,110.28,8.28,115.3,6.21,115.86,10.0,,111.32,110.28,0.0,6355290.3,0.0,2027-04-20,1579.0,5.13,,,,20.94,,2020-06-03,1000.0,SUR,,,,,RUB
TQCB,2020-06-03,ВлгОб35007,RU000A0JXSD3,20.0,778419.3,106.5,107.0,106.98,106.98,21.21,106.93,5.86,106.5,728.0,106.93,106.93,106.98,778419.3,778419.3,778419.3,2024-06-02,931.0,5.88,,,,22.19,,2020-06-03,1000.0,SUR,,,,,RUB
TQCB,2020-06-03,Акрон Б1P2,RU000A0JXSS1,3.0,281520.0,103.5,103.5,103.5,103.5,0.24,103.5,6.2,103.5,272.0,103.64,103.7,103.5,2349526.6,623258.6,2349526.6,2027-05-25,523.0,6.2,,,,42.88,2021-11-30,2020-06-03,1000.0,SUR,,6.1559,,2021-12-03,RUB
TQCB,2020-06-03,БелугаБП1,RU000A0JXTB5,5.0,1042941.5,103.15,103.16,103.16,103.16,45.81,103.16,6.91,103.15,1011.0,103.05,103.08,103.16,1260264.8,1151437.6,1260264.8,2022-06-07,422.0,6.91,,,,47.37,,2020-06-03,1000.0,SUR,,,,,RUB
TQCB,2020-06-03,ГПБ БО-13,RU000A0JXTF6,39.0,3285907.3,100.13,100.15,100.15,100.15,40.76,100.15,3.6,100.15,3281.0,100.15,100.15,100.15,3285907.3,3285907.3,3285907.3,2020-06-14,11.0,3.6,,,,43.37,,2020-06-03,1000.0,SUR,,,2.7691,,RUB
EQDB,2020-06-03,ОткрХОЛБП1,RU000A0JXTG4,2.0,799.8,39.58,40.4,40.4,40.4,327.77,39.99,,39.58,2.0,,,40.4,0.0,0.0,0.0,2032-05-26,7.0,0.0,,,,330.09,2020-06-10,2020-06-03,1000.0,SUR,,,,,RUB
TQCB,2020-06-03,КаркадеБ03,RU000A0JXTH2,36.0,234433.0,100.0,100.14,100.01,100.01,2.7,100.06,13.71,100.0,2693.0,,100.07,100.01,0.0,504409.97,0.0,2020-06-10,7.0,10.87,,,,2.93,,2020-06-03,87.0,SUR,,,10.5333,,RUB
TQCB,2020-06-03,ОткрФКББП3,RU000A0JXTN0,26.0,65181.9,100.26,100.3,100.29,100.29,117.17,100.28,4.18,100.3,65.0,,100.34,100.29,0.0,502708.7,0.0,2020-06-17,14.0,4.42,,,,121.83,,2020-06-03,1000.0,SUR,,,3.3043,,RUB
TQCB,2020-06-03,РусГидрБП5,RU000A0JXTQ3,52.0,3646734.3,100.11,100.18,100.13,100.13,38.87,100.13,2.85,100.11,3642.0,100.13,100.13,100.13,3646734.3,3646734.3,3646734.3,2020-06-12,9.0,2.85,,,,40.89,,2020-06-03,1000.0,SUR,,,1.9491,,RUB
TQCB,2020-06-03,БелгОб2017,RU000A0JXTW1,2.0,3172.2,105.74,105.74,105.74,105.74,17.63,105.74,6.08,105.74,3.0,,106.93,105.74,0.0,1246839.5,0.0,2024-06-11,889.0,6.08,,,,20.57,,2020-06-03,1000.0,SUR,,,,,RUB
TQOD,2020-06-03,RUS-47,RU000A0JXU14,1.0,274500.0,137.25,137.25,137.25,137.25,4666.6667,137.255,3.16,137.25,1.0,,134.5686,137.25,0.0,248208402.67,0.0,2047-06-23,,3.16,,,,5250.0,,2020-06-03,200000.0,USD,,,,,USD
TQCB,2020-06-03,ВЭБ ПБО1Р8,RU000A0JXU48,1.0,70362.76,102.0,102.0,102.0,102.0,1341.72,102.0,3.45,102.0,1.0,,99.0173,102.0,0.0,959299.74,0.0,2022-12-15,,3.45,,,,21.19,,2020-06-03,1000.0,SUR,,,,,USD
TQCB,2020-06-03,ВЭБ ПБО1Р9,RU000A0JXU71,84.0,6554980.1,103.08,103.8,103.5,103.5,39.79,103.39,5.32,103.8,6340.0,103.39,103.39,103.5,6554980.1,6554980.1,6554980.1,2021-06-18,358.0,5.43,,,,43.63,,2020-06-03,1000.0,SUR,,,,,RUB
TQCB,2020-06-03,РСХБ БО 2P,RU000A0JXUC1,28.0,11616130.2,102.9,103.15,102.99,102.99,38.63,102.95,5.75,103.1,11283.0,102.95,102.95,102.99,11616130.2,11616130.2,11616130.2,2021-06-21,361.0,5.79,,,,43.13,,2020-06-03,1000.0,SUR,,,,,RUB
TQCB,2020-06-03,КОМИ 14 об,RU000A0JXUD9,3.0,11500.0,115.0,115.0,115.0,115.0,16.34,115.0,4.02,115.0,10.0,,107.72,115.0,0.0,705549.6,0.0,2024-06-25,1160.0,4.02,,,,20.94,,2020-06-03,1000.0,SUR,,,,,RUB
TQCB,2020-06-03,СИНХФБО1P1,RU000A0JXVE5,6.0,225806.0,104.0,104.5,104.5,104.5,36.09,103.99,6.66,104.0,217.0,104.95,104.94,104.5,3681506.6,3648806.4,3681506.6,2022-07-05,690.0,6.93,,,,44.38,,2020-06-03,1000.0,SUR,,,,,RUB
TQCB,2020-06-03,ДелПорт1P1,RU000A0JXVG0,7.0,27100.9,103.5,105.45,103.99,103.99,38.12,104.23,7.43,103.5,26.0,,104.01,103.99,0.0,506539.9,0.0,2022-07-05,686.0,7.3,,,,46.87,,2020-06-03,1000.0,SUR,,,,,RUB
TQCB,2020-06-03,РоссетБ1Р1,RU000A0JXVM8,6.0,86091.8,104.99,104.99,104.99,104.99,32.6,104.99,5.67,104.99,82.0,,104.5,104.99,0.0,508926.3,0.0,2022-07-07,698.0,5.67,,,,40.64,,2020-06-03,1000.0,SUR,,,,,RUB
TQCB,2020-06-03,ПИК БО-П03,RU000A0JXY44,193.0,3005955.1,106.38,106.96,106.44,106.45,9.72,106.48,7.69,106.77,2823.0,106.48,106.48,106.45,3005955.1,3005955.1,3005955.1,2022-07-29,709.0,7.67,,,,26.8,,2020-06-03,1000.0,SUR,,,,,RUB
TQCB,2020-06-03,КраснодКр1,RU000A0JXYS9,6.0,2343566.0,107.75,108.65,108.5,108.5,4.48,108.0,5.85,107.75,2170.0,108.02,108.0,108.5,2452124.1,2351133.5,2452124.1,2024-08-09,1057.0,6.02,,,,21.44,,2020-06-03,1000.0,SUR,,,,,RUB
TQOD,2020-06-03,ГТЛК 1P-05,RU000A0JY023,23.0,29656.23,103.2,103.75,103.51,103.512,0.73,103.4219,3.3,103.2,37.0,103.4219,103.4219,103.512,2045778.67,2045778.67,2045778.67,2024-08-21,779.0,3.34,,,,9.47,,2020-06-03,775.0,USD,,,,,USD
TQCB,2020-06-03,МФ МарЭл17,RU000A0JY031,19.0,274766.0,106.4,106.9,106.87,106.87,1.65,106.5,6.12,106.69,258.0,,106.71,106.87,0.0,506859.5,0.0,2024-08-21,948.0,6.26,,,,21.44,,2020-06-03,1000.0,SUR,,,,,RUB
TQCB,2020-06-03,ЛнССМУБ1P2,RU000A0ZYA66,22.0,369334.7,101.7,101.83,101.75,101.75,20.11,101.75,7.7,101.82,363.0,,101.77,101.75,0.0,500710.4,0.0,2022-09-09,435.0,7.7,,,,22.31,,2020-06-03,1000.0,SUR,,,,,RUB
TQCB,2020-06-03,РСГ-ФинБ3,RU000A0ZYA74,36.0,1604643.4,100.0,100.9,100.75,100.75,29.77,100.86,10.51,100.12,1591.0,100.86,100.86,100.75,1604643.4,1604643.4,1604643.4,2020-09-11,100.0,10.09,,,,66.07,,2020-06-03,1000.0,SUR,,,10.0041,,RUB
TQCB,2020-06-03,ГПБ БО-14,RU000A0ZYAE3,1.0,1016.0,101.6,101.6,101.6,101.6,17.49,101.6,2.93,101.6,1.0,100.99,101.12,101.6,907859.8,508629.8,907859.8,2020-09-19,108.0,2.93,,,,42.35,,2020-06-03,1000.0,SUR,,,2.8215,,RUB
TQCB,2020-06-03,ГТЛК 1P-06,RU000A0ZYAP9,10.0,500786.63,99.3,100.6,100.54,100.54,13.69,99.59,7.08,100.6,581.0,99.59,99.59,100.54,500786.63,500786.63,500786.63,2032-09-01,1848.0,7.28,,,,16.18,,2020-06-03,865.48,SUR,,,,,RUB
TQCB,2020-06-03,КарМаниБ1,RU000A0ZYAQ7,89.0,897324.1,102.51,104.29,103.48,103.48,10.96,103.26,12.41,103.26,869.0,103.26,103.26,103.48,897324.1,897324.1,897324.1,2022-10-25,294.0,12.7,,,,13.59,2021-04-15,2020-06-03,1000.0,SUR,,12.0837,,2021-04-22,RUB
TQCB,2020-06-03,ДОМ.РФ Б-9,RU000A0ZYAR5,2.0,15122.4,100.54,101.0,100.54,100.54,14.89,100.82,5.37,101.0,15.0,,102.39,100.54,0.0,532406.3,0.0,2020-09-17,104.0,4.36,,,,17.83,,2020-06-03,1000.0,SUR,,,,,RUB
TQCB,2020-06-03,МФКузбас17,RU000A0ZYB40,7.0,227072.3,104.78,109.1,109.1,108.33,15.95,108.13,4.76,104.78,210.0,,106.12,108.33,0.0,503030.8,0.0,2024-09-26,912.0,5.13,,,,20.44,,2020-06-03,1000.0,SUR,,,,,RUB
TQCB,2020-06-03,ГПБ БО-24,RU000A0ZYB73,4.0,325488.1,101.05,101.89,101.05,101.06,15.88,101.08,5.02,101.89,322.0,101.59,101.62,101.06,1190638.8,886138.8,1190638.8,2020-09-26,115.0,4.93,,,,42.35,,2020-06-03,1000.0,SUR,,,4.8662,,RUB
TQCB,2020-06-03,РосбнБ1P1,RU000A0ZYBG6,2.0,4039.5,100.95,101.0,100.95,100.99,14.64,100.99,5.4,101.0,4.0,,100.91,100.99,0.0,726523.6,0.0,2020-09-30,119.0,5.28,,,,41.86,,2020-06-03,1000.0,SUR,,,5.237,,RUB
TQCB,2020-06-03,СберБ БО3R,RU000A0ZYBS1,265.0,19841960.7,101.3,101.55,101.5,101.5,11.84,101.44,5.08,101.46,19560.0,101.44,101.44,101.5,19841960.7,19841960.7,19841960.7,2020-12-08,186.0,5.2,,,,39.89,,2020-06-03,1000.0,SUR,,,,,RUB
TQCB,2020-06-03,РСХБ БО 3P,RU000A0ZYBT9,7.0,5709459.9,103.25,103.85,103.25,103.25,14.73,103.52,5.88,103.25,5529.0,103.28,103.26,103.25,6866342.3,5747718.3,6866342.3,2021-09-28,461.0,5.66,,,,41.88,,2020-06-03,1000.0,SUR,,,,,RUB
TQCB,2020-06-03,ЛСР БО 1Р3,RU000A0ZYBV5,60.0,1748593.5,102.9,103.49,103.48,103.48,15.78,103.34,7.18,102.92,1692.0,103.34,103.34,103.48,1748593.5,1748593.5,1748593.5,2022-09-27,626.0,7.26,,,,22.44,,2020-06-03,1000.0,SUR,,,,,RUB
TQCB,2020-06-03,АвАгроБ1P1,RU000A0ZYC31,1.0,16057.6,100.36,100.36,100.36,100.36,14.01,100.36,7.31,100.36,16.0,,100.51,100.36,0.0,2559078.2,0.0,2027-09-23,118.0,7.31,,,,20.57,2020-10-01,2020-06-03,1000.0,SUR,,6.8374,,2020-10-08,RUB
TQCB,2020-06-03,МегафнБ1P3,RU000A0ZYC98,10.0,20882.0,104.3,104.5,104.5,104.5,12.47,104.41,5.84,104.5,20.0,,104.37,104.5,0.0,585535.9,0.0,2022-10-03,788.0,5.88,,,,39.14,,2020-06-03,1000.0,SUR,,,,,RUB
TQCB,2020-06-03,Курск35001,RU000A0ZYCD1,4.0,2829879.81,101.54,105.49,105.49,104.83,9.22,104.6,5.77,104.7,3006.0,104.61,104.61,104.83,2850818.31,2850818.31,2850818.31,2025-10-12,859.0,6.15,,,,17.86,,2020-06-03,900.0,SUR,,,,,RUB
TQCB,2020-06-03,ВБРР Б1P1,RU000A0ZYCJ8,10.0,284732.0,100.68,101.0,100.95,100.95,13.27,100.97,5.83,101.0,282.0,,100.82,100.95,0.0,1255183.7,0.0,2020-10-12,131.0,5.77,,,,43.78,,2020-06-03,1000.0,SUR,,,5.6569,,RUB
TQCB,2020-06-03,КрасЯрКр13,RU000A0ZYCM2,1.0,1067.9,106.79,106.79,106.79,106.79,11.83,106.79,5.86,106.79,1.0,106.95,106.95,106.79,11224117.9,10717222.4,11224117.9,2024-10-03,1144.0,5.86,,,,19.57,,2020-06-03,1000.0,SUR,,,,,RUB
TQCB,2020-06-03,ТКХ БП1,RU000A0ZYCR1,76.0,5942819.8,102.49,102.67,102.5,102.5,13.56,102.52,7.13,102.61,5797.0,102.52,102.52,102.5,5942819.8,5942819.8,5942819.8,2027-09-30,468.0,7.12,,,,44.88,2021-10-07,2020-06-03,1000.0,SUR,,7.0431,,2021-10-12,RUB
TQCB,2020-06-03,Карелия 18,RU000A0ZYCZ4,31.0,16266448.1,104.21,104.97,104.77,104.77,5.92,104.39,6.05,104.97,15582.0,104.39,104.39,104.77,16266448.1,16266448.1,16266448.1,2023-10-15,829.0,6.22,,,,19.95,,2020-06-03,1000.0,SUR,,,,,RUB
TQCB,2020-06-03,ТрнфБО1P8,RU000A0ZYDD9,12.0,121096897.5,108.0,109.25,109.25,108.08,10.39,109.13,5.95,109.0,110970.0,109.13,109.13,108.08,121096897.5,121096897.5,121096897.5,2025-10-09,1632.0,5.97,,,,39.39,,2020-06-03,1000.0,SUR,,,,,RUB
TQCB,2020-06-03,ФСК ЕЭС Б3,RU000A0ZYDH0,1.0,20998.0,104.99,104.99,104.99,104.99,9.98,104.99,5.6,104.99,20.0,104.24,104.66,104.99,842245.9,529594.0,842245.9,2052-09-06,791.0,5.6,,,,19.32,2022-10-14,2020-06-03,1000.0,SUR,,5.5455,,2022-10-21,RUB
TQCB,2020-06-03,НижгорОб12,RU000A0ZYDQ1,4.0,10225.35,103.22,105.0,103.22,103.22,6.35,104.88,5.78,104.99,15.0,,103.26,103.22,0.0,1304153.06,0.0,2022-10-23,483.0,4.52,,,,13.13,,2020-06-03,650.0,SUR,,,,,RUB
TQCB,2020-06-03,Газпнф1P3R,RU000A0ZYDS7,135.0,148548168.8,104.75,105.63,105.31,105.31,9.46,105.21,5.5,105.6,141210.0,105.2,105.2,105.31,148548168.8,148548168.8,148548168.8,2022-10-17,802.0,5.55,,,,39.14,,2020-06-03,1000.0,SUR,,,,,RUB
TQCB,2020-06-03,СвердлОб4,RU000A0ZYDU3,9.0,833526.7,105.15,105.89,105.21,105.38,7.81,105.78,6.1,105.79,788.0,105.78,105.78,105.38,840930.4,834585.0,840930.4,2025-10-22,1087.0,5.91,,,,19.2,,2020-06-03,1000.0,SUR,,,,,RUB
TQCB,2020-06-03,ДрктЛиз1P1,RU000A0ZYE96,8.0,221345.8,100.6,100.98,100.8,100.8,16.85,100.61,13.44,100.98,220.0,,100.86,100.8,0.0,548677.4,0.0,2020-10-22,138.0,13.99,,,,37.4,,2020-06-03,1000.0,SUR,,,,,RUB
TQCB,2020-06-03,ТрансФ1P04,RU000A0ZYEB1,189.0,22821121.4,99.95,100.17,99.99,100.0,11.79,100.0,10.74,100.02,22820.0,100.0,100.0,100.0,22821121.4,22821121.4,22821121.4,2027-10-14,141.0,10.71,,,,52.36,2020-10-22,2020-06-03,1000.0,SUR,,10.2944,,2020-10-27,RUB
TQCB,2020-06-03,ГПБ БО-17,RU000A0ZYEE5,3.0,190179.4,102.71,103.98,102.71,102.71,7.45,102.8,6.05,103.98,185.0,103.56,103.83,102.71,2533023.4,1480637.0,2533023.4,2024-10-31,494.0,5.98,,,,40.33,2021-10-31,2020-06-03,1000.0,SUR,,6.0121,,2021-11-02,RUB
TQCB,2020-06-03,СамолетБП2,RU000A0ZYEM8,2.0,87317.5,102.55,103.05,102.55,102.55,10.71,102.73,10.69,103.05,85.0,102.94,102.97,102.55,636159.7,570454.0,636159.7,2022-10-27,772.0,10.6,,,,28.67,,2020-06-03,1000.0,SUR,,,,,RUB
TQCB,2020-06-03,СэтлГрБ1P1,RU000A0ZYEQ9,37.0,2257764.8,102.0,102.65,102.58,102.58,9.04,102.58,7.95,102.34,2201.0,102.58,102.58,102.58,2257764.8,2257764.8,2257764.8,2022-10-27,481.0,7.95,,,,24.18,,2020-06-03,1000.0,SUR,,,,,RUB
TQCB,2020-06-03,НАО 2017,RU000A0ZYF61,12.0,55687.1,103.2,103.48,103.35,103.35,4.04,103.32,6.16,103.48,77.0,,103.31,103.35,0.0,702200.1,0.0,2024-11-07,691.0,6.18,,,,13.61,,2020-06-03,700.0,SUR,,,,,RUB
TQCB,2020-06-03,КрасЯрКр14,RU000A0ZYFB8,2.0,12798.0,106.65,106.65,106.65,106.65,5.8,106.65,5.93,106.65,12.0,,105.37,106.65,0.0,2901942.1,0.0,2024-10-31,1172.0,5.93,,,,19.55,,2020-06-03,1000.0,SUR,,,,,RUB
TQCB,2020-06-03,МТС 001P-3,RU000A0ZYFC6,28.0,6952436.8,104.31,104.69,104.5,104.5,5.7,104.5,5.76,104.58,6653.0,104.5,104.5,104.5,6952436.8,6952436.8,6952436.8,2022-11-03,820.0,5.76,,,,38.39,,2020-06-03,1000.0,SUR,,,,,RUB
TQCB,2020-06-03,Ростел1P3R,RU000A0ZYG52,4.0,115263205.9,104.7,104.99,104.99,104.72,3.16,104.72,5.57,104.71,110068.0,104.72,104.72,104.72,115478887.9,115478887.9,115478887.9,2027-11-09,832.0,5.69,,,,38.39,2022-11-15,2020-06-03,1000.0,SUR,,5.5436,,2022-11-18,RUB
TQCB,2020-06-03,СаратОбл17,RU000A0ZYG60,31.0,1853742.7,106.04,106.38,106.13,106.13,1.55,106.11,6.31,106.37,1747.0,106.11,106.11,106.13,1853742.7,1853742.7,1853742.7,2024-11-20,1145.0,6.31,,,,20.19,,2020-06-03,1000.0,SUR,,,,,RUB
TQCB,2020-06-03,АльфаБО-22,RU000A0ZYGB6,4.0,6804721.2,100.99,101.14,101.14,101.14,1.78,100.99,5.73,100.99,6738.0,100.99,100.99,101.14,7750888.1,7654920.1,7750888.1,2032-12-04,175.0,6.06,,,,40.61,2020-11-25,2020-06-03,1000.0,SUR,,5.6185,,2020-11-27,RUB
TQCB,2020-06-03,ОрлОбл2017,RU000A0ZYGM3,39.0,599288.6,103.39,103.79,103.7,103.7,15.69,103.68,6.0,103.64,578.0,103.68,103.68,103.7,599288.6,599288.6,599288.6,2022-11-26,551.0,6.02,,,,20.69,,2020-06-03,1000.0,SUR,,,,,RUB
TQCB,2020-06-03,ТойотаБ1P1,RU000A0ZYHH1,20.0,1335330.3,101.01,101.38,101.01,101.25,0.22,101.31,6.05,101.28,1318.0,101.31,101.31,101.25,1335330.3,1335330.3,1335330.3,2020-12-02,182.0,5.42,,,,40.36,,2020-06-03,1000.0,SUR,,,5.918,,RUB
TQCB,2020-06-03,ГПБ БО-15,RU000A0ZYHK5,5.0,1048128.0,101.76,101.76,101.76,101.76,0.44,101.76,4.42,101.76,1030.0,101.78,101.76,101.76,1414687.8,1312752.8,1414687.8,2020-12-01,181.0,4.42,,,,40.11,,2020-06-03,1000.0,SUR,,,4.3272,,RUB
TQCB,2020-06-03,ЛевенгукБ1,RU000A0ZYHW0,24.0,163486.5,102.01,102.99,102.99,102.95,0.82,102.82,11.2,102.98,159.0,,102.94,102.95,0.0,505446.9,0.0,2027-11-22,261.0,11.45,,,,37.4,2021-03-01,2020-06-03,1000.0,SUR,,11.017,,2021-03-04,RUB
TQCB,2020-06-03,СПбГО35001,RU000A0ZYHX8,20.0,111312.9,106.79,116.38,107.86,107.86,0.0,108.07,5.77,106.8,103.0,,107.72,107.86,0.0,509509.2,0.0,2025-05-28,1426.0,5.72,,,,38.39,,2020-06-03,1000.0,SUR,,,,,RUB
TQCB,2020-06-03,ННовгор 17,RU000A0ZYJ00,10.0,138597.0,104.11,104.22,104.18,104.18,0.22,104.21,5.48,104.21,133.0,,104.2,104.18,0.0,501189.5,0.0,2022-12-05,559.0,5.46,,,,20.19,,2020-06-03,1000.0,SUR,,,,,RUB
TQCB,2020-06-03,РСХБ БО 4P,RU000A0ZYJ42,27.0,956416.9,101.34,101.59,101.35,101.37,0.22,101.53,5.49,101.34,942.0,101.53,101.53,101.37,956416.9,956416.9,956416.9,2020-12-09,189.0,5.13,,,,42.16,,2020-06-03,1000.0,SUR,,,5.375,,RUB
TQCB,2020-06-03,ФСК ЕЭС Б4,RU000A0ZYJ91,6.0,597888.5,106.36,106.85,106.45,106.45,0.0,106.39,5.67,106.85,562.0,106.01,106.31,106.45,1378180.6,1049238.4,1378180.6,2052-10-23,1136.0,5.69,,,,18.95,2023-11-29,2020-06-03,1000.0,SUR,,5.6378,,2023-12-06,RUB
TQCB,2020-06-03,Ульян.об17,RU000A0ZYJB0,36.0,2267020.8,105.22,106.51,106.27,106.27,1.11,105.69,6.1,105.25,2145.0,105.69,105.69,106.27,2267020.8,2267020.8,2267020.8,2024-12-07,1064.0,6.3,,,,20.42,,2020-06-03,1000.0,SUR,,,,,RUB
TQCB,2020-06-03,Совком БО5,RU000A0ZYJR6,15.0,73537.6,100.0,100.96,100.88,100.88,37.19,100.79,6.69,100.7,73.0,,100.66,100.88,0.0,519404.8,0.0,2027-11-25,346.0,6.78,,,,37.4,2021-06-03,2020-06-03,1000.0,SUR,,10.7002,,2021-06-08,RUB
TQCB,2020-06-03,ДОМРФИА 2P,RU000A0ZYJT2,10.0,846725.64,107.2,115.0,107.6,107.6,3.5,107.7,7.1449,108.08,2545.0,107.7,107.7,107.6,846725.64,846725.64,846725.64,2046-04-28,610.0,7.086,,,,8.86,2024-07-28,2020-06-03,308.91,SUR,,,,,RUB
TQCB,2020-06-03,МаниМенБ1,RU000A0ZYJX4,19.0,180890.0,100.35,100.99,100.47,100.47,34.14,100.49,13.67,100.35,180.0,,100.37,100.47,0.0,529952.0,0.0,2020-12-04,175.0,13.62,,,,34.9,,2020-06-03,1000.0,SUR,,,,,RUB
TQCB,2020-06-03,Оренб35004,RU000A0ZYKH5,8.0,133908.1,111.3,111.99,111.3,111.3,18.6,111.59,6.16,111.69,120.0,,110.72,111.3,0.0,519260.2,0.0,2027-12-02,1832.0,6.11,,,,20.39,,2020-06-03,1000.0,SUR,,,,,RUB
TQCB,2020-06-03,СПбГО35002,RU000A0ZYKJ1,2.0,4302.3,107.45,107.88,107.88,107.56,36.26,107.56,5.7,107.45,4.0,107.87,107.9,107.56,94965415.3,86956665.3,94965415.3,2026-12-04,1374.0,5.78,,,,38.15,,2020-06-03,1000.0,SUR,,,,,RUB
TQCB,2020-06-03,КалинОбл17,RU000A0ZYKU8,15.0,75718.8,106.51,106.99,106.51,106.52,16.9,106.65,6.25,106.98,71.0,,106.73,106.52,0.0,506953.4,0.0,2024-12-17,1288.0,6.21,,,,19.72,,2020-06-03,1000.0,SUR,,,,,RUB
TQCB,2020-06-03,КЧР 2017,RU000A0ZYL22,43.0,299410.7,107.34,107.95,107.35,107.35,18.35,107.7,6.65,107.46,278.0,,107.79,107.35,0.0,627351.8,0.0,2024-12-18,1178.0,6.54,,,,21.69,,2020-06-03,1000.0,SUR,,,,,RUB
TQCB,2020-06-03,МгдОбл2017,RU000A0ZYL48,10.0,707863.7,103.01,103.18,103.01,103.01,16.88,103.04,5.98,103.15,687.0,103.04,103.04,103.01,707863.7,707863.7,707863.7,2022-12-25,507.0,5.95,,,,19.95,,2020-06-03,1000.0,SUR,,,,,RUB
TQCB,2020-06-03,ФПКГарИнP3,RU000A0ZYL55,6.0,520350.1,100.0,100.88,100.79,100.79,55.23,100.65,10.7,100.0,517.0,100.36,100.35,100.79,1046738.0,1038671.1,1046738.0,2020-12-16,186.0,10.99,,,,59.84,,2020-06-03,1000.0,SUR,,,,,RUB
TQCB,2020-06-03,РСГ-ФинБ4,RU000A0ZYLB6,33.0,666443.5,100.33,100.99,100.53,100.53,50.33,100.82,10.2,100.79,661.0,100.82,100.82,100.53,666443.5,666443.5,666443.5,2020-12-17,188.0,9.61,,,,54.85,,2020-06-03,1000.0,SUR,,,,,RUB
TQCB,2020-06-03,Газпнф1P4R,RU000A0ZYLC4,3.0,3203.2,105.37,107.48,107.47,107.47,35.23,106.77,5.88,107.48,3.0,,107.41,107.47,0.0,1101991.3,0.0,2024-12-12,1389.0,6.06,,,,38.39,,2020-06-03,1000.0,SUR,,,,,RUB
TQCB,2020-06-03,iСЛТ 1Р1,RU000A0ZYLD2,26.0,398471.4,101.0,101.19,101.01,101.01,50.33,101.13,7.5,101.01,394.0,,101.1,101.01,0.0,528772.7,0.0,2020-12-17,102.0,7.07,,,,54.85,,2020-06-03,1000.0,SUR,,,,,RUB
TQCB,2020-06-03,ФПК 1P-02,RU000A0ZYLF7,3.0,832018.9,104.0,104.99,104.9,104.9,35.46,104.0,5.73,104.0,800.0,,104.35,104.9,0.0,5449345.3,0.0,2027-12-09,831.0,6.11,,,,38.64,2022-12-15,2020-06-03,1000.0,SUR,,5.6879,,2022-12-20,RUB
TQCB,2020-06-03,ВЭБПБО1Р10,RU000A0ZYLH3,45.0,54418143.2,100.11,100.15,100.11,100.11,37.52,100.11,5.46,100.11,54358.0,100.11,100.11,100.11,54418143.2,54418143.2,54418143.2,2020-06-18,15.0,5.46,,,,40.89,,2020-06-03,1000.0,SUR,,,4.8018,,RUB
TQCB,2020-06-03,ВЦЗ 1P1R,RU000A0ZYLK7,13.0,110359.1,104.87,105.25,105.0,105.0,25.68,105.1,10.63,105.24,105.0,,104.85,105.0,0.0,764366.3,0.0,2027-12-10,792.0,10.59,,,,31.16,2022-12-16,2020-06-03,1000.0,SUR,,10.5659,,2022-12-21,RUB
TQCB,2020-06-03,iУОМЗ БО-2,RU000A0ZYLL5,11.0,2202121.4,101.28,101.3,101.3,101.3,42.07,101.29,6.87,101.29,2174.0,101.29,101.29,101.3,2202121.4,2202121.4,2202121.4,2020-12-18,190.0,6.89,,,,46.12,,2020-06-03,1000.0,SUR,,,,,RUB
TQCB,2020-06-03,ДОМ.РФ1P1R,RU000A0ZYLU6,1.0,1000.0,100.0,100.0,100.0,100.0,15.39,100.0,7.97,100.0,1.0,,100.64,100.0,0.0,10362810.5,0.0,2027-12-13,19.0,7.97,,,,19.45,2020-06-22,2020-06-03,1000.0,SUR,,6.4962,,2020-06-25,RUB
TQCB,2020-06-03,ГПБ БО-25,RU000A0ZYM05,4.0,447208.0,101.51,101.7,101.6,101.6,35.07,101.64,5.14,101.51,440.0,101.65,101.64,101.6,619045.0,612875.0,619045.0,2020-12-26,199.0,5.07,,,,40.11,,2020-06-03,1000.0,SUR,,,,,RUB
TQCB,2020-06-03,ДФФ 1Р-01,RU000A0ZYM21,146.0,13505780.7,100.51,101.18,100.83,100.83,35.95,100.84,7.88,100.51,13393.0,100.84,100.84,100.83,13505780.7,13505780.7,13505780.7,2022-12-20,830.0,7.88,,,,40.39,,2020-06-03,1000.0,SUR,,,,,RUB
TQCB,2020-06-03,ТомскОб 62,RU000A0ZYMJ7,1.0,2088000.0,104.4,104.4,104.4,104.4,14.18,104.4,6.03,104.4,2000.0,,104.41,104.4,0.0,2299000.9,0.0,2024-12-19,988.0,6.03,,,,18.7,,2020-06-03,1000.0,SUR,,,,,RUB
TQCB,2020-06-03,МосОбл2017,RU000A0ZYML3,3.0,24939.45,103.32,104.0,103.54,103.54,10.63,103.91,5.19,103.32,32.0,,103.5,103.54,0.0,671468.39,0.0,2022-12-22,532.0,4.94,,,,14.02,,2020-06-03,750.0,SUR,,,,,RUB
TQCB,2020-06-03,ГТЛК 1P-07,RU000A0ZYNY4,160.0,11306407.4,97.4,98.13,97.4,97.4,9.01,97.54,8.36,98.11,11592.0,97.54,97.54,97.4,11306407.4,11306407.4,11306407.4,2032-12-31,871.0,8.3,,,,17.45,2023-01-13,2020-06-03,1000.0,SUR,,8.3115,,2023-01-18,RUB
TQCB,2020-06-03,ТрансКонБ1,RU000A0ZYPG6,5.0,12356.0,102.6,103.0,103.0,103.0,27.12,102.97,5.87,103.0,12.0,103.5,103.5,103.0,14749617.2,14749617.2,14749617.2,2023-01-19,636.0,5.88,,,,37.4,,2020-06-03,1000.0,SUR,,,,,RUB
TQCB,2020-06-03,ВБРР Б1P2,RU000A0ZYQX9,14.0,716728.2,101.52,102.1,101.52,101.52,26.5,102.1,6.5,102.1,702.0,102.1,102.1,101.52,716728.2,716728.2,716728.2,2021-07-30,402.0,5.97,,,,38.89,,2020-06-03,1000.0,SUR,,,,,RUB
TQCB,2020-06-03,СистемБ1P7,RU000A0ZYQY7,63.0,6789585.8,102.23,102.8,102.25,102.25,33.97,102.36,6.53,102.8,6633.0,102.36,102.36,102.25,6789585.8,6789585.8,6789585.8,2028-01-21,232.0,6.35,,,,49.86,2021-01-29,2020-06-03,1000.0,SUR,,6.3537,,2021-02-03,RUB
TQCB,2020-06-03,БСК 1P1,RU000A0ZYR18,6.0,521314.8,103.1,103.85,103.1,103.1,7.32,103.85,6.78,103.85,502.0,103.85,103.89,103.1,2122621.5,1984221.4,2122621.5,2023-01-27,763.0,6.42,,,,20.19,,2020-06-03,1000.0,SUR,,,,,RUB
TQCB,2020-06-03,ГТЛК 1P-08,RU000A0ZYR91,63.0,2168721.5,97.0,97.94,97.6,97.61,5.48,97.25,7.39,97.7,2230.0,97.25,97.25,97.61,2168721.5,2168721.5,2168721.5,2033-01-18,3073.0,7.43,,,,17.2,,2020-06-03,1000.0,SUR,,8.3274,,2022-08-05,RUB
TQCB,2020-06-03,ГПБ БО-18,RU000A0ZYRX7,2.0,19513.0,102.7,102.7,102.7,102.7,22.86,102.7,5.83,102.7,19.0,102.36,102.37,102.7,4231561.8,3898061.8,4231561.8,2023-02-12,581.0,5.83,,,,37.15,2022-02-12,2020-06-03,1000.0,SUR,,5.792,,2022-02-15,RUB
TQCB,2020-06-03,ГПБ БО-19,RU000A0ZYRY5,12.0,285298.9,101.3,102.93,102.32,102.32,22.86,102.63,6.07,102.12,278.0,,102.64,102.32,0.0,518327.2,0.0,2023-02-12,581.0,5.88,,,,37.15,2022-02-12,2020-06-03,1000.0,SUR,,6.0321,,2022-02-15,RUB
TQCB,2020-06-03,ЖКИнвБО01,RU000A0ZYSS5,33.0,478537.5,100.3,102.3,101.33,101.33,35.29,101.39,12.39,100.72,472.0,,101.33,101.33,0.0,556292.1,0.0,2021-03-05,263.0,12.3,,,,69.81,,2020-06-03,1000.0,SUR,,,,,RUB
TQCB,2020-06-03,Роснфт2P4,RU000A0ZYT40,23.0,48336807.5,104.11,105.0,104.6,104.6,22.81,104.56,5.71,104.11,46170.0,104.69,104.69,104.6,48336807.5,48336807.5,48336807.5,2028-02-03,890.0,5.72,,,,37.4,2023-02-09,2020-06-03,1000.0,SUR,,5.6723,,2023-02-14,RUB
TQCB,2020-06-03,Мегафон1P4,RU000A0ZYTM6,18.0,124742.8,100.92,102.47,101.01,101.01,21.11,101.42,5.78,101.39,123.0,,101.25,101.01,0.0,507285.6,0.0,2021-02-15,251.0,5.17,,,,35.9,,2020-06-03,1000.0,SUR,,,,,RUB
TQCB,2020-06-03,НПК ПБО-01,RU000A0ZYTZ8,1.0,1030.0,103.0,103.0,103.0,103.0,21.05,103.0,5.67,103.0,1.0,,100.8,103.0,0.0,601754.9,0.0,2023-02-14,663.0,5.67,,,,36.15,,2020-06-03,1000.0,SUR,,,,,RUB
TQCB,2020-06-03,РЖД 1Р-05R,RU000A0ZYU05,13.0,503380.6,105.6,105.99,105.99,105.99,21.2,105.97,6.13,105.6,475.0,105.97,105.97,105.99,503380.6,503380.6,503380.6,2033-02-01,1715.0,6.13,,,,36.4,2026-02-10,2020-06-03,1000.0,SUR,,6.1183,,2026-02-13,RUB
TQCB,2020-06-03,АЛЬФА БО40,RU000A0ZYU21,2.0,2020.0,101.0,101.0,101.0,101.0,20.34,101.0,5.99,101.0,2.0,,101.16,101.0,0.0,10254410.7,0.0,2033-03-04,259.0,5.99,,,,36.85,2021-02-23,2020-06-03,1000.0,SUR,,5.8956,,2021-02-26,RUB
TQCB,2020-06-03,ЛидерИнБП2,RU000A0ZYU39,33.0,564006.1,102.51,103.47,103.24,103.24,33.66,103.3,7.03,102.69,546.0,103.3,103.3,103.24,564006.1,564006.1,564006.1,2023-02-15,249.0,6.94,,,,58.34,2021-02-17,2020-06-03,1000.0,SUR,,6.8527,,2021-02-22,RUB
TQCB,2020-06-03,ДерПлат1P1,RU000A0ZYU54,1.0,3000.0,100.0,100.0,100.0,100.0,28.77,100.0,10.1,100.0,3.0,,100.0,100.0,0.0,18668949.0,0.0,2023-02-15,77.0,10.1,,,,49.86,2020-08-19,2020-06-03,1000.0,SUR,,9.3539,,2020-08-24,RUB
TQCB,2020-06-03,СберБ БО4R,RU000A0ZYUJ0,61.0,4531096.9,101.47,101.89,101.88,101.88,18.15,101.85,5.37,101.84,4449.0,101.85,101.85,101.88,4531096.9,4531096.9,4531096.9,2021-08-27,432.0,5.39,,,,34.41,,2020-06-03,1000.0,SUR,,,,,RUB
TQCB,2020-06-03,ТрнфБО1P9,RU000A0ZYUS1,18.0,240776.0,102.66,103.2,102.69,102.69,19.59,102.9,5.56,103.11,234.0,,102.74,102.69,0.0,501380.0,0.0,2022-02-21,592.0,5.43,,,,35.65,,2020-06-03,1000.0,SUR,,,,,RUB
TQCB,2020-06-03,ГазпромКБ1,RU000A0ZYUV5,1.0,1043.6,104.36,104.36,104.36,104.36,19.39,104.36,6.16,104.36,1.0,,106.89,104.36,0.0,3262236.9,0.0,2028-02-15,1470.0,6.16,,,,35.65,2025-02-18,2020-06-03,1000.0,SUR,,6.1475,,2025-02-21,RUB
TQCB,2020-06-03,ГазпромКБ2,RU000A0ZYUW3,1.0,1065.0,106.5,106.5,106.5,106.5,19.39,106.5,5.64,106.5,1.0,,103.2,106.5,0.0,224701721.4,0.0,2028-02-15,1473.0,5.64,,,,35.65,2025-02-18,2020-06-03,1000.0,SUR,,5.6249,,2025-02-21,RUB
TQCB,2020-06-03,ГазпромКБ4,RU000A0ZYV04,3.0,523019.0,103.5,106.48,106.48,106.48,19.39,103.57,5.64,103.89,505.0,104.63,104.63,106.48,1188629.0,1188629.0,1188629.0,2028-02-15,1469.0,6.36,,,,35.65,2025-02-18,2020-06-03,1000.0,SUR,,5.6297,,2025-02-21,RUB
TQCB,2020-06-03,Роснфт2P5,RU000A0ZYVU5,5.0,16802842.4,103.83,104.92,104.85,104.85,19.2,104.86,5.91,104.92,16015.0,104.92,104.92,104.85,16886804.1,16885754.5,16886804.1,2028-02-18,1198.0,5.91,,,,36.4,2024-02-23,2020-06-03,1000.0,SUR,,5.8892,,2024-02-28,RUB
TQCB,2020-06-03,ДОК-15 БО1,RU000A0ZYVY7,1.0,1000.1,100.01,100.01,100.01,100.01,0.76,100.01,14.64,100.01,1.0,,,100.01,0.0,0.0,0.0,2028-02-21,1770.0,14.64,,,,34.65,,2020-06-03,1000.0,SUR,,,,,RUB
TQCB,2020-06-03,АЛЬФА БО39,RU000A0ZYWB3,1.0,5150.0,103.0,103.0,103.0,103.0,17.72,103.0,4.92,103.0,5.0,,101.3,103.0,0.0,153477709.7,0.0,2033-03-17,442.0,4.92,,,,36.85,2021-09-07,2020-06-03,1000.0,SUR,,4.885,,2021-09-09,RUB
TQCB,2020-06-03,Система1P8,RU000A0ZYWU3,3.0,61810.2,108.1,110.68,108.1,108.1,22.44,108.44,6.88,110.68,57.0,,110.17,108.1,0.0,704012.0,0.0,2028-02-23,1304.0,6.79,,,,44.88,2024-08-28,2020-06-03,1000.0,SUR,,6.8552,,2024-09-02,RUB
TQCB,2020-06-03,МТС 1P-05,RU000A0ZYWX7,12.0,624239.0,101.6,102.39,102.0,102.0,17.7,102.0,5.48,102.0,612.0,102.0,102.0,102.0,624239.0,624239.0,624239.0,2021-09-01,437.0,5.48,,,,35.4,,2020-06-03,1000.0,SUR,,,,,RUB
TQCB,2020-06-03,МТС 1P-06,RU000A0ZYWY5,14.0,1153951.4,104.9,105.5,105.5,105.49,18.08,105.48,5.99,105.48,1094.0,105.48,105.48,105.49,1153951.4,1153951.4,1153951.4,2025-02-26,1477.0,5.99,,,,36.15,,2020-06-03,1000.0,SUR,,,,,RUB
TQCB,2020-06-03,ФПК 1P-03,RU000A0ZYX69,14.0,16642862.7,103.6,104.49,104.05,104.05,17.95,104.02,6.19,103.6,15999.0,104.02,104.02,104.05,16642862.7,16642862.7,16642862.7,2028-02-23,1342.0,6.2,,,,35.9,2024-08-28,2020-06-03,1000.0,SUR,,6.1678,,2024-09-02,RUB
TQCB,2020-06-03,РСХБ БО-5Р,RU000A0ZYXJ4,188.0,12910279.1,102.33,103.2,102.5,102.5,17.03,102.57,5.97,103.19,12587.0,102.57,102.57,102.5,12910279.1,12910279.1,12910279.1,2022-03-09,607.0,5.92,,,,36.9,,2020-06-03,1000.0,SUR,,,,,RUB
TQCB,2020-06-03,Газпнф1P6R,RU000A0ZYXV9,6.0,33429123.3,103.25,104.96,104.25,104.25,16.37,104.25,6.01,103.25,32066.0,104.25,104.25,104.25,33970004.8,33620761.1,33970004.8,2024-03-07,1212.0,6.01,,,,35.9,,2020-06-03,1000.0,SUR,,,,,RUB
TQCB,2020-06-03,Ростел1P4R,RU000A0ZYYE3,24.0,2881065.7,101.71,104.0,103.65,103.65,16.06,103.97,6.14,101.71,2771.0,103.97,103.97,103.65,2881065.7,2881065.7,2881065.7,2028-03-03,1214.0,6.04,,,,35.65,2024-03-08,2020-06-03,1000.0,SUR,,6.113,,2024-03-13,RUB
TQCB,2020-06-03,ИКС5Фин1P3,RU000A0ZZ083,2.0,4124.9,82.0,84.49,84.49,84.49,,82.5,,82.0,5.0,,83.14,84.49,0.0,500514.2,0.0,2033-03-08,4660.0,0.0,,,,0.05,,2020-06-03,1000.0,SUR,,,,2023-03-24,RUB
TQCB,2020-06-03,ДрктЛиз1P2,RU000A0ZZ0D3,39.0,326936.8,97.85,98.0,97.85,97.85,24.58,97.89,16.84,98.0,334.0,,97.95,97.85,0.0,513241.3,0.0,2021-03-25,278.0,16.78,,,,32.41,,2020-06-03,1000.0,SUR,,,,,RUB
TQCB,2020-06-03,ЭлемЛиз1P1,RU000A0ZZ0L6,16.0,41384.66,100.61,101.0,101.0,101.0,6.64,100.96,8.5,100.61,122.0,,100.98,101.0,0.0,502514.48,0.0,2021-03-26,156.0,8.6,,,,8.88,,2020-06-03,336.0,SUR,,,,,RUB
TQCB,2020-06-03,СберБ БО6R,RU000A0ZZ117,183.0,17343544.7,104.2,104.86,104.3,104.3,2.37,104.53,5.68,104.7,16604.0,104.45,104.45,104.3,17343544.7,17343544.7,17343544.7,2023-05-19,992.0,5.59,,,,35.9,,2020-06-03,1000.0,SUR,,,,,RUB
TQCB,2020-06-03,КарМаниБ2,RU000A0ZZ1F6,128.0,4034199.2,101.2,101.96,101.9,101.9,6.14,101.62,11.52,101.96,3970.0,101.62,101.62,101.9,4034199.2,4034199.2,4034199.2,2023-05-10,137.0,12.33,,,,13.59,2020-10-22,2020-06-03,1000.0,SUR,,10.8417,,2020-10-29,RUB
TQCB,2020-06-03,ОГК-2 1P3R,RU000A0ZZ1H2,1.0,2028.0,101.4,101.4,101.4,101.4,11.62,101.4,5.26,101.4,2.0,,101.06,101.4,0.0,528521.4,0.0,2023-03-31,297.0,5.26,,,,34.65,2021-04-02,2020-06-03,1000.0,SUR,,5.1516,,2021-04-07,RUB
TQCB,2020-06-03,ГТЛК 1P-09,RU000A0ZZ1J8,1092.0,5756715.5,101.0,101.8,101.6,101.5,12.28,101.48,7.1,101.3,5673.0,101.48,101.48,101.5,5756715.5,5756715.5,5756715.5,2033-03-18,1351.0,7.13,,,,18.32,2024-09-27,2020-06-03,1000.0,SUR,,7.072,,2024-10-02,RUB
TQCB,2020-06-03,МРСКЦенБО6,RU000A0ZZ1Y7,1.0,1000.0,100.0,100.0,100.0,100.0,10.85,100.0,7.05,100.0,1.0,,101.0,100.0,0.0,25541048.0,0.0,2028-03-28,301.0,7.05,,,,34.65,2021-04-06,2020-06-03,1000.0,SUR,,6.9848,,2021-04-08,RUB
TQOD,2020-06-03,АЛЬФА-Б1P2,RU000A0ZZ4B9,1.0,962.0,96.2,96.2,96.2,96.2,0.01,96.2,2.86,96.2,1.0,95.6124,95.5417,96.2,1422573.68,810461.12,1422573.68,2021-10-20,504.0,2.86,,,,0.15,,2020-06-03,1000.0,USD,,,2.8712,,USD
TQCB,2020-06-03,РСХБ 01Т1,RU000A0ZZ4T1,69.0,12497173.0,106.9,107.36,107.05,107.05,10.36,107.07,7.93,107.25,11672.0,107.07,107.07,107.05,12497173.0,12497173.0,12497173.0,,2126.0,7.93,,,,44.88,2028-04-12,2020-06-03,1000.0,SUR,,,,,RUB
TQCB,2020-06-03,РСХБ 09Т1,RU000A0ZZ505,41.0,1614899.4,106.51,108.37,107.24,107.15,10.11,107.23,7.9,107.95,1506.0,107.23,107.23,107.15,1614899.4,1614899.4,1614899.4,,2127.0,7.9,,,,44.88,2028-04-13,2020-06-03,1000.0,SUR,,,,,RUB
TQCB,2020-06-03,Пионер 1P3,RU000A0ZZ547,40.0,1686479.0,101.6,102.99,102.5,102.5,13.15,102.21,9.34,101.77,1650.0,102.21,102.21,102.5,1686479.0,1686479.0,1686479.0,2021-04-23,309.0,9.7,,,,29.92,,2020-06-03,1000.0,SUR,,,,,RUB
TQCB,2020-06-03,ПочтаРБ1P4,RU000A0ZZ5H3,3.0,52044.9,104.01,105.0,104.01,104.09,6.33,104.09,6.26,105.0,50.0,,105.05,104.09,0.0,24302729.2,0.0,2028-04-24,968.0,6.23,,,,38.39,2023-05-01,2020-06-03,1000.0,SUR,,6.2408,,2023-05-04,RUB
TQCB,2020-06-03,ПочтаРБ1P5,RU000A0ZZ5J9,7.0,1523733.0,104.53,105.45,105.44,105.44,6.33,105.45,5.72,105.44,1445.0,105.44,105.45,105.44,1534212.6,1528964.2,1534212.6,2028-04-24,969.0,5.72,,,,38.39,2023-05-01,2020-06-03,1000.0,SUR,,5.7002,,2023-05-04,RUB
TQCB,2020-06-03,Якут-10 об,RU000A0ZZ7E6,2.0,1882653.8,105.0,105.38,105.38,105.38,2.69,105.0,5.75,105.0,1793.0,104.95,104.94,105.38,6498292.4,6443286.4,6498292.4,2025-05-15,1016.0,5.88,,,,18.82,,2020-06-03,1000.0,SUR,,,,,RUB
TQCB,2020-06-03,ДДёнерБОП1,RU000A0ZZ7R8,2.0,100915.0,100.72,101.11,101.11,101.11,383.56,100.92,13.61,100.72,2.0,101.34,101.4,101.11,760025.0,659080.0,760025.0,2021-07-08,345.0,13.83,,,,575.34,,2020-06-03,50000.0,SUR,,,,,RUB
TQCB,2020-06-03,СберИОС8,RU000A0ZZ7U2,1.0,297000.0,99.0,99.0,99.0,99.0,,99.0,,99.0,300.0,,98.21,99.0,0.0,605932.3,0.0,2021-06-27,389.0,0.0,,,,0.31,,2020-06-03,1000.0,SUR,,,,,RUB
TQCB,2020-06-03,КАМАЗ БО-9,RU000A0ZZ885,2.0,5959.2,99.32,99.32,99.32,99.32,1.32,99.32,7.62,99.32,6.0,,99.82,99.32,0.0,543021.1,0.0,2033-05-10,174.0,7.62,,,,29.97,2020-11-24,2020-06-03,1000.0,SUR,,,,,RUB
TQCB,2020-06-03,ПЮДМ БО-П1,RU000A0ZZ8A2,14.0,915650.0,101.61,101.99,101.8,101.8,308.22,101.74,13.76,101.99,18.0,101.74,101.74,101.8,915650.0,915650.0,915650.0,2023-05-04,322.0,13.84,,,,616.44,2021-05-14,2020-06-03,50000.0,SUR,,,,,RUB
TQCB,2020-06-03,КраснодКр2,RU000A0ZZ8X4,4.0,134682.2,105.7,106.22,105.7,105.7,0.21,106.05,5.96,106.22,127.0,,105.7,105.7,0.0,506314.9,0.0,2025-06-03,1153.0,5.85,,,,19.02,,2020-06-03,1000.0,SUR,,,,,RUB
TQCB,2020-06-03,ГТЛК 1P-10,RU000A0ZZ984,35.0,4131245.9,97.65,98.3,98.0,98.0,17.43,98.25,6.53,97.75,4205.0,98.25,98.25,98.0,4131245.9,4131245.9,4131245.9,2033-05-20,3224.0,6.5,,,,17.83,,2020-06-03,1000.0,SUR,,7.3736,,2022-06-08,RUB
TQCB,2020-06-03,РЖД 1Р-07R,RU000A0ZZ9R4,9.0,31736616.9,103.01,105.5,105.49,105.49,34.8,105.41,5.83,105.5,30127.0,105.34,105.34,105.49,31737671.9,31737671.9,31737671.9,2033-05-26,1259.0,5.85,,,,36.4,2024-06-06,2020-06-03,1000.0,SUR,,5.8072,,2024-06-11,RUB
TQCB,2020-06-03,УрКаПБО4P,RU000A0ZZ9W4,50.0,12425521.6,103.01,104.29,104.11,103.52,36.5,103.53,6.28,103.58,12002.0,103.53,103.53,103.52,12425521.6,12425521.6,12425521.6,2023-06-09,971.0,6.49,,,,38.39,,2020-06-03,1000.0,SUR,,,,,RUB
TQCB,2020-06-03,РоялКапБО1,RU000A0ZZ9X2,10.0,136032.1,99.68,100.05,100.02,100.02,34.82,100.02,15.21,100.05,136.0,,100.02,100.02,0.0,518082.9,0.0,2020-06-12,9.0,15.21,,,,38.64,,2020-06-03,1000.0,SUR,,,12.4943,,RUB
TQCB,2020-06-03,МясничБОП1,RU000A0ZZAE0,22.0,318311.3,100.04,100.19,100.11,100.11,8.51,100.1,7.99,100.1,318.0,,100.09,100.11,0.0,501442.4,0.0,2020-06-10,7.0,8.55,,,,11.1,,2020-06-03,1000.0,SUR,,,5.7823,,RUB
TQCB,2020-06-03,СберИОС9,RU000A0ZZAJ9,1.0,4955.0,99.1,99.1,99.1,99.1,,99.1,,99.1,5.0,,101.08,99.1,0.0,553933.9,0.0,2021-08-01,424.0,0.0,,,,0.31,,2020-06-03,1000.0,SUR,,,,,RUB
TQOD,2020-06-03,ГТЛК 1P-11,RU000A0ZZAL5,1.0,1163.0,116.3,116.3,116.3,116.3,12.23,116.3,0.53,116.3,1.0,109.6594,109.8326,116.3,1158269.73,923854.45,1158269.73,2033-06-03,1019.0,0.53,,,,14.83,2023-06-16,2020-06-03,1000.0,USD,,0.5205,,2023-06-21,USD
TQCB,2020-06-03,ПионЛизБП1,RU000A0ZZAT8,55.0,643262.9,100.0,100.58,100.04,100.04,6.04,100.04,12.95,100.58,643.0,100.04,100.04,100.04,643262.9,643262.9,643262.9,2023-05-31,914.0,12.95,,,,10.07,,2020-06-03,1000.0,SUR,,6.4927,,2020-06-22,RUB
TQCB,2020-06-03,ПИК БО-П06,RU000A0ZZAW2,9.0,180812.3,99.93,100.55,100.4,100.4,33.96,100.45,0.72,99.93,180.0,,100.38,100.4,0.0,699637.5,0.0,2021-06-23,21.0,-0.12,,,,38.39,2020-06-24,2020-06-03,1000.0,SUR,,,,,RUB
TQCB,2020-06-03,ПИК БО-П07,RU000A0ZZBJ7,95.0,10237946.8,100.7,101.0,101.0,101.0,37.9,100.96,7.84,101.0,10141.0,100.96,100.96,101.0,10237946.8,10237946.8,10237946.8,2021-06-25,365.0,7.88,,,,43.38,,2020-06-03,1000.0,SUR,,,,,RUB
TQCB,2020-06-03,СберБ Б12R,RU000A0ZZBN9,87.0,15910992.7,103.34,103.98,103.36,103.37,24.78,103.39,5.53,103.98,15390.0,103.39,103.39,103.37,15910992.7,15910992.7,15910992.7,2022-02-02,571.0,5.51,,,,37.9,,2020-06-03,1000.0,SUR,,,,,RUB
TQCB,2020-06-03,ЕвропланБ8,RU000A0ZZBV2,47.0,235187.2,99.6,100.2,100.18,100.18,39.71,100.08,6.84,99.6,235.0,,100.14,100.18,0.0,548741.1,0.0,2028-06-20,27.0,8.24,,,,46.62,2020-06-30,2020-06-03,1000.0,SUR,,5.853,,2020-07-03,RUB
TQCB,2020-06-03,ЛЕГЕНДА1P1,RU000A0ZZCV0,210.0,8743591.73,100.0,100.3,100.04,100.04,16.19,100.12,14.65,100.01,11379.0,100.12,100.12,100.04,8743591.73,8743591.73,8743591.73,2021-07-08,227.0,14.51,,,,26.79,,2020-06-03,767.5,SUR,,,,,RUB
TQCB,2020-06-03,ЧЗПСН-П Б1,RU000A0ZZD39,65.0,530135.5,103.0,103.99,103.23,103.33,62.25,103.54,13.14,103.99,512.0,103.54,103.54,103.33,530135.5,530135.5,530135.5,2021-07-12,366.0,12.82,,,,79.78,,2020-06-03,1000.0,SUR,,,,,RUB
TQCB,2020-06-03,СберИОС14,RU000A0ZZD88,13.0,9999857.0,109.3,109.3,109.3,109.3,,109.3,,109.3,9149.0,109.3,109.3,109.3,9999857.0,9999857.0,9999857.0,2022-01-17,593.0,0.0,,,,0.35,,2020-06-03,1000.0,SUR,,,,,RUB
TQCB,2020-06-03,ЕАБР 1Р-01,RU000A0ZZDB0,4.0,49035.0,96.06,100.5,100.5,100.5,21.84,96.15,5.82,96.06,51.0,,97.89,100.5,0.0,509053.9,0.0,2028-07-11,880.0,7.74,,,,29.67,2023-01-17,2020-06-03,1000.0,SUR,,5.7975,,2023-01-20,RUB
TQCB,2020-06-03,СберБ Б16R,RU000A0ZZE20,27.0,457002.0,104.11,105.8,105.47,105.47,27.33,104.82,5.31,105.78,436.0,,104.9,105.47,0.0,509830.0,0.0,2023-01-18,868.0,5.58,,,,37.4,,2020-06-03,1000.0,SUR,,,,,RUB
TQCB,2020-06-03,СберИОС15,RU000A0ZZE38,1.0,966.0,96.6,96.6,96.6,96.6,,96.6,,96.6,1.0,,93.93,96.6,0.0,568275.9,0.0,2022-08-07,795.0,0.0,,,,0.4,,2020-06-03,1000.0,SUR,,,,,RUB
TQCB,2020-06-03,СолЛизБО01,RU000A0ZZEA0,11.0,81998.9,98.59,99.22,98.6,98.6,15.9,98.79,15.71,99.22,83.0,,98.31,98.6,0.0,506316.2,0.0,2023-07-18,383.0,15.5,,,,33.66,2021-07-20,2020-06-03,1000.0,SUR,,15.1611,,2021-08-03,RUB
TQCB,2020-06-03,ГазпромБ22,RU000A0ZZES2,16.0,7544794.0,109.87,110.6,110.42,110.36,28.18,110.21,5.81,110.4,6846.0,110.21,110.21,110.36,7544794.0,7544794.0,7544794.0,2048-06-23,1549.0,5.86,,,,40.39,2025-07-22,2020-06-03,1000.0,SUR,,5.7869,,2025-07-29,RUB
TQCB,2020-06-03,ГазпромБ23,RU000A0ZZET0,5.0,7721.3,109.03,110.58,110.58,110.52,28.18,110.3,5.77,109.03,7.0,109.95,109.93,110.52,7174096.8,773907.8,7174096.8,2048-06-23,1549.0,5.84,,,,40.39,2025-07-22,2020-06-03,1000.0,SUR,,5.7518,,2025-07-29,RUB
TQCB,2020-06-03,Альфа-Б2Р1,RU000A0ZZEW4,13.0,607328.9,102.4,102.7,102.64,102.64,26.84,102.42,5.59,102.69,593.0,102.42,102.42,102.64,607328.9,607328.9,607328.9,2021-08-02,405.0,5.79,,,,39.61,,2020-06-03,1000.0,SUR,,,,,RUB
TQCB,2020-06-03,СберИОС17,RU000A0ZZFC3,16.0,11369997.0,110.7,110.7,110.7,110.7,,110.7,,110.7,10271.0,110.7,110.7,110.7,11369997.0,11369997.0,11369997.0,2022-02-15,622.0,0.0,,,,0.35,,2020-06-03,1000.0,SUR,,,,,RUB
TQCB,2020-06-03,ЦППК 1P-02,RU000A0ZZFH2,31.0,1470157.6,103.03,103.74,103.4,103.4,32.38,103.39,6.87,103.74,1422.0,103.39,103.39,103.4,1470157.6,1470157.6,1470157.6,2021-08-03,401.0,6.88,,,,49.12,,2020-06-03,1000.0,SUR,,,,,RUB
TQCB,2020-06-03,ПР-Лиз 1P1,RU000A0ZZFP5,40.0,446299.5,99.99,100.18,100.18,100.13,8.82,100.07,11.68,100.01,446.0,,100.08,100.13,0.0,532446.2,0.0,2021-08-04,237.0,11.87,,,,28.67,2021-02-03,2020-06-03,1000.0,SUR,,11.3069,,2021-02-10,RUB
TQOD,2020-06-03,АЛЬФА-Б1P3,RU000A0ZZG36,3.0,3853.7,96.0,96.8799,96.49,96.49,0.03,96.3425,2.89,96.8799,4.0,95.652,95.6306,96.49,6198466.44,3863790.53,6198466.44,2021-09-06,460.0,3.01,,,,0.05,,2020-06-03,1000.0,USD,,,,,USD
TQCB,2020-06-03,СУЭК-Ф1P2R,RU000A0ZZG93,2.0,2044.5,102.2,102.25,102.2,102.2,25.92,102.23,6.43,102.25,2.0,102.15,102.15,102.2,2787560.5,2760074.5,2787560.5,2021-08-09,411.0,6.4,,,,41.39,,2020-06-03,1000.0,SUR,,,,,RUB
TQCB,2020-06-03,ФолксвБ1P2,RU000A0ZZGE7,19.0,74384.4,102.66,103.45,103.29,103.29,25.68,103.31,5.81,102.66,72.0,,102.93,103.29,0.0,503320.5,0.0,2021-08-17,418.0,5.79,,,,43.12,,2020-06-03,1000.0,SUR,,,,,RUB
TQCB,2020-06-03,МясничБОП2,RU000A0ZZGZ2,22.0,252476.8,102.07,103.41,103.41,103.41,8.51,103.05,10.31,103.4,245.0,,103.31,103.41,0.0,568181.9,0.0,2021-08-04,336.0,10.73,,,,11.1,,2020-06-03,1000.0,SUR,,,,,RUB
TQCB,2020-06-03,ВТБ Б-1-8,RU000A0ZZH84,66.0,8064976.4,102.61,103.26,103.23,103.23,3.29,102.97,5.36,103.26,7832.0,102.97,102.97,103.23,8064976.4,8064976.4,8064976.4,2021-08-24,429.0,5.59,,,,19.95,,2020-06-03,1000.0,SUR,,,,,RUB
TQCB,2020-06-03,СберИОС22,RU000A0ZZL54,9.0,720054.0,101.7,101.9,101.9,101.9,,101.7,,101.7,708.0,100.62,101.7,101.9,3449110.2,721063.0,3449110.2,2021-10-14,498.0,0.0,,,,0.31,,2020-06-03,1000.0,SUR,,,,,RUB
TQCB,2020-06-03,КрасЯрКр16,RU000A0ZZM87,1.0,1004.2,100.42,100.42,100.42,100.42,17.88,100.42,8.81,100.42,1.0,,,100.42,0.0,0.0,0.0,2025-09-12,929.0,8.81,,,,21.69,,2020-06-03,1000.0,SUR,,,,,RUB
TQCB,2020-06-03,СберИОС23,RU000A0ZZMB1,17.0,4459788.0,120.6,120.6,120.6,120.6,,120.6,,120.6,3698.0,120.6,120.6,120.6,4459788.0,4459788.0,4459788.0,2022-03-24,659.0,0.0,,,,0.35,,2020-06-03,1000.0,SUR,,,,,RUB
TQCB,2020-06-03,СолЛизБО02,RU000A0ZZMQ9,10.0,125776.9,98.83,99.19,98.84,98.88,26.26,99.04,15.29,98.83,127.0,,98.46,98.88,0.0,710880.9,0.0,2023-09-19,432.0,15.1,,,,33.66,2021-09-21,2020-06-03,1000.0,SUR,,14.8356,,2021-10-05,RUB
TQCB,2020-06-03,Якут-11 об,RU000A0ZZNJ2,2.0,6537.1,108.95,108.96,108.96,108.96,0.49,108.95,6.11,108.95,6.0,109.02,109.0,108.96,22567221.1,21816392.6,22567221.1,2025-09-24,1083.0,6.11,,,,22.31,,2020-06-03,1000.0,SUR,,,,,RUB
TQCB,2020-06-03,ДерПлат1P2,RU000A0ZZNL8,1.0,15000.0,100.0,100.0,100.0,100.0,4.27,100.0,12.34,100.0,15.0,99.99,99.99,100.0,6599636.0,3622804.0,6599636.0,2023-05-18,169.0,12.34,,,,59.84,2020-11-19,2020-06-03,1000.0,SUR,,11.9038,,2020-11-24,RUB
TQCB,2020-06-03,ЛегионБО-1,RU000A0ZZNV7,23.0,124461.1,100.2,100.48,100.2,100.21,22.25,100.37,13.67,100.44,124.0,,100.39,100.21,0.0,501937.6,0.0,2021-10-04,124.0,13.11,,,,69.81,2020-10-05,2020-06-03,1000.0,SUR,,13.2247,,2020-10-08,RUB
TQCB,2020-06-03,СберИОС29,RU000A0ZZP27,7.0,361955.0,102.4,102.7,102.7,102.7,,102.54,,102.4,353.0,,101.4,102.7,0.0,658071.0,0.0,2021-11-11,526.0,0.0,,,,0.31,,2020-06-03,1000.0,SUR,,,,,RUB
TQCB,2020-06-03,РСХБ БО-6Р,RU000A0ZZPZ3,3.0,13884.2,106.41,107.28,107.28,107.28,11.59,106.8,5.74,106.41,13.0,,107.42,107.28,0.0,562866.1,0.0,2022-10-14,791.0,5.96,,,,44.88,,2020-06-03,1000.0,SUR,,,,,RUB
TQCB,2020-06-03,СветофорП1,RU000A0ZZQ59,9.0,248781.8,102.1,102.49,102.49,102.46,16.49,102.38,7.49,102.37,243.0,,102.35,102.46,0.0,502540.2,0.0,2020-10-20,136.0,7.8,,,,34.9,,2020-06-03,1000.0,SUR,,,,,RUB
TQCB,2020-06-03,СберИОС31,RU000A0ZZQK3,1.0,51009.0,104.1,104.1,104.1,104.1,,104.1,,104.1,49.0,,100.9,104.1,0.0,1331905.3,0.0,2022-10-27,876.0,0.0,,,,0.4,,2020-06-03,1000.0,SUR,,,,,RUB
TQCB,2020-06-03,ФСК ЕЭС1Р1,RU000A0ZZQN7,3.0,27428291.8,109.5,109.84,109.7,109.7,9.77,109.7,5.65,109.84,25003.0,109.64,109.63,109.7,54991827.9,54986322.9,54991827.9,2023-10-19,1080.0,5.65,,,,21.69,,2020-06-03,1000.0,SUR,,,,,RUB
TQCB,2020-06-03,ХабарКрай7,RU000A0ZZQQ0,2.0,2239.4,111.96,111.98,111.96,111.96,9.86,111.97,5.86,111.98,2.0,110.97,110.87,111.96,1402685.4,1281612.0,1402685.4,2025-10-24,1290.0,5.86,,,,22.44,,2020-06-03,1000.0,SUR,,,,,RUB
TQCB,2020-06-03,ЛипецкОб10,RU000A0ZZR33,1.0,852.4,106.55,106.55,106.55,106.55,6.76,106.55,6.08,106.55,1.0,,106.8,106.55,0.0,1044937.68,0.0,2025-10-21,908.0,6.08,,,,17.09,,2020-06-03,800.0,SUR,,,,,RUB
TQCB,2020-06-03,ДрктЛиз1P3,RU000A0ZZR90,27.0,136298.6,98.5,99.24,99.24,99.2,13.81,98.77,15.42,98.91,138.0,,99.04,99.2,0.0,517965.9,0.0,2021-10-26,466.0,15.84,,,,34.9,,2020-06-03,1000.0,SUR,,,,,RUB
TQCB,2020-06-03,АЛЬФА-Б2Р2,RU000A0ZZRB0,27.0,1580002.3,104.0,104.4,104.35,104.35,8.09,104.15,5.78,104.38,1517.0,104.15,104.15,104.35,1580002.3,1580002.3,1580002.3,2021-11-01,493.0,5.93,,,,44.87,,2020-06-03,1000.0,SUR,,,,,RUB
TQCB,2020-06-03,ТрансмхПБ2,RU000A0ZZRZ9,2.0,45958.0,104.45,104.45,104.45,104.45,8.27,104.45,5.88,104.45,44.0,104.47,104.5,104.45,9589214.4,8389221.3,9589214.4,2021-10-29,490.0,5.88,,,,45.62,,2020-06-03,1000.0,SUR,,,,,RUB
TQCB,2020-06-03,КамчКрай01,RU000A0ZZSW4,3.0,4457.3,109.8,112.99,112.99,112.99,3.97,111.43,5.1,109.8,4.0,,112.14,112.99,0.0,512502.6,0.0,2024-11-11,1127.0,5.58,,,,22.56,,2020-06-03,1000.0,SUR,,,,,RUB
TQCB,2020-06-03,УрКаПБО5P,RU000A0ZZT80,14.0,575935.5,104.6,104.85,104.7,104.7,5.61,104.72,5.92,104.78,550.0,104.72,104.72,104.7,575935.5,575935.5,575935.5,2021-11-09,501.0,5.9,,,,46.37,,2020-06-03,1000.0,SUR,,,,,RUB
TQCB,2020-06-03,ФПК 1P-05,RU000A0ZZTL5,1.0,23056497.5,100.25,100.25,100.25,100.25,3.61,100.25,6.09,100.25,22999.0,,100.18,100.25,0.0,69225710.5,0.0,2028-11-02,162.0,6.09,,,,32.86,2020-11-12,2020-06-03,1000.0,SUR,,,,,RUB
TQCB,2020-06-03,СберИОС28,RU000A0ZZTW2,14.0,3125350.1,107.4,107.41,107.4,107.4,,107.4,,107.4,2910.0,107.4,107.4,107.4,3125350.1,3125350.1,3125350.1,2021-12-20,565.0,0.0,,,,0.31,,2020-06-03,1000.0,SUR,,,,,RUB
TQCB,2020-06-03,РН БАНК1Р3,RU000A0ZZUK5,4.0,16983169.0,104.3,104.3,104.3,104.3,3.04,104.31,6.24,104.3,16283.0,104.3,104.3,104.3,125037965.7,49733369.0,125037965.7,2021-11-22,514.0,6.23,,,,46.38,,2020-06-03,1000.0,SUR,,,,,RUB
TQCB,2020-06-03,МСБЛиз2P01,RU000A0ZZUR0,69.0,607319.31,100.01,101.35,101.28,101.28,3.48,100.9,11.54,100.01,1304.0,100.9,100.9,101.28,607319.31,607319.31,607319.31,2021-05-09,168.0,12.45,,,,5.22,,2020-06-03,461.56,SUR,,,,,RUB
TQCB,2020-06-03,НижгорОб13,RU000A0ZZUT6,3.0,17598.4,109.99,109.99,109.99,109.99,2.47,109.99,4.41,109.99,20.0,,104.1,109.99,0.0,5325056.32,0.0,2024-05-24,821.0,4.41,,,,17.31,,2020-06-03,800.0,SUR,,,,,RUB
TQCB,2020-06-03,ГрузЦ БОП2,RU000A0ZZV03,4.0,197943.0,104.17,104.22,104.18,104.18,73.97,104.18,5.58,104.22,19.0,,103.67,104.18,0.0,507989.0,0.0,2020-11-12,157.0,5.58,,,,123.29,,2020-06-03,10000.0,SUR,,,,,RUB
TQCB,2020-06-03,ГТЛК 1P-12,RU000A0ZZV11,11.0,5358695.6,104.55,105.5,104.6,104.6,3.25,104.6,6.74,105.5,5123.0,104.6,104.6,104.6,5358695.6,5358695.6,5358695.6,2033-11-04,503.0,6.74,,,,24.68,2021-11-19,2020-06-03,1000.0,SUR,,6.6584,,2021-11-24,RUB
TQCB,2020-06-03,Роделен1Р1,RU000A0ZZV52,50.0,181453.8,99.71,99.9,99.87,99.88,2.57,99.78,13.45,99.71,364.0,,99.77,99.88,0.0,501957.85,0.0,2021-11-10,254.0,13.6,,,,5.13,,2020-06-03,499.6,SUR,,,,,RUB
TQCB,2020-06-03,ИА ДОМ 6P2,RU000A0ZZV86,16.0,2576325.74,106.6,106.85,106.61,106.6,0.97,106.61,6.9806,106.85,4055.0,106.61,106.61,106.6,2576325.74,2576325.74,2576325.74,2048-05-28,773.0,6.9806,,,,14.95,2026-08-28,2020-06-03,595.96,SUR,,,,,RUB
TQCB,2020-06-03,СберИОС41,RU000A0ZZW51,4.0,3052019.0,101.7,101.9,101.9,101.9,,101.7,,101.7,3001.0,101.49,101.65,101.9,3942845.5,3488486.5,3942845.5,2020-12-15,195.0,0.0,,,,0.2,,2020-06-03,1000.0,SUR,,,,,RUB
TQCB,2020-06-03,РоялКапБО2,RU000A0ZZWG9,7.0,33078.8,100.0,100.34,100.0,100.0,0.38,100.24,14.75,100.34,33.0,,99.75,100.0,0.0,501730.3,0.0,2020-12-01,178.0,14.19,,,,34.9,,2020-06-03,1000.0,SUR,,,,,RUB
TQCB,2020-06-03,ОАЭ  БО-П1,RU000A0ZZWJ3,70.0,404808.6,100.52,101.3,100.9,100.95,2.26,100.95,14.07,101.06,401.0,,101.01,100.95,0.0,503048.2,0.0,2023-02-12,646.0,14.04,,,,11.3,,2020-06-03,1000.0,SUR,,,,,RUB
TQCB,2020-06-03,СберБ Б52R,RU000A0ZZWZ9,27.0,8032583.2,104.5,104.85,104.85,104.85,26.39,104.78,5.46,104.61,7666.0,104.78,104.78,104.85,8032583.2,8032583.2,8032583.2,2022-02-07,572.0,5.5,,,,42.13,,2020-06-03,1000.0,SUR,,,,,RUB
TQCB,2020-06-03,РЖД 1Р-10R,RU000A0ZZX19,21.0,210464.3,106.4,111.99,111.99,110.66,43.15,106.83,2.58,106.41,197.0,,107.87,110.66,0.0,564158.2,0.0,2022-06-03,660.0,5.18,,,,43.63,,2020-06-03,1000.0,SUR,,,,,RUB
TQCB,2020-06-03,ПР-Лиз 1P2,RU000A0ZZX35,50.0,2365159.5,99.99,100.15,100.0,100.0,29.45,100.01,10.94,100.01,2365.0,100.01,100.01,100.0,2365159.5,2365159.5,2365159.5,2021-12-06,502.0,10.93,,,,31.16,,2020-06-03,1000.0,SUR,,3.8768,,2020-06-16,RUB
TQCB,2020-06-03,ГПБ001P03P,RU000A0ZZXM5,7.0,556550.5,107.0,108.5,108.5,108.5,42.42,107.65,4.57,108.5,517.0,108.04,108.04,108.5,1246810.5,1246810.5,1246810.5,2022-06-13,669.0,5.0,,,,44.87,,2020-06-03,1000.0,SUR,,,,,RUB
TQCB,2020-06-03,КЕБ БО1Р02,RU000A0ZZXP8,56.0,1462864.4,100.15,100.8,100.37,100.37,35.96,100.47,6.87,100.47,1456.0,100.47,100.47,100.37,1462864.4,1462864.4,1462864.4,2020-12-09,182.0,6.67,,,,37.4,,2020-06-03,1000.0,SUR,,,,,RUB
TQCB,2020-06-03,ВсИнстрБО1,RU000A0ZZXT0,34.0,644286.8,101.48,101.97,101.79,101.79,26.15,101.62,8.19,101.48,634.0,101.62,101.62,101.79,644286.8,644286.8,644286.8,2021-12-09,183.0,8.54,,,,28.67,2020-12-10,2020-06-03,1000.0,SUR,,7.9176,,2020-12-15,RUB
TQCB,2020-06-03,СолЛизБО03,RU000A0ZZY42,4.0,34790.7,99.15,99.6,99.59,99.59,29.22,99.4,15.09,99.15,35.0,,98.74,99.59,0.0,534159.1,0.0,2023-12-11,185.0,15.51,,,,33.66,2020-12-14,2020-06-03,1000.0,SUR,,13.9816,,2020-12-28,RUB
TQCB,2020-06-03,Калсб 1P01,RU000A0ZZYL5,101.0,1630369.8,100.0,100.11,100.09,100.09,60.55,100.08,13.34,100.09,1629.0,100.08,100.08,100.09,1630369.8,1630369.8,1630369.8,2023-12-11,494.0,13.35,,,,64.82,2021-12-13,2020-06-03,1000.0,SUR,,13.1601,,2021-12-20,RUB
TQCB,2020-06-03,ОАЭ  БО-П2,RU000A0ZZYP6,54.0,628071.7,100.6,100.97,100.86,100.86,8.66,100.65,14.11,100.63,624.0,100.65,100.65,100.86,628071.7,628071.7,628071.7,2023-02-25,651.0,14.24,,,,11.3,,2020-06-03,1000.0,SUR,,,,,RUB
TQCB,2020-06-03,ВТБ Б-1-10,RU000A0ZZYR2,62.0,6126651.6,100.08,100.14,100.13,100.13,17.19,100.11,4.79,100.13,6120.0,100.11,100.11,100.13,6126651.6,6126651.6,6126651.6,2020-06-17,14.0,5.33,,,,20.32,,2020-06-03,1000.0,SUR,,,4.0948,,RUB
TQCB,2020-06-03,ИА ДОМ 8P2,RU000A0ZZZ09,1.0,73981.74,105.85,105.85,105.85,105.85,11.91,105.85,7.0446,105.85,100.0,,105.87,105.85,0.0,594911.39,0.0,2044-12-28,880.0,7.0446,,,,16.35,2027-09-28,2020-06-03,698.93,SUR,,,,,RUB
TQCB,2020-06-03,НКНХ 1Р-01,RU000A0ZZZ17,15.0,4263035.1,117.02,118.97,118.74,118.74,44.61,118.75,5.83,117.05,3590.0,118.75,118.75,118.74,4263035.1,4263035.1,4263035.1,2028-12-07,1585.0,5.82,,,,48.62,2025-12-11,2020-06-03,1000.0,SUR,,5.8101,,2025-12-16,RUB
TQCB,2020-06-03,АЛЬФА-Б2Р3,RU000A0ZZZ66,24.0,567487.4,106.0,107.95,107.95,107.7,41.34,106.87,5.14,106.06,531.0,106.87,106.87,107.7,567487.4,567487.4,567487.4,2022-06-24,677.0,5.69,,,,46.13,,2020-06-03,1000.0,SUR,,,,,RUB
TQCB,2020-06-03,СовкЛиз1P1,RU000A0ZZZN8,17.0,604414.2,102.41,103.53,102.42,102.42,20.13,102.44,7.99,103.53,590.0,102.44,102.44,102.42,604414.2,604414.2,604414.2,2021-12-21,340.0,7.97,,,,25.8,,2020-06-03,1000.0,SUR,,,,,RUB
TQCB,2020-06-03,ВЭБ 1P-12,RU000A0ZZZP3,12.0,415290.4,104.8,105.48,104.99,104.99,17.78,104.87,5.88,104.8,396.0,,104.93,104.99,0.0,842599.3,0.0,2021-12-21,526.0,5.96,,,,22.79,,2020-06-03,1000.0,SUR,,,,,RUB
TQCB,2020-06-03,iСЛТ001P02,RU000A0ZZZU3,74.0,8786530.3,102.79,103.44,102.8,102.8,48.52,102.87,9.22,103.44,8541.0,102.87,102.87,102.8,8786530.3,8786530.3,8786530.3,2021-12-22,513.0,9.17,,,,54.85,,2020-06-03,1000.0,SUR,,,,,RUB
TQCB,2020-06-03,Автодор2Р2,RU000A100048,1.0,5010000.0,100.2,100.2,100.2,100.2,35.07,100.2,4.61,100.2,5000.0,100.33,100.21,100.2,10003124.8,5107489.8,10003124.8,2021-12-23,22.0,4.61,,,,39.89,2020-06-25,2020-06-03,1000.0,SUR,,,,,RUB
TQCB,2020-06-03,ВТБ Б-1-13,RU000A100089,43.0,4221533.7,100.15,100.23,100.21,100.21,15.18,100.2,4.85,100.22,4213.0,100.2,100.2,100.21,4221533.7,4221533.7,4221533.7,2020-06-26,23.0,5.01,,,,20.32,,2020-06-03,1000.0,SUR,,,4.3826,,RUB
TQCB,2020-06-03,СберИОС48,RU000A1000J1,3.0,285600.0,95.2,95.2,95.2,95.2,,95.2,,95.2,300.0,93.81,93.81,95.2,894036.8,894036.8,894036.8,2022-08-08,796.0,0.0,,,,0.35,,2020-06-03,1000.0,SUR,,,,,RUB
TQCB,2020-06-03,РедСофт1P2,RU000A1000V6,43.0,789542.6,103.0,104.89,103.7,103.7,7.4,103.61,9.68,103.67,762.0,103.61,103.61,103.7,789542.6,789542.6,789542.6,2021-05-13,327.0,9.79,,,,33.66,,2020-06-03,1000.0,SUR,,,,,RUB
TQCB,2020-06-03,СберИОС49,RU000A1001M3,2.0,19500.0,97.5,97.5,97.5,97.5,,97.5,,97.5,20.0,,96.51,97.5,0.0,774040.6,0.0,2021-02-12,254.0,0.0,,,,0.2,,2020-06-03,1000.0,SUR,,,,,RUB
TQCB,2020-06-03,ММЦБ П01-1,RU000A1001T8,1.0,1060.0,106.0,106.0,106.0,106.0,26.26,106.0,2.57,106.0,1.0,,103.33,106.0,0.0,500131.1,0.0,2029-01-12,194.0,2.57,,,,33.66,2020-12-22,2020-06-03,1000.0,SUR,,2.469,,2020-12-25,RUB
TQCB,2020-06-03,Росбанк2P4,RU000A100220,6.0,107411.6,105.0,105.44,105.0,105.01,30.65,105.31,5.83,105.43,102.0,,105.03,105.01,0.0,692120.2,0.0,2022-01-31,563.0,5.63,,,,44.87,,2020-06-03,1000.0,SUR,,,,,RUB
TQCB,2020-06-03,МТС 1P-07,RU000A100238,4.0,16462.3,109.04,109.8,109.8,109.8,8.58,109.75,5.82,109.8,15.0,,109.11,109.8,0.0,1090025.0,0.0,2024-01-23,1154.0,5.84,,,,21.69,,2020-06-03,1000.0,SUR,,,,,RUB
TQCB,2020-06-03,РЖД 1Р-12R,RU000A1002C2,4.0,4395.4,107.73,113.98,110.1,108.52,29.56,109.89,5.68,113.98,4.0,,109.56,108.52,0.0,757092.6,0.0,2024-01-26,1148.0,5.74,,,,43.38,,2020-06-03,1000.0,SUR,,,,,RUB
TQCB,2020-06-03,ГПБ 1P-05P,RU000A1002E8,40.0,5648322.0,107.87,108.6,107.9,107.9,31.08,107.94,5.98,108.6,5233.0,107.94,107.94,107.9,5648322.0,5648322.0,5648322.0,2023-01-31,864.0,5.97,,,,45.62,,2020-06-03,1000.0,SUR,,,,,RUB
TQCB,2020-06-03,ИКС5Фин1P4,RU000A1002L3,4.0,324250.1,102.8,103.0,102.8,102.8,28.18,102.94,6.05,103.0,315.0,102.88,102.89,102.8,3617378.3,3360378.3,3617378.3,2034-01-16,404.0,5.92,,,,42.38,2021-08-02,2020-06-03,1000.0,SUR,,5.9894,,2021-08-05,RUB
TQCB,2020-06-03,Мегафон1P5,RU000A1002P4,7.0,1169045.9,104.2,104.5,104.5,104.5,28.34,104.47,5.75,104.2,1119.0,104.51,104.49,104.5,1223766.7,1182822.9,1223766.7,2022-01-31,565.0,5.77,,,,42.63,,2020-06-03,1000.0,SUR,,,,,RUB
TQCB,2020-06-03,Магнит3Р01,RU000A1002U4,20.0,291843661.6,104.5,104.72,104.72,104.72,28.6,104.59,5.76,104.6,278724.0,104.71,104.71,104.72,291843661.6,291843661.6,291843661.6,2022-02-01,565.0,5.85,,,,43.38,,2020-06-03,1000.0,SUR,,,,,RUB
TQCB,2020-06-03,НафттрнБО1,RU000A100303,25.0,505506.0,100.55,102.34,101.2,101.2,11.1,101.1,13.9,100.55,50.0,101.1,101.1,101.2,505506.0,505506.0,505506.0,2024-01-11,1050.0,13.93,,,,110.96,,2020-06-03,10000.0,SUR,,11.6941,,2021-02-04,RUB
TQCB,2020-06-03,ГТЛК 1P-13,RU000A1003A4,7.0,4323238.8,104.3,104.49,104.49,104.49,6.77,104.3,6.81,104.49,4145.0,104.33,104.32,104.49,5219854.6,4873953.8,5219854.6,2034-01-20,570.0,6.93,,,,23.68,2022-02-04,2020-06-03,1000.0,SUR,,6.7374,,2022-02-09,RUB
TQCB,2020-06-03,КАМАЗ БОП1,RU000A1003C0,3.0,10837.2,103.1,103.88,103.88,103.88,21.64,103.21,6.01,103.1,14.0,103.12,103.46,103.88,8974233.96,1997305.88,8974233.96,2022-02-04,459.0,6.54,,,,33.66,,2020-06-03,750.0,SUR,,,,,RUB
TQCB,2020-06-03,АПРИФП БП1,RU000A1003E6,117.0,682273.5,101.3,103.34,103.21,103.21,11.84,103.06,14.72,101.3,662.0,103.06,103.06,103.21,682273.5,682273.5,682273.5,2022-01-27,529.0,14.84,,,,13.15,,2020-06-03,1000.0,SUR,,,,,RUB
TQCB,2020-06-03,СберИОС57,RU000A1003G1,4.0,3225717.0,129.8,130.9,129.8,129.8,,129.81,,130.9,2485.0,131.49,130.61,129.8,20318128.4,7358368.4,20318128.4,2022-03-21,656.0,0.0,,,,0.31,,2020-06-03,1000.0,SUR,,,,,RUB
TQCB,2020-06-03,ФолксвБ1P3,RU000A1003L1,12.0,1585087.0,104.61,104.94,104.89,104.89,26.82,104.7,5.92,104.61,1514.0,104.7,104.7,104.89,1585087.0,1585087.0,1585087.0,2022-02-15,578.0,6.04,,,,44.62,,2020-06-03,1000.0,SUR,,,,,RUB
TQCB,2020-06-03,ФридФинБО1,RU000A1003N7,25.0,664243.8,106.05,107.0,106.05,106.13,36.49,106.62,8.25,106.71,623.0,106.62,106.62,106.13,664243.8,664243.8,664243.8,2022-02-10,560.0,7.88,,,,59.84,,2020-06-03,1000.0,SUR,,,,,RUB
TQCB,2020-06-03,РН БАНК1Р4,RU000A1003Q0,8.0,2561956.1,104.1,104.55,104.55,104.55,27.32,104.27,6.39,104.1,2457.0,104.31,104.31,104.55,3024893.9,3024893.9,3024893.9,2022-02-16,577.0,6.56,,,,45.88,,2020-06-03,1000.0,SUR,,,,,RUB
TQCB,2020-06-03,ТойотаБ1P2,RU000A100436,6.0,174744.7,102.22,105.58,105.58,105.58,24.93,105.1,5.38,102.22,166.0,,104.95,105.58,0.0,21161491.2,0.0,2022-02-21,585.0,5.67,,,,43.87,,2020-06-03,1000.0,SUR,,,,,RUB
TQCB,2020-06-03,Магнит3Р02,RU000A1004G9,24.0,734726.5,102.02,102.3,102.2,102.2,23.05,102.05,5.42,102.27,720.0,102.05,102.05,102.2,734726.5,734726.5,734726.5,2021-02-23,258.0,5.64,,,,42.38,,2020-06-03,1000.0,SUR,,,,,RUB
TQCB,2020-06-03,ЕвропланБ5,RU000A1004K1,73.0,630970.3,101.03,101.6,101.4,101.4,26.18,101.44,7.85,101.5,622.0,101.44,101.44,101.4,630970.3,630970.3,630970.3,2029-02-14,258.0,7.8,,,,48.62,2021-02-24,2020-06-03,1000.0,SUR,,7.6743,,2021-03-01,RUB
TQCB,2020-06-03,СберИОС64,RU000A1004N5,4.0,161620.6,94.5,95.58,94.9,94.9,,94.51,,95.58,171.0,,94.23,94.9,0.0,554078.0,0.0,2022-09-30,849.0,0.0,,,,0.35,,2020-06-03,1000.0,SUR,,,,,RUB
TQCB,2020-06-03,РЕСОЛизБП2,RU000A1004S4,5.0,112205.0,102.9,103.5,103.5,103.5,25.78,102.94,7.63,103.5,109.0,,103.18,103.5,0.0,507627.2,0.0,2022-02-24,583.0,7.99,,,,48.37,,2020-06-03,1000.0,SUR,,,,,RUB
TQCB,2020-06-03,ВЭБ 1P-15,RU000A1004U0,4.0,9640122.5,102.49,102.5,102.5,102.5,23.2,102.5,5.25,102.49,9405.0,,102.49,102.5,0.0,10189515.5,0.0,2021-02-25,260.0,5.25,,,,43.53,,2020-06-03,1000.0,SUR,,,,,RUB
TQCB,2020-06-03,НЗРМ БО-П1,RU000A1004Z9,3.0,41551.0,103.51,104.0,104.0,104.0,36.99,103.88,12.05,104.0,4.0,,104.02,104.0,0.0,509693.0,0.0,2022-08-12,697.0,12.11,,,,110.96,,2020-06-03,10000.0,SUR,,,,,RUB
TQCB,2020-06-03,БЭЛТИ БОП1,RU000A100535,55.0,472611.3,99.52,100.0,99.88,99.88,0.3,99.82,14.9,99.97,607.0,,99.78,99.88,0.0,560355.84,0.0,2022-03-01,342.0,14.98,,,,27.23,,2020-06-03,780.0,SUR,,,,,RUB
TQCB,2020-06-03,Система1P9,RU000A1005L6,40.0,4216519.1,105.45,105.65,105.45,105.45,24.68,105.49,6.64,105.51,3997.0,105.49,105.49,105.45,4216519.1,4216519.1,4216519.1,2029-02-21,589.0,6.61,,,,49.36,2022-03-02,2020-06-03,1000.0,SUR,,6.5749,,2022-03-07,RUB
TQCB,2020-06-03,ГарИнв1P05,RU000A1005T9,531.0,10954013.8,95.12,96.65,96.31,96.31,19.4,96.32,14.67,96.65,11372.0,96.32,96.32,96.31,10954013.8,10954013.8,10954013.8,2024-04-05,713.0,14.67,,,,29.92,,2020-06-03,1000.0,SUR,,,,,RUB
TQCB,2020-06-03,РОЛЬФ 1Р01,RU000A1005Y9,64.0,985555.2,99.3,101.35,100.6,100.6,24.34,99.85,10.46,100.21,987.0,99.85,99.85,100.6,985555.2,985555.2,985555.2,2022-03-08,581.0,10.97,,,,26.05,,2020-06-03,1000.0,SUR,,,,,RUB
TQCB,2020-06-03,СберИОС67,RU000A100634,15.0,9637953.0,126.3,126.3,126.3,126.3,,126.3,,126.3,7631.0,126.3,126.3,126.3,9637953.0,9637953.0,9637953.0,2022-04-11,677.0,0.0,,,,0.3,,2020-06-03,1000.0,SUR,,,,,RUB
TQCB,2020-06-03,МясничБОП3,RU000A1006B5,99.0,831493.7,101.22,102.5,101.55,101.55,9.62,101.77,13.48,101.62,817.0,101.77,101.77,101.55,831493.7,831493.7,831493.7,2024-02-17,714.0,13.36,,,,11.1,,2020-06-03,1000.0,SUR,,,,,RUB
TQCB,2020-06-03,ПионЛизБП2,RU000A1006C3,137.0,989303.7,91.8,93.4,92.34,92.34,8.73,92.2,14.08,93.4,1073.0,92.2,92.2,92.34,989303.7,989303.7,989303.7,2029-01-21,1923.0,14.12,,,,10.07,,2020-06-03,1000.0,SUR,,,,,RUB
TQCB,2020-06-03,Мегафон1P6,RU000A1006G4,1.0,1111.0,111.1,111.1,111.1,111.1,19.26,111.1,5.67,111.1,1.0,,107.24,111.1,0.0,506149.9,0.0,2024-03-11,1190.0,5.67,,,,44.38,,2020-06-03,1000.0,SUR,,,,,RUB
TQCB,2020-06-03,БрайтФ БП1,RU000A100725,1.0,999.8,99.98,99.98,99.98,99.98,20.79,99.98,11.7,99.98,1.0,,99.84,99.98,0.0,903592.2,0.0,2029-03-15,22.0,11.7,,,,27.42,2020-06-25,2020-06-03,1000.0,SUR,,11.1716,,2021-04-01,RUB
TQCB,2020-06-03,АВТОБФ БП2,RU000A100733,23.0,198975.5,102.11,102.81,102.11,102.11,21.4,102.56,8.36,102.81,194.0,,102.6,102.11,0.0,2256105.2,0.0,2024-03-19,284.0,7.77,,,,54.85,2021-03-23,2020-06-03,1000.0,SUR,,8.243,,2021-03-26,RUB
TQCB,2020-06-03,ТрейдбБОП1,RU000A100741,22.0,187457.5,100.2,100.56,100.21,100.21,29.18,100.24,15.54,100.2,187.0,,99.97,100.21,0.0,514837.9,0.0,2021-03-23,274.0,15.49,,,,37.4,,2020-06-03,1000.0,SUR,,,,,RUB
TQCB,2020-06-03,СберБ Б78R,RU000A100758,83.0,11086648.4,102.04,102.4,102.27,102.27,15.28,102.16,5.36,102.4,10852.0,102.16,102.16,102.27,11086648.4,11086648.4,11086648.4,2021-03-26,289.0,5.5,,,,40.89,,2020-06-03,1000.0,SUR,,,,,RUB
TQCB,2020-06-03,Лента Б1P2,RU000A100782,7.0,67026.5,103.35,104.8,104.75,104.75,16.59,104.73,5.91,104.8,64.0,,104.6,104.75,0.0,13933819.0,0.0,2029-03-14,615.0,5.92,,,,43.13,2022-03-23,2020-06-03,1000.0,SUR,,5.8567,,2022-03-28,RUB
TQCB,2020-06-03,СберИОС70,RU000A1007B3,4.0,1112384.0,97.6,98.1,98.1,98.1,,98.09,,97.6,1134.0,97.75,97.75,98.1,4628374.0,4628374.0,4628374.0,2021-04-15,316.0,0.0,,,,0.2,,2020-06-03,1000.0,SUR,,,,,RUB
TQCB,2020-06-03,СберИОС71,RU000A1007C1,2.0,22050.0,105.0,105.0,105.0,105.0,,105.0,,105.0,21.0,104.79,104.79,105.0,5052942.0,5052942.0,5052942.0,2022-04-28,694.0,0.0,,,,0.3,,2020-06-03,1000.0,SUR,,,,,RUB
TQCB,2020-06-03,Славнеф1Р2,RU000A1007H0,11.0,186180.0,107.0,107.0,107.0,107.0,16.35,107.0,6.05,107.0,174.0,,107.0,107.0,0.0,10796300.0,0.0,2029-03-15,910.0,6.05,,,,21.57,2023-03-23,2020-06-03,1000.0,SUR,,6.0188,,2023-03-28,RUB
TQCB,2020-06-03,КАМАЗ БОП2,RU000A1007V1,12.0,696615.27,102.52,102.8,102.8,102.8,10.92,102.54,6.66,102.53,1014.0,102.54,102.54,102.8,696615.27,696615.27,696615.27,2022-03-25,451.0,6.88,,,,14.62,,2020-06-03,670.0,SUR,,,,,RUB
TQCB,2020-06-03,РЖД 1Р-13R,RU000A1007Z2,8.0,7598337.9,118.1,118.53,118.5,118.5,16.21,118.46,6.42,118.53,6414.0,118.54,118.47,118.5,126239617.1,7614932.1,126239617.1,2029-03-19,2330.0,6.43,,,,45.38,,2020-06-03,1000.0,SUR,,,,,RUB
TQCB,2020-06-03,Тинькофф2R,RU000A1008B1,116.0,7876529.4,103.38,103.86,103.45,103.45,15.97,103.46,7.31,103.52,7613.0,103.46,103.46,103.45,7876529.4,7876529.4,7876529.4,2029-03-21,619.0,7.31,,,,46.12,2022-03-30,2020-06-03,1000.0,SUR,,7.2478,,2022-04-04,RUB
TQCB,2020-06-03,РЖД 1Р-14R,RU000A1008D7,15.0,68110.5,118.65,119.58,119.55,119.55,4.74,119.49,6.31,119.52,57.0,,118.56,119.55,0.0,1407353.6,0.0,2029-05-04,2379.0,6.32,,,,45.38,,2020-06-03,1000.0,SUR,,,,,RUB
TQCB,2020-06-03,Систем1P10,RU000A1008J4,34.0,12481409.3,106.85,107.0,107.0,107.0,16.55,106.99,6.7,106.85,11666.0,106.99,106.99,107.0,12481409.3,12481409.3,12481409.3,2029-03-23,771.0,6.71,,,,49.36,2022-09-30,2020-06-03,1000.0,SUR,,6.6564,,2022-10-05,RUB
TQCB,2020-06-03,iРОСНАНО 8,RU000A1008V9,79.0,941590.6,104.2,104.9,104.3,104.3,13.44,104.39,-3.92,104.75,902.0,104.39,104.39,104.3,941590.6,941590.6,941590.6,2028-03-27,124.0,-4.16,,,,42.18,2020-10-05,2020-06-03,1000.0,SUR,,,,,RUB
TQCB,2020-06-03,СеверстБ06,RU000A1008W7,11.0,13184.4,109.4,109.99,109.76,109.76,13.51,109.87,5.85,109.97,12.0,,109.1,109.76,0.0,649124.0,0.0,2029-03-27,1216.0,5.82,,,,43.13,2024-04-02,2020-06-03,1000.0,SUR,,5.8405,,2024-04-04,RUB
TQCB,2020-06-03,ЕврХимБ1Р3,RU000A1008Z0,16.0,4948783.4,105.0,106.23,106.2,106.2,12.88,105.0,5.05,105.02,4713.0,105.0,105.0,106.2,4948783.4,4948783.4,4948783.4,2022-04-09,633.0,5.74,,,,42.87,,2020-06-03,1000.0,SUR,,,,,RUB
TQCB,2020-06-03,СберИОС77,RU000A100931,4.0,255535.0,104.3,104.3,104.3,104.3,,104.3,,104.3,245.0,103.9,103.9,104.3,2175716.0,2175716.0,2175716.0,2022-05-13,709.0,0.0,,,,0.3,,2020-06-03,1000.0,SUR,,,,,RUB
TQCB,2020-06-03,АЛЬФА-Б2Р4,RU000A100998,25.0,64477837.8,102.31,103.0,102.5,102.5,12.18,102.39,5.6,102.39,62970.0,102.39,102.39,102.5,64477837.8,64477837.8,64477837.8,2021-04-13,307.0,5.73,,,,42.87,,2020-06-03,1000.0,SUR,,,,,RUB
TQCB,2020-06-03,ДетМир БО7,RU000A1009B9,44.0,130500.0,104.45,105.72,105.5,105.5,12.44,105.24,5.81,104.45,124.0,,104.9,105.5,0.0,501430.0,0.0,2026-04-06,633.0,5.96,,,,44.38,2022-04-11,2020-06-03,1000.0,SUR,,5.778,,2022-04-13,RUB
TQCB,2020-06-03,ФЭС-АгроБ1,RU000A1009R5,18.0,129516.0,102.17,102.99,102.6,102.6,18.41,102.79,8.77,102.17,126.0,,102.99,102.6,0.0,511855.1,0.0,2021-04-15,174.0,8.35,,,,34.9,,2020-06-03,1000.0,SUR,,,,,RUB
TQCB,2020-06-03,О'КЕЙ Б1Р2,RU000A1009Z8,45.0,250351.8,103.8,103.99,103.9,103.9,12.04,103.88,7.29,103.98,241.0,,103.82,103.9,0.0,501433.4,0.0,2029-04-06,627.0,7.3,,,,23.31,2022-04-15,2020-06-03,1000.0,SUR,,7.2225,,2022-04-20,RUB
TQCB,2020-06-03,БКЕ БО 1P2,RU000A100A33,2.0,15466150.0,104.5,104.65,104.5,104.5,9.6,104.5,6.08,104.65,14800.0,,104.54,104.5,0.0,60655800.7,0.0,2022-04-23,646.0,6.08,,,,42.87,,2020-06-03,1000.0,SUR,,,,,RUB
TQCB,2020-06-03,ЭлемЛиз1P2,RU000A100A41,1.0,19834.56,102.24,102.24,102.24,102.24,9.37,102.24,8.53,102.24,25.0,,101.94,102.24,0.0,534778.9,0.0,2022-04-19,415.0,8.53,,,,19.83,,2020-06-03,776.0,SUR,,,,,RUB
TQCB,2020-06-03,МТС 1P-08,RU000A100A58,2.0,11880.0,108.0,108.0,108.0,108.0,10.13,108.0,4.9,108.0,11.0,,105.83,108.0,0.0,2760062.4,0.0,2022-10-17,790.0,4.9,,,,20.94,,2020-06-03,1000.0,SUR,,,,,RUB
TQCB,2020-06-03,ТАЛАНФБ1P1,RU000A100AA4,75.0,1238724.96,100.39,100.62,100.49,100.49,13.48,100.48,15.44,100.6,1541.0,100.48,100.48,100.49,1238724.96,1238724.96,1238724.96,2022-04-21,490.0,15.45,,,,29.92,,2020-06-03,800.0,SUR,,,,,RUB
TQCB,2020-06-03,ИКС5Фин1P5,RU000A100AB2,2.0,14602.0,104.3,104.3,104.3,104.3,9.95,104.3,6.08,104.3,14.0,104.54,104.39,104.3,1708219.1,568922.5,1708219.1,2034-04-04,643.0,6.08,,,,42.13,2022-04-19,2020-06-03,1000.0,SUR,,6.0381,,2022-04-22,RUB
TQCB,2020-06-03,ХКФинБ1P3,RU000A100AP2,5.0,167472.0,103.8,104.4,103.8,103.8,11.23,104.02,8.04,104.4,161.0,,103.81,103.8,0.0,4009314.0,0.0,2022-04-21,629.0,7.91,,,,24.93,,2020-06-03,1000.0,SUR,,,,,RUB
TQCB,2020-06-03,ТКХ БО-П03,RU000A100AZ1,7.0,2852360.6,104.28,104.46,104.29,104.29,10.68,104.29,7.4,104.46,2735.0,104.37,104.29,104.29,5620421.1,4705699.6,5620421.1,2029-04-13,640.0,7.4,,,,48.62,2022-04-22,2020-06-03,1000.0,SUR,,7.3337,,2022-04-27,RUB
TQCB,2020-06-03,Автодор2Р3,RU000A100B40,15.0,132542.0,102.6,102.8,102.6,102.68,9.53,102.75,5.72,102.75,129.0,,102.62,102.68,0.0,888706.8,0.0,2021-04-23,317.0,5.55,,,,43.38,,2020-06-03,1000.0,SUR,,,,,RUB
TQCB,2020-06-03,СберИОС83,RU000A100B57,2.0,604605.0,100.5,100.6,100.5,100.5,,100.6,,100.6,601.0,99.66,99.66,100.5,3163225.4,3153261.4,3163225.4,2022-05-30,726.0,0.0,,,,0.3,,2020-06-03,1000.0,SUR,,,,,RUB
TQCB,2020-06-03,РУСАБрБ1P1,RU000A100BB0,10.0,24245821.0,104.0,104.3,104.3,104.3,9.12,104.04,6.65,104.0,23304.0,104.04,104.04,104.3,24245821.0,24245821.0,24245821.0,2029-04-16,646.0,6.8,,,,44.88,2022-04-25,2020-06-03,1000.0,SUR,,6.6178,,2022-04-27,RUB
TQCB,2020-06-03,ВЭБ 1P-16,RU000A100BM7,5.0,967180.0,104.9,105.1,104.9,104.9,8.55,104.9,5.98,105.1,922.0,105.01,104.92,104.9,1296831.4,1039779.2,1296831.4,2022-04-26,649.0,5.98,,,,43.23,,2020-06-03,1000.0,SUR,,,,,RUB
TQCB,2020-06-03,ОАЭ  БО-П3,RU000A100CG7,151.0,1586812.1,100.3,100.9,100.5,100.5,3.01,100.56,14.43,100.89,1578.0,100.56,100.56,100.5,1586812.1,1586812.1,1586812.1,2024-05-22,945.0,14.4,,,,11.68,,2020-06-03,1000.0,SUR,,,,,RUB
TQCB,2020-06-03,Якут-12 об,RU000A100CN3,3.0,13457.0,110.85,118.6,118.6,112.14,3.29,112.14,3.74,110.85,12.0,,109.5,112.14,0.0,55471140.5,0.0,2026-05-13,1296.0,5.38,,,,21.42,,2020-06-03,1000.0,SUR,,,,,RUB
TQCB,2020-06-03,АйДиЭфБ01,RU000A100CT0,95.0,615739.4,100.36,100.94,100.64,100.68,5.34,100.61,15.05,100.89,612.0,100.61,100.61,100.68,615739.4,615739.4,615739.4,2022-05-19,332.0,15.09,,,,37.4,2021-05-20,2020-06-03,1000.0,SUR,,14.7934,,2021-05-25,RUB
TQCB,2020-06-03,Беларусь03,RU000A100D30,202.0,5823558.3,102.0,102.65,102.25,102.25,28.2,102.26,7.64,102.65,5695.0,102.26,102.26,102.25,5823558.3,5823558.3,5823558.3,2022-08-03,720.0,7.63,,,,43.13,,2020-06-03,1000.0,SUR,,,,,RUB
TQCB,2020-06-03,Беларусь04,RU000A100D63,121.0,8140547.7,102.16,102.75,102.25,102.25,28.2,102.51,7.64,102.59,7941.0,102.51,102.51,102.25,8140547.7,8140547.7,8140547.7,2022-08-03,720.0,7.5,,,,43.13,,2020-06-03,1000.0,SUR,,,,,RUB
EQOB,2020-06-03,Беларусь07,RU000A100D89,1130.0,118691723.4,100.55,100.94,100.6,100.6,6.29,100.59,8.52,100.94,117990.0,100.59,100.59,100.6,118691723.4,118691723.4,118691723.4,2025-05-01,1495.0,8.52,,,,42.38,,2020-06-03,1000.0,SUR,,,,,RUB
TQCB,2020-06-03,СберИОС88,RU000A100DA8,15.0,2140570.4,99.23,99.77,99.7,99.7,,99.7,,99.23,2147.0,99.7,99.7,99.7,2140570.4,2140570.4,2140570.4,2020-06-16,13.0,0.0,,,,0.1,,2020-06-03,1000.0,SUR,,,,,RUB
TQCB,2020-06-03,МСБЛиз2Р02,RU000A100DC4,47.0,492244.5,97.91,98.1,98.05,98.05,4.54,98.06,14.85,98.1,502.0,,98.05,98.05,0.0,555970.5,0.0,2024-04-30,610.0,14.85,,,,10.48,,2020-06-03,1000.0,SUR,,,,,RUB
TQCB,2020-06-03,ЧЗПСНП БП1,RU000A100DF7,77.0,468645.68,100.7,100.99,100.7,100.73,2.71,100.83,13.92,100.81,581.0,,100.83,100.73,0.0,509780.88,0.0,2022-05-23,527.0,13.82,,,,27.42,,2020-06-03,800.0,SUR,,,,,RUB
TQCB,2020-06-03,ЕвропланБ6,RU000A100DG5,4.0,11053.1,100.03,101.69,101.69,101.69,2.06,100.48,7.71,100.03,11.0,,101.06,101.69,0.0,501277.0,0.0,2029-05-15,348.0,9.07,,,,46.87,2021-05-25,2020-06-03,1000.0,SUR,,-74.3192,,2021-05-28,RUB
TQCB,2020-06-03,ТЕХЛиз 1P1,RU000A100DM3,56.0,392528.9,98.4,99.77,99.44,99.44,3.01,99.12,15.32,99.77,396.0,,99.23,99.44,0.0,653924.6,0.0,2021-05-25,275.0,15.82,,,,34.28,,2020-06-03,1000.0,SUR,,,,,RUB
TQCB,2020-06-03,СовкомБОП1,RU000A100DZ5,25.0,2659898.4,102.22,102.59,102.45,102.27,1.48,102.27,6.56,102.22,2596.0,102.46,102.46,102.27,2659898.4,2659898.4,2659898.4,2029-05-17,346.0,6.76,,,,22.44,2021-05-27,2020-06-03,1000.0,SUR,,6.4427,,2021-06-01,RUB
TQCB,2020-06-03,ТрнфБО1P11,RU000A100E39,6.0,1324562.9,101.19,102.01,101.19,101.19,1.08,101.34,5.45,102.01,1307.0,101.43,101.38,101.19,1408849.5,1382806.5,1408849.5,2020-11-27,177.0,5.13,,,,39.39,,2020-06-03,1000.0,SUR,,,5.3304,,RUB
TQCB,2020-06-03,ТаксФ БП1,RU000A100E70,21.0,463817.0,102.18,103.78,102.51,102.66,24.66,103.07,13.23,103.74,45.0,,103.1,102.66,0.0,505201.0,0.0,2022-05-18,366.0,12.62,,,,123.29,,2020-06-03,10000.0,SUR,,,,,RUB
TQCB,2020-06-03,СберИОС93,RU000A100EB4,5.0,4910000.0,98.2,98.2,98.2,98.2,,98.2,,98.2,5000.0,,98.19,98.2,0.0,4954582.9,0.0,2022-06-27,754.0,0.0,,,,0.3,,2020-06-03,1000.0,SUR,,,,,RUB
TQCB,2020-06-03,СберИОС95,RU000A100EC2,2.0,1790.0,89.5,89.5,89.5,89.5,,89.5,,89.5,2.0,,86.68,89.5,0.0,1310627.6,0.0,2024-06-21,1479.0,0.0,,,,0.5,,2020-06-03,1000.0,SUR,,,,,RUB
TQCB,2020-06-03,ВТБ Б-1-30,RU000A100EN9,1.0,335284.3,96.07,96.07,96.07,96.07,,96.07,,96.07,349.0,98.37,94.54,96.07,2820165.2,848001.1,2820165.2,2022-06-05,,0.0,,,,0.1,,2020-06-03,1000.0,SUR,,,,,RUB
TQCB,2020-06-03,РОСНАНО2P1,RU000A100ER0,101.0,1406818.6,104.01,104.64,104.28,104.28,0.0,104.44,6.16,104.64,1347.0,104.44,104.44,104.28,1406818.6,1406818.6,1406818.6,2021-12-01,523.0,6.04,,,,45.38,,2020-06-03,1000.0,SUR,,,,,RUB
TQCB,2020-06-03,ДОМ 1P-6R,RU000A100ET6,1.0,5062.5,101.25,101.25,101.25,101.25,39.18,101.25,5.41,101.25,5.0,101.25,101.25,101.25,25691368.3,25689394.5,25691368.3,2039-05-12,176.0,5.41,,,,39.39,2020-12-03,2020-06-03,1000.0,SUR,,13.6588,,2020-12-08,RUB
TQCB,2020-06-03,iУОМЗ Б-П1,RU000A100EV2,3.0,25885.5,102.91,104.49,104.49,104.49,46.61,103.54,7.07,102.91,25.0,,103.64,104.49,0.0,500573.3,0.0,2029-05-24,653.0,7.6,,,,46.87,2022-06-02,2020-06-03,1000.0,SUR,,9.6598,,2022-06-07,RUB
TQCB,2020-06-03,ОткрФКБИО1,RU000A100EW0,3.0,98720.0,92.2,96.0,95.0,95.5,,92.26,,92.2,107.0,,100.12,95.5,0.0,950160.5,0.0,2022-06-05,,0.0,,,,0.1,,2020-06-03,1000.0,SUR,,,,,RUB
TQCB,2020-06-03,ГазпромКP1,RU000A100EX8,18.0,7643436.4,104.0,104.8,104.8,104.8,39.62,104.65,5.5,104.5,7304.0,104.65,104.65,104.8,7643436.4,7643436.4,7643436.4,2022-06-02,664.0,5.58,,,,39.84,,2020-06-03,1000.0,SUR,,,,,RUB
TQCB,2020-06-03,РЕСОЛизБП4,RU000A100F95,58.0,423530.8,102.12,102.5,102.21,102.22,44.84,102.3,7.12,102.15,414.0,,102.34,102.22,0.0,579239.6,0.0,2021-06-08,347.0,7.03,,,,46.37,,2020-06-03,1000.0,SUR,,,,,RUB
TQCB,2020-06-03,СберИОС97,RU000A100FC9,5.0,5035000.0,100.7,100.7,100.7,100.7,,100.7,,100.7,5000.0,100.37,100.43,100.7,11141100.0,9139100.0,11141100.0,2021-07-02,394.0,0.0,,,,0.2,,2020-06-03,1000.0,SUR,,,,,RUB
TQCB,2020-06-03,ГТЛК 1P-14,RU000A100FE5,72.0,2562681.2,104.57,105.7,104.57,104.57,20.12,104.86,7.03,105.69,2444.0,104.86,104.86,104.57,2562681.2,2562681.2,2562681.2,2034-05-25,820.0,6.9,,,,22.06,2022-12-08,2020-06-03,1000.0,SUR,,6.9863,,2022-12-13,RUB
TQCB,2020-06-03,МКБ П01,RU000A100FF2,4.0,125225.5,100.18,100.19,100.18,100.18,44.14,100.18,4.4,100.19,125.0,100.0,100.03,100.18,1843053.7,542183.8,1843053.7,2022-06-11,692.0,4.4,,,,45.12,,2020-06-03,1000.0,SUR,,,,,RUB
TQCB,2020-06-03,КАМАЗ БОП3,RU000A100FR7,12.0,216013.2,103.05,103.48,103.48,103.48,19.66,103.36,6.55,103.3,209.0,,103.43,103.48,0.0,525448.3,0.0,2022-06-10,531.0,6.63,,,,21.82,,2020-06-03,1000.0,SUR,,,,,RUB
TQCB,2020-06-03,ВТБ Б-1-25,RU000A100FW7,48.0,1903318.0,100.05,100.15,100.14,100.11,16.23,100.12,3.25,100.14,1901.0,100.12,100.12,100.11,1903318.0,1903318.0,1903318.0,2020-06-15,12.0,3.87,,,,18.7,,2020-06-03,1000.0,SUR,,,2.57,,RUB
TQCB,2020-06-03,ГрузЦ БОП3,RU000A100FY3,19.0,417184.0,101.56,106.49,104.94,104.67,82.19,104.3,10.32,101.56,40.0,,104.24,104.67,0.0,552484.0,0.0,2022-06-03,343.0,11.03,,,,123.29,2021-06-08,2020-06-03,10000.0,SUR,,10.1917,,2021-06-11,RUB
TQCB,2020-06-03,КИСТФ БОП1,RU000A100FZ0,18.0,194333.0,90.03,93.63,92.21,92.35,86.3,92.54,,90.03,21.0,,92.56,92.35,0.0,509066.0,0.0,2022-06-02,9.0,0.0,,,,123.29,2020-06-12,2020-06-03,10000.0,SUR,,364.6878,,2020-06-23,RUB
TQCB,2020-06-03,БКЕ БО 1P3,RU000A100G03,40.0,11408790.6,106.0,106.68,106.5,106.5,38.66,106.16,6.12,106.0,10747.0,106.16,106.16,106.5,11408790.6,11408790.6,11408790.6,2023-06-18,971.0,6.24,,,,42.12,,2020-06-03,1000.0,SUR,,,,,RUB
TQCB,2020-06-03,СберИОС94,RU000A100GG8,11.0,900004.0,99.4,99.45,99.45,99.45,,99.45,,99.45,905.0,99.45,99.45,99.45,900004.0,900004.0,900004.0,2020-06-29,26.0,0.0,,,,0.1,,2020-06-03,1000.0,SUR,,,,,RUB
TQCB,2020-06-03,МигКр 01МС,RU000A100GK0,30.0,259311.01,102.04,102.85,102.35,102.35,5.48,102.34,14.39,102.85,304.0,,102.24,102.35,0.0,500243.23,0.0,2022-06-19,346.0,14.4,,,,11.33,,2020-06-03,833.5,SUR,,,,,RUB
TQCB,2020-06-03,ВЭБ 1P-17,RU000A100GY1,147.0,14262269.7,105.31,106.95,106.08,106.08,35.73,105.8,6.03,106.95,13481.0,105.8,105.8,106.08,14262269.7,14262269.7,14262269.7,2023-06-22,979.0,6.13,,,,40.64,,2020-06-03,1000.0,SUR,,,,,RUB
TQCB,2020-06-03,Магнит3Р03,RU000A100H02,7.0,26483.1,101.5,101.99,101.99,101.99,34.41,101.86,4.25,101.99,26.0,,101.64,101.99,0.0,507197.4,0.0,2020-12-24,197.0,4.48,,,,39.14,,2020-06-03,1000.0,SUR,,,,,RUB
TQCB,2020-06-03,СберИОС107,RU000A100H69,1.0,12051.0,92.7,92.7,92.7,92.7,,92.7,,92.7,13.0,,93.48,92.7,0.0,573031.3,0.0,2022-07-29,786.0,0.0,,,,0.3,,2020-06-03,1000.0,SUR,,,,,RUB
TQCB,2020-06-03,СберИОС108,RU000A100H77,14.0,3521306.0,99.5,99.51,99.5,99.5,,99.5,,99.51,3539.0,99.5,99.5,99.5,3521306.0,3521306.0,3521306.0,2020-07-21,48.0,0.0,,,,0.1,,2020-06-03,1000.0,SUR,,,,,RUB
TQCB,2020-06-03,АЗБУКАВКП1,RU000A100HE1,219.0,11302995.8,103.99,104.9,104.39,104.39,17.7,104.17,7.38,104.65,10851.0,104.17,104.17,104.39,11302995.8,11302995.8,11302995.8,2029-06-15,681.0,7.5,,,,23.68,2022-06-24,2020-06-03,1000.0,SUR,,7.3181,,2022-06-29,RUB
TQCB,2020-06-03,ГПБ001P11P,RU000A100HH4,2.0,4292.0,107.0,107.4,107.4,107.4,34.6,107.3,6.21,107.0,4.0,109.06,109.19,107.4,1748294.9,1205454.0,1748294.9,2024-07-01,1263.0,6.24,,,,40.89,,2020-06-03,1000.0,SUR,,,,,RUB
TQCB,2020-06-03,МТС 1P-10,RU000A100HU7,20.0,173558.3,108.33,109.34,109.2,109.19,13.81,109.16,6.02,109.34,159.0,,109.2,109.19,0.0,16684202.5,0.0,2025-06-25,1534.0,6.03,,,,19.95,,2020-06-03,1000.0,SUR,,,,,RUB
TQCB,2020-06-03,С-ИнновБП1,RU000A100HW3,44.0,611961.4,100.25,100.67,100.27,100.27,25.89,100.32,11.76,100.66,610.0,100.32,100.32,100.27,611961.4,611961.4,611961.4,2021-06-30,28.0,11.05,,,,37.4,2020-07-01,2020-06-03,1000.0,SUR,,9.4632,,2020-07-06,RUB
TQCB,2020-06-03,РЖД 1Р-16R,RU000A100HY9,6.0,120873442.0,107.12,109.99,109.99,109.99,33.12,109.6,6.0,107.12,110005.0,109.88,109.88,109.99,120885658.3,120883313.5,120885658.3,2026-06-25,1769.0,6.08,,,,39.39,,2020-06-03,1000.0,SUR,,,,,RUB
TQCB,2020-06-03,ДФФ БО1P-2,RU000A100J18,70.0,1605990.8,100.62,102.2,101.89,101.89,14.69,101.77,7.88,101.74,1578.0,101.77,101.77,101.89,1605990.8,1605990.8,1605990.8,2022-06-30,692.0,7.94,,,,21.57,,2020-06-03,1000.0,SUR,,,,,RUB
TQCB,2020-06-03,ВТБ Б-1-31,RU000A100J34,32.0,1189219.3,100.11,100.44,100.34,100.34,29.98,100.19,3.01,100.11,1187.0,100.19,100.19,100.34,1189219.3,1189219.3,1189219.3,2020-07-03,30.0,4.84,,,,35.9,,2020-06-03,1000.0,SUR,,,2.731,,RUB
TQCB,2020-06-03,БалтЛизБП2,RU000A100JE7,16.0,444080.22,102.36,103.5,102.99,102.99,12.43,103.05,7.07,102.36,507.0,,102.98,102.99,0.0,504196.47,0.0,2022-07-04,471.0,7.02,,,,19.5,,2020-06-03,850.0,SUR,,,,,RUB
TQCB,2020-06-03,ЛомМасБОП6,RU000A100JG2,28.0,794661.5,103.03,104.29,103.42,103.42,24.99,103.47,13.19,103.03,768.0,103.47,103.47,103.42,794661.5,794661.5,794661.5,2021-07-06,365.0,13.13,,,,39.89,,2020-06-03,1000.0,SUR,,-17.3844,,2020-07-09,RUB
TQCB,2020-06-03,РитейлБФ01,RU000A100JH0,811.0,9920554.8,105.73,107.21,106.0,106.0,17.1,106.06,9.14,106.48,9354.0,106.06,106.06,106.0,9920554.8,9920554.8,9920554.8,2024-07-02,1023.0,9.12,,,,27.3,,2020-06-03,1000.0,SUR,,9.1303,,2024-07-02,RUB
TQCB,2020-06-03,Рубеж 1P1,RU000A100K31,126.0,1613457.6,102.99,103.99,103.96,103.93,56.38,103.36,12.14,103.99,1561.0,103.36,103.36,103.93,1613457.6,1613457.6,1613457.6,2022-07-06,654.0,12.48,,,,69.81,,2020-06-03,1000.0,SUR,,,,,RUB
TQCB,2020-06-03,КАМАЗ БОП4,RU000A100K49,1.0,1037.0,103.7,103.7,103.7,103.7,13.04,103.7,6.25,103.7,1.0,103.75,103.78,103.7,704487.3,512661.3,704487.3,2022-07-06,558.0,6.25,,,,21.19,,2020-06-03,1000.0,SUR,,,,,RUB
TQCB,2020-06-03,АПРИФП БП2,RU000A100K64,57.0,617515.4,100.4,100.88,100.86,100.85,23.01,100.57,15.21,100.61,614.0,100.57,100.57,100.85,617515.4,617515.4,617515.4,2022-07-06,550.0,15.43,,,,37.4,,2020-06-03,1000.0,SUR,,,,,RUB
TQCB,2020-06-03,Сбер Sb12R,RU000A100K80,36.0,1780198.2,104.31,104.69,104.54,104.54,29.96,104.47,5.46,104.31,1704.0,104.47,104.47,104.54,1780198.2,1780198.2,1780198.2,2022-07-11,705.0,5.49,,,,38.39,,2020-06-03,1000.0,SUR,,,,,RUB
TQCB,2020-06-03,РУСАБрБ1P2,RU000A100KL0,1.0,52455.0,104.91,104.91,104.91,104.91,30.16,104.91,6.65,104.91,50.0,104.21,104.21,104.91,28801069.1,25012495.1,28801069.1,2029-06-28,861.0,6.65,,,,42.88,2023-01-23,2020-06-03,1000.0,SUR,,6.6243,,2023-01-25,RUB
TQCB,2020-06-03,СберИОС110,RU000A100KQ9,3.0,243528.0,95.8,96.29,95.8,95.8,,95.88,,96.29,254.0,95.14,95.14,95.8,1343326.5,1338581.5,1343326.5,2021-07-30,422.0,0.0,,,,0.2,,2020-06-03,1000.0,SUR,,,,,RUB
TQCB,2020-06-03,МКБ П02,RU000A100KS5,4.0,90654.2,99.62,99.62,99.62,99.62,39.95,99.62,4.69,99.62,91.0,99.44,99.46,99.62,1249013.7,503288.7,1249013.7,2022-07-15,725.0,4.69,,,,45.12,,2020-06-03,1000.0,SUR,,,,,RUB
TQCB,2020-06-03,МКБ П03,RU000A100KT3,2.0,87816.3,98.67,98.67,98.67,98.67,35.51,98.67,4.67,98.67,89.0,98.58,98.59,98.67,619108.6,505753.1,619108.6,2022-07-15,730.0,4.67,,,,40.11,,2020-06-03,1000.0,SUR,,,,,RUB
TQCB,2020-06-03,СберИОС112,RU000A100KZ0,12.0,4386923.0,99.99,101.9,101.9,101.9,,101.86,,99.99,4307.0,101.86,101.86,101.9,4386923.0,4386923.0,4386923.0,2024-08-05,1524.0,0.0,,,,0.5,,2020-06-03,1000.0,SUR,,,,,RUB
TQCB,2020-06-03,БелугаБП2,RU000A100L63,52.0,2342391.4,106.5,106.65,106.6,106.6,36.44,106.62,7.36,106.6,2197.0,106.62,106.62,106.6,2342391.4,2342391.4,2342391.4,2024-07-10,1043.0,7.35,,,,47.37,,2020-06-03,1000.0,SUR,,,,,RUB
TQCB,2020-06-03,ЛамбумБП01,RU000A100LE3,7.0,135269.0,104.0,104.29,104.2,104.2,81.37,104.05,9.85,104.29,13.0,103.73,103.9,104.2,912859.0,519498.0,912859.0,2024-06-20,370.0,10.01,,,,110.96,2021-07-06,2020-06-03,10000.0,SUR,,9.7411,,2021-07-09,RUB
TQCB,2020-06-03,ГазпромКP2,RU000A100LL8,3.0,4290.1,106.51,108.0,107.99,107.99,29.7,107.25,5.67,108.0,4.0,107.71,107.83,107.99,228897050.0,13400760.1,228897050.0,2024-07-11,1284.0,5.87,,,,38.89,,2020-06-03,1000.0,SUR,,,,,RUB
TQCB,2020-06-03,ЕврХимБ1Р4,RU000A100LS3,13.0,1187419.2,104.4,104.7,104.59,104.59,29.46,104.43,6.02,104.4,1137.0,104.43,104.43,104.59,1187419.2,1187419.2,1187419.2,2023-01-18,863.0,6.09,,,,39.14,,2020-06-03,1000.0,SUR,,,,,RUB
TQCB,2020-06-03,iДЭНИКОЛБ1,RU000A100M47,754.0,24239706.1,90.1,95.93,94.89,94.89,15.9,94.92,24.33,95.2,25583.0,94.75,94.75,94.89,24239706.1,24239706.1,24239706.1,2022-07-19,221.0,24.27,,,,33.66,2021-01-19,2020-06-03,1000.0,SUR,,23.9266,,2021-01-22,RUB
TQCB,2020-06-03,СэтлГрБ1P2,RU000A100MG6,134.0,12621698.8,105.5,106.4,106.22,106.3,12.66,106.18,8.34,106.0,11887.0,106.18,106.18,106.3,12621698.8,12621698.8,12621698.8,2023-01-17,842.0,8.36,,,,26.8,,2020-06-03,1000.0,SUR,,,,,RUB
TQCB,2020-06-03,Автодор2Р4,RU000A100MV5,2.0,14252.0,101.8,101.8,101.8,101.8,28.71,101.8,5.5,101.8,14.0,,101.24,101.8,0.0,826108.2,0.0,2021-02-25,259.0,5.5,,,,39.89,,2020-06-03,1000.0,SUR,,,,,RUB
TQCB,2020-06-03,Систем1P11,RU000A100N12,30.0,2501241.5,107.28,108.27,108.1,108.09,32.96,108.0,6.61,107.28,2316.0,108.0,108.0,108.09,2501241.5,2501241.5,2501241.5,2029-07-16,995.0,6.64,,,,46.87,2023-07-24,2020-06-03,1000.0,SUR,,6.5825,,2023-07-27,RUB
TQCB,2020-06-03,СберИОС121,RU000A100N79,2.0,199308.0,97.7,97.7,97.7,97.7,,97.7,,97.7,204.0,,97.31,97.7,0.0,638380.1,0.0,2022-08-29,817.0,0.0,,,,0.3,,2020-06-03,1000.0,SUR,,,,,RUB
TQCB,2020-06-03,СберИОС122,RU000A100N87,10.0,4299732.0,99.6,99.6,99.6,99.6,,99.6,,99.6,4317.0,99.6,99.6,99.6,4299732.0,4299732.0,4299732.0,2020-08-25,83.0,0.0,,,,0.1,,2020-06-03,1000.0,SUR,,,,,RUB
TQCB,2020-06-03,ЕврХол2P1R,RU000A100P85,3.0,2776903.0,107.09,107.1,107.1,107.1,26.35,107.09,6.08,107.09,2593.0,107.09,107.09,107.1,8402222.9,8393649.0,8402222.9,2024-07-29,1298.0,6.08,,,,39.64,,2020-06-03,1000.0,SUR,,,,,RUB
TQCB,2020-06-03,ВТБ Б-1-33,RU000A100P93,32.0,1167157.5,100.3,100.48,100.47,100.39,23.37,100.36,4.19,100.3,1163.0,100.36,100.36,100.39,1167157.5,1167157.5,1167157.5,2020-08-03,61.0,4.86,,,,35.15,,2020-06-03,1000.0,SUR,,,4.0094,,RUB
TQCB,2020-06-03,ЖКХРСЯ БО1,RU000A100PB0,138.0,4435572.2,106.9,107.03,107.0,107.0,9.93,106.96,9.2,107.01,4147.0,106.96,106.96,107.0,4435572.2,4435572.2,4435572.2,2026-07-28,701.0,9.23,,,,31.16,2022-08-02,2020-06-03,1000.0,SUR,,9.1558,,2022-08-05,RUB
TQCB,2020-06-03,РЕСОЛизБП6,RU000A100PE4,21.0,8145140.4,103.01,104.2,103.3,103.25,29.59,103.27,7.95,104.19,7887.0,103.27,103.27,103.25,8145140.4,8145140.4,8145140.4,2023-08-01,1004.0,7.96,,,,44.88,,2020-06-03,1000.0,SUR,,,,,RUB
TQCB,2020-06-03,РСГ-ФинБ11,RU000A100PM7,9.0,523556.6,103.0,104.0,103.0,103.0,36.49,103.27,10.69,103.85,507.0,103.26,103.26,103.0,533856.6,533856.6,533856.6,2022-08-11,704.0,10.54,,,,59.84,,2020-06-03,1000.0,SUR,,,,,RUB
TQCB,2020-06-03,АЛЬФА-Б2Р5,RU000A100PQ8,93.0,12212931.9,102.52,104.05,103.57,103.64,25.11,103.55,6.22,104.05,11794.0,103.55,103.55,103.64,12212931.9,12212931.9,12212931.9,2022-08-11,733.0,6.23,,,,39.61,,2020-06-03,1000.0,SUR,,,,,RUB
TQCB,2020-06-03,СберИОС126,RU000A100PW6,6.0,3362568.0,103.4,103.4,103.4,103.4,,103.4,,103.4,3252.0,103.06,103.39,103.4,10746672.0,3426366.0,10746672.0,2021-09-02,456.0,0.0,,,,0.2,,2020-06-03,1000.0,SUR,,,,,RUB
TQCB,2020-06-03,СберИОС123,RU000A100PX4,5.0,952232.8,90.6,91.51,90.6,90.64,,90.6,,90.6,1051.0,90.59,90.59,90.64,963859.4,963859.4,963859.4,2024-09-05,1555.0,0.0,,,,0.5,,2020-06-03,1000.0,SUR,,,,,RUB
TQCB,2020-06-03,ВТБ Б-1-35,RU000A100Q19,4.0,40923.1,99.01,99.89,99.75,99.75,0.03,99.81,1.34,99.01,41.0,98.94,98.93,99.75,1670138.5,1347428.8,1670138.5,2020-08-11,69.0,1.02,,,,0.05,,2020-06-03,1000.0,SUR,,,1.3363,,RUB
TQCB,2020-06-03,ПР-Лиз 1P3,RU000A100Q35,61.0,1058543.5,99.99,100.49,100.2,100.2,8.22,100.05,12.53,100.06,1058.0,100.05,100.05,100.2,1058543.5,1058543.5,1058543.5,2026-07-07,547.0,12.64,,,,9.86,2022-01-29,2020-06-03,1000.0,SUR,,12.388,,2022-02-04,RUB
TQCB,2020-06-03,Самолет1P5,RU000A100Q50,6.0,246323.5,100.0,100.48,100.48,100.48,5.73,100.13,9.06,100.0,246.0,,99.92,100.48,0.0,503621.3,0.0,2029-07-31,245.0,9.62,,,,23.68,2021-02-09,2020-06-03,1000.0,SUR,,8.9077,,2021-02-12,RUB
TQCB,2020-06-03,Каскад1Р01,RU000A100Q76,133.0,1142400.5,90.76,91.55,91.24,91.24,9.21,91.17,87.69,91.54,1253.0,91.17,91.17,91.24,1142400.5,1142400.5,1142400.5,2022-08-10,70.0,88.43,,,,39.89,2020-08-12,2020-06-03,1000.0,SUR,,,,,RUB
TQCB,2020-06-03,ЮАИЗ 1-002,RU000A100Q92,3.0,208423.9,103.15,103.24,103.18,103.18,5.48,103.18,8.66,103.24,202.0,,102.02,103.18,0.0,589650.4,0.0,2024-08-13,725.0,8.66,,,,24.93,2022-08-11,2020-06-03,1000.0,SUR,,,,,RUB
TQCB,2020-06-03,СберИОС128,RU000A100QV6,1.0,100400.0,100.4,100.4,100.4,100.4,,100.4,,100.4,100.0,99.97,99.97,100.4,1224582.5,1224582.5,1224582.5,2020-09-04,93.0,0.0,,,,0.1,,2020-06-03,1000.0,SUR,,,,,RUB
TQCB,2020-06-03,ЭлщитСтБП1,RU000A100QY0,79.0,530524.7,100.45,100.79,100.45,100.45,5.34,100.67,13.38,100.79,527.0,100.67,100.67,100.45,530524.7,530524.7,530524.7,2022-08-16,709.0,13.26,,,,32.41,,2020-06-03,1000.0,SUR,,,,,RUB
TQCB,2020-06-03,ЕврХимБ1Р6,RU000A100RG5,12.0,2990381.9,104.61,105.75,105.54,105.54,2.58,105.74,6.07,105.42,2828.0,105.74,105.74,105.54,2990381.9,2990381.9,2990381.9,2023-08-18,1048.0,6.0,,,,19.57,,2020-06-03,1000.0,SUR,,,,,RUB
TQCB,2020-06-03,ЭконЛиз1P1,RU000A100RQ4,16.0,122115.3,100.01,101.38,100.5,100.5,2.59,100.09,13.91,101.38,122.0,,100.43,100.5,0.0,524247.4,0.0,2022-08-24,713.0,14.15,,,,33.66,,2020-06-03,1000.0,SUR,,,,,RUB
TQCB,2020-06-03,ТЕХЛиз 1P2,RU000A100RS0,63.0,636252.7,97.54,98.44,98.25,98.25,2.54,98.04,15.03,98.12,649.0,98.04,98.04,98.25,636252.7,636252.7,636252.7,2022-08-24,660.0,15.17,,,,33.03,,2020-06-03,1000.0,SUR,,,,,RUB
TQCB,2020-06-03,СберИОС135,RU000A100S41,1.0,3700.0,92.5,92.5,92.5,92.5,,92.5,,92.5,4.0,,91.9,92.5,0.0,505443.8,0.0,2022-09-26,845.0,0.0,,,,0.3,,2020-06-03,1000.0,SUR,,,,,RUB
TQCB,2020-06-03,СберИОС136,RU000A100S58,1.0,199796.0,100.4,100.4,100.4,100.4,,100.4,,100.4,199.0,100.41,100.41,100.4,5354842.5,5254242.5,5354842.5,2020-09-24,113.0,0.0,,,,0.1,,2020-06-03,1000.0,SUR,,,,,RUB
TQCB,2020-06-03,МКБ П04,RU000A100SF5,2.0,43642.5,96.95,98.45,96.95,96.95,26.27,96.98,4.96,98.45,45.0,96.86,96.87,96.95,1089730.5,542471.5,1089730.5,2022-09-03,785.0,4.94,,,,35.1,,2020-06-03,1000.0,SUR,,,,,RUB
TQCB,2020-06-03,ВТБ Б-1-26,RU000A100SS8,1.0,57239.4,100.42,100.42,100.42,100.42,17.26,100.42,5.32,100.42,57.0,100.41,100.41,100.42,4004361.7,3667942.7,4004361.7,2020-09-03,92.0,5.32,,,,34.9,,2020-06-03,1000.0,SUR,,,5.1454,,RUB
TQCB,2020-06-03,СберИОС137,RU000A100T32,4.0,2666906.0,100.6,100.6,100.6,100.6,,100.6,,100.6,2651.0,100.4,100.7,100.6,10891197.0,5731729.0,10891197.0,2021-09-24,478.0,0.0,,,,0.2,,2020-06-03,1000.0,SUR,,,,,RUB
TQCB,2020-06-03,ЮниМетр01,RU000A100T81,49.0,296252.6,100.0,100.96,100.94,100.94,9.59,100.42,12.7,100.96,295.0,,100.32,100.94,0.0,502603.1,0.0,2022-08-24,707.0,12.99,,,,10.27,,2020-06-03,1000.0,SUR,,,,,RUB
TQCB,2020-06-03,ПНППК 1P01,RU000A100TB2,1.0,2180.0,109.0,109.0,109.0,109.0,25.62,109.0,6.84,109.0,2.0,,103.9,109.0,0.0,500812.1,0.0,2029-08-28,729.0,6.84,,,,27.42,2022-09-06,2020-06-03,1000.0,SUR,,,,,RUB
TQCB,2020-06-03,СолЛизБО05,RU000A100TD8,134.0,914925.2,98.12,98.99,98.8,98.75,31.07,98.48,19.44,98.2,929.0,98.48,98.48,98.75,914925.2,914925.2,914925.2,2022-09-07,95.0,20.89,,,,33.66,2020-09-09,2020-06-03,1000.0,SUR,,,,,RUB
TQCB,2020-06-03,РУСАБрБ1P3,RU000A100TF3,37.0,59281497.3,103.05,103.45,103.3,103.3,18.76,103.08,6.76,103.42,57510.0,103.08,103.08,103.3,59281497.3,59281497.3,59281497.3,2029-08-30,759.0,6.87,,,,41.14,2022-09-08,2020-06-03,1000.0,SUR,,6.7194,,2022-09-12,RUB
TQCB,2020-06-03,Кузина1P01,RU000A100TL1,27.0,412141.0,100.09,101.0,101.0,101.0,86.3,100.52,15.05,100.64,41.0,,100.46,101.0,0.0,522407.0,0.0,2023-08-26,405.0,15.54,,,,123.29,2021-09-05,2020-06-03,10000.0,SUR,,,,,RUB
TQCB,2020-06-03,СберИОС140,RU000A100TM9,1.0,49000.0,98.0,98.0,98.0,98.0,,98.0,,98.0,50.0,96.46,96.45,98.0,6364451.9,6226703.6,6364451.9,2020-10-06,125.0,0.0,,,,0.1,,2020-06-03,1000.0,SUR,,,,,RUB
TQCB,2020-06-03,СберИОС146,RU000A100TP2,28.0,26422196.0,100.05,100.1,100.1,100.1,,100.1,,100.1,26396.0,100.1,100.1,100.1,26422196.0,26422196.0,26422196.0,2024-10-04,1584.0,0.0,,,,0.5,,2020-06-03,1000.0,SUR,,,,,RUB
TQCB,2020-06-03,БЭЛТИ БОП2,RU000A100TT4,27.0,131083.0,97.0,98.29,98.0,98.0,6.85,97.82,14.22,98.29,134.0,,98.02,98.0,0.0,946908.0,0.0,2024-08-21,848.0,14.31,,,,10.27,,2020-06-03,1000.0,SUR,,,,,RUB
TQCB,2020-06-03,ВТБ Б-1-39,RU000A100TW8,30.0,4754836.5,98.46,98.69,98.69,98.69,0.02,98.51,4.75,98.51,4827.0,98.51,98.51,98.69,4754836.5,4754836.5,4754836.5,2020-09-15,104.0,5.42,,,,0.05,,2020-06-03,1000.0,SUR,,,4.6692,,RUB
TQCB,2020-06-03,ВТБ Б-1-40,RU000A100TY4,11.0,1104646.7,100.41,100.7,100.7,100.7,14.53,100.42,4.32,100.41,1100.0,100.42,100.42,100.7,1104646.7,1104646.7,1104646.7,2020-09-15,104.0,5.33,,,,33.91,,2020-06-03,1000.0,SUR,,,4.1873,,RUB
TQCB,2020-06-03,ХКФБанкБ06,RU000A100UG9,9.0,2494052.7,103.02,103.6,103.6,103.6,17.77,103.49,7.12,103.02,2410.0,103.49,103.49,103.6,9621606.5,2499237.7,9621606.5,2024-09-13,755.0,7.17,,,,21.57,2022-09-16,2020-06-03,1000.0,SUR,,7.067,,2022-09-21,RUB
TQCB,2020-06-03,ИТЦ-Тр1P01,RU000A100UP0,8.0,216872.0,103.1,103.61,103.38,103.38,55.62,103.27,13.9,103.61,21.0,,103.06,103.38,0.0,525615.0,0.0,2023-09-02,863.0,13.95,,,,119.18,,2020-06-03,10000.0,SUR,,,,,RUB
TQCB,2020-06-03,МоторТ1Р01,RU000A100V38,3.0,107115.5,103.85,104.0,104.0,104.0,28.77,104.0,13.6,103.85,103.0,,104.04,104.0,0.0,508748.7,0.0,2022-09-21,709.0,13.6,,,,37.4,,2020-06-03,1000.0,SUR,,,,,RUB
TQCB,2020-06-03,ИКС5Фин1P6,RU000A100V46,2.0,121988.8,103.38,103.4,103.4,103.38,13.99,103.38,5.46,103.38,118.0,,103.05,103.38,0.0,1602491.8,0.0,2034-09-07,622.0,5.48,,,,36.9,2022-03-24,2020-06-03,1000.0,SUR,,5.4143,,2022-03-29,RUB
TQCB,2020-06-03,ОбувьРо1Р1,RU000A100V61,185.0,4649548.4,99.7,99.98,99.95,99.95,22.68,99.95,12.58,99.9,4652.0,99.95,99.95,99.95,4649548.4,4649548.4,4649548.4,2022-09-22,624.0,12.58,,,,29.92,,2020-06-03,1000.0,SUR,,,,,RUB
TQCB,2020-06-03,Тинькофф3R,RU000A100V79,165.0,4191451.9,101.93,102.89,102.4,102.4,15.82,102.36,7.22,102.53,4095.0,102.36,102.36,102.4,4191451.9,4191451.9,4191451.9,2029-09-12,772.0,7.24,,,,41.14,2022-09-21,2020-06-03,1000.0,SUR,,7.1696,,2022-09-26,RUB
TQCB,2020-06-03,Сбер Sb13R,RU000A100VB8,22.0,1145644.9,101.57,102.48,102.1,101.62,13.13,101.74,5.43,102.48,1126.0,101.74,101.74,101.62,1145644.9,1145644.9,1145644.9,2021-09-24,460.0,5.72,,,,35.15,,2020-06-03,1000.0,SUR,,,,,RUB
TQCB,2020-06-03,СберИОС151,RU000A100VF9,5.0,799992.0,98.4,98.4,98.4,98.4,,98.4,,98.4,813.0,98.21,98.35,98.4,10939351.5,1726961.0,10939351.5,2020-10-23,142.0,0.0,,,,0.1,,2020-06-03,1000.0,SUR,,,,,RUB
TQCB,2020-06-03,ОткрФКБИО2,RU000A100VL7,1.0,135681.0,92.3,92.3,92.3,92.3,,92.3,,92.3,147.0,,,92.3,0.0,0.0,0.0,2021-09-27,481.0,0.0,,,,0.1,,2020-06-03,1000.0,SUR,,,,,RUB
TQCB,2020-06-03,НорНикБ1P1,RU000A100VQ6,43.0,116413374.8,105.02,106.75,105.59,105.59,12.62,105.63,5.8,106.75,110208.0,105.63,105.63,105.59,116413374.8,116413374.8,116413374.8,2024-09-24,1371.0,5.79,,,,35.9,,2020-06-03,1000.0,SUR,,,,,RUB
TQCB,2020-06-03,ГПБ001P13P,RU000A100VR4,17.0,3624886.6,105.0,105.2,105.15,105.15,13.18,105.19,5.76,105.0,3446.0,105.19,105.19,105.15,3624886.6,3624886.6,3624886.6,2023-09-30,1089.0,5.74,,,,37.3,,2020-06-03,1000.0,SUR,,,,,RUB
TQCB,2020-06-03,Атомстр 01,RU000A100VS2,17.0,187910.6,103.51,104.43,104.4,104.4,20.6,104.39,8.31,103.51,180.0,,104.39,104.4,0.0,501062.2,0.0,2024-09-24,453.0,8.32,,,,58.59,2021-09-28,2020-06-03,1000.0,SUR,,8.2554,,2021-09-30,RUB
TQCB,2020-06-03,СберИОС152,RU000A100VT0,2.0,10912.6,99.1,100.26,99.1,99.1,,99.21,,100.26,11.0,98.73,98.83,99.1,5999827.7,5185412.9,5999827.7,2021-10-22,506.0,0.0,,,,0.2,,2020-06-03,1000.0,SUR,,,,,RUB
TQCB,2020-06-03,СберИОС153,RU000A100VV6,3.0,53985.4,91.5,91.52,91.5,91.5,,91.5,,91.52,59.0,90.61,90.61,91.5,1456963.4,1456963.4,1456963.4,2024-10-23,1603.0,0.0,,,,0.5,,2020-06-03,1000.0,SUR,,,,,RUB
TQCB,2020-06-03,МБЭС 1P-01,RU000A100VX2,4.0,320202.0,100.82,103.4,103.4,103.37,12.12,103.29,6.41,100.82,310.0,102.88,103.05,103.37,2652306.1,1608602.2,2652306.1,2029-09-26,789.0,6.46,,,,39.39,2022-10-05,2020-06-03,1000.0,SUR,,6.3629,,2022-10-10,RUB
TQCB,2020-06-03,ЭБИС Б1P01,RU000A100VY0,26.0,263712.1,101.5,102.15,101.99,101.99,26.3,101.82,12.99,102.15,259.0,,101.89,101.99,0.0,520678.6,0.0,2022-09-27,281.0,13.23,,,,37.4,2021-03-30,2020-06-03,1000.0,SUR,,12.8086,,2021-04-02,RUB
TQCB,2020-06-03,Роделен1Р2,RU000A100W29,134.0,1138691.88,98.0,99.65,99.08,99.08,1.53,98.46,13.65,99.65,1239.0,98.46,98.46,99.08,1138691.88,1138691.88,1138691.88,2022-09-16,392.0,14.32,,,,9.21,,2020-06-03,933.4,SUR,,,,,RUB
TQCB,2020-06-03,СОксБ1P1,RU000A100W52,37.0,1465662.8,102.12,102.56,102.2,102.2,25.89,102.35,14.61,102.47,1432.0,102.35,102.35,102.2,1465662.8,1465662.8,1465662.8,2022-09-28,715.0,14.52,,,,37.4,,2020-06-03,1000.0,SUR,,,,,RUB
TQCB,2020-06-03,ЕвропланБ3,RU000A100W60,14.0,5539987.9,101.73,102.94,102.1,102.1,14.95,102.08,7.94,102.4,5427.0,102.08,102.08,102.1,5539987.9,5539987.9,5539987.9,2029-09-20,776.0,7.95,,,,43.88,2022-09-29,2020-06-03,1000.0,SUR,,7.8831,,2022-10-04,RUB
TQCB,2020-06-03,ЛСР БО 1Р4,RU000A100WA8,95.0,19255819.4,102.41,102.8,102.75,102.75,14.21,102.7,7.82,102.79,18749.0,102.7,102.7,102.75,19255819.4,19255819.4,19255819.4,2024-09-27,1107.0,7.83,,,,21.19,,2020-06-03,1000.0,SUR,,,,,RUB
TQCB,2020-06-03,МКБ 1P1,RU000A100WC4,24.0,11297645.1,103.35,104.27,103.55,103.55,13.95,103.4,6.78,103.67,10926.0,103.4,103.4,103.55,11297645.1,11297645.1,11297645.1,2022-09-30,781.0,6.85,,,,41.64,,2020-06-03,1000.0,SUR,,,,,RUB
TQCB,2020-06-03,Новосиб10,RU000A100WF7,3.0,9437.0,104.65,105.0,104.75,104.75,5.4,104.86,6.12,104.65,9.0,,104.44,104.75,0.0,500289.7,0.0,2026-10-08,1309.0,6.09,,,,18.0,,2020-06-03,1000.0,SUR,,,,,RUB
TQCB,2020-06-03,УльтраБ1P1,RU000A100WR2,9.0,163307.0,102.0,102.2,102.0,102.01,110.96,102.07,14.52,102.0,16.0,102.12,102.15,102.01,531044.0,500535.0,531044.0,2022-09-24,531.0,14.47,,,,123.29,,2020-06-03,10000.0,SUR,,,,,RUB
TQCB,2020-06-03,МКБ П05,RU000A100WT8,11.0,489395.5,96.91,96.91,96.91,96.91,21.1,96.91,4.66,96.91,505.0,,96.91,96.91,0.0,500039.1,0.0,2022-10-10,824.0,4.66,,,,32.59,,2020-06-03,1000.0,SUR,,,,,RUB
TQCB,2020-06-03,СберИОС156,RU000A100X36,3.0,953884.0,93.2,95.2,95.2,95.2,,95.2,,93.2,1002.0,94.57,94.58,95.2,2435179.3,2323934.1,2435179.3,2024-11-07,1618.0,0.0,,,,0.5,,2020-06-03,1000.0,SUR,,,,,RUB
TQCB,2020-06-03,СберИОС159,RU000A100X51,3.0,1969084.0,98.8,98.8,98.8,98.8,,98.8,,98.8,1993.0,98.72,98.76,98.8,2286459.0,2188559.0,2286459.0,2021-11-08,523.0,0.0,,,,0.2,,2020-06-03,1000.0,SUR,,,,,RUB
TQCB,2020-06-03,РенСтр1P1,RU000A100X69,95.0,1796772.6,99.8,100.35,99.94,99.94,13.32,99.93,9.24,100.0,1798.0,99.93,99.93,99.94,1796772.6,1796772.6,1796772.6,2022-10-07,469.0,9.24,,,,44.88,2021-10-08,2020-06-03,1000.0,SUR,,9.1273,,2021-10-13,RUB
TQCB,2020-06-03,КЕБ БО1Р03,RU000A100X77,218.0,7376236.0,100.01,100.31,100.15,100.15,13.32,100.08,9.23,100.19,7370.0,100.08,100.08,100.15,7376236.0,7376236.0,7376236.0,2022-10-07,771.0,9.27,,,,22.44,,2020-06-03,1000.0,SUR,,,,,RUB
TQCB,2020-06-03,Полюс Б1P1,RU000A100XC2,41.0,79381993.6,105.08,105.83,105.65,105.65,10.34,105.68,5.99,105.83,75113.0,105.68,105.68,105.65,79381993.6,79381993.6,79381993.6,2029-10-01,1379.0,5.98,,,,36.9,2024-10-07,2020-06-03,1000.0,SUR,,5.9775,,2024-10-10,RUB
TQCB,2020-06-03,МосОбл2019,RU000A100XP4,7.0,52997.6,103.03,104.32,104.32,103.95,9.66,103.92,5.5,103.03,51.0,,103.24,103.95,0.0,501739.6,0.0,2024-10-08,939.0,5.65,,,,17.58,,2020-06-03,1000.0,SUR,,,,,RUB
TQCB,2020-06-03,РЕСОЛизБП7,RU000A100XU4,10.0,1394899.6,102.75,103.0,102.95,102.95,11.14,102.79,7.99,103.0,1357.0,102.79,102.79,102.95,1394899.6,1394899.6,1394899.6,2024-10-11,1349.0,8.03,,,,43.13,,2020-06-03,1000.0,SUR,,,,,RUB
TQCB,2020-06-03,ВТБ Б-1-38,RU000A100Y01,20.0,4271550.1,100.51,100.94,100.57,100.58,8.63,100.77,5.17,100.94,4239.0,100.77,100.77,100.58,4271550.1,4271550.1,4271550.1,2020-10-16,135.0,4.61,,,,33.41,,2020-06-03,1000.0,SUR,,,5.0369,,RUB
TQCB,2020-06-03,СУЭК-Ф1P4R,RU000A100Y50,10.0,1463776.7,101.8,103.19,103.19,103.19,8.92,101.93,6.43,101.82,1436.0,101.93,101.93,103.19,1463776.7,1463776.7,1463776.7,2029-10-08,1103.0,6.86,,,,36.9,2023-10-16,2020-06-03,1000.0,SUR,,6.4105,,2023-10-19,RUB
TQCB,2020-06-03,БелОб34013,RU000A100Y84,1.0,60711.0,102.9,102.9,102.9,102.9,8.25,102.9,6.1,102.9,59.0,,102.78,102.9,0.0,503641.8,0.0,2024-10-15,1023.0,6.1,,,,17.45,,2020-06-03,1000.0,SUR,,,,,RUB
TQCB,2020-06-03,ВТБ Б-1-45,RU000A100Y92,10.0,44916.4,97.62,97.66,97.65,97.65,,97.64,,97.63,46.0,,97.64,97.65,0.0,543856.8,0.0,2020-10-20,139.0,0.0,,,,0.05,,2020-06-03,1000.0,SUR,,,,,RUB
TQCB,2020-06-03,НафттрнБО2,RU000A100YD8,16.0,470087.0,99.67,100.19,100.0,100.0,49.86,100.02,13.77,99.87,47.0,,100.01,100.0,0.0,500062.0,0.0,2024-09-26,16.0,13.25,,,,106.85,2020-06-19,2020-06-03,10000.0,SUR,,,,,RUB
TQCB,2020-06-03,ТрансКо1P1,RU000A100YE6,6.0,67153.2,100.85,104.96,103.39,103.36,8.4,103.73,6.33,104.38,65.0,,103.35,103.36,0.0,520859.9,0.0,2024-10-16,1178.0,6.23,,,,36.4,,2020-06-03,1000.0,SUR,,,,,RUB
TQCB,2020-06-03,Самолет1P7,RU000A100YG1,92.0,1281894.1,102.71,103.38,102.81,102.92,13.81,102.88,11.08,103.38,1246.0,102.88,102.88,102.92,1281894.1,1281894.1,1281894.1,2022-10-19,760.0,11.04,,,,29.92,,2020-06-03,1000.0,SUR,,,,,RUB
TQCB,2020-06-03,КАМАЗ БОП5,RU000A100YK3,40.0,120283.1,102.41,104.29,102.86,102.86,8.92,102.81,6.3,102.41,117.0,,103.16,102.86,0.0,1080043.1,0.0,2022-10-19,655.0,6.33,,,,19.32,,2020-06-03,1000.0,SUR,,,,,RUB
TQCB,2020-06-03,Шевченк1Р1,RU000A100YP2,124.0,1664950.8,100.38,100.93,100.89,100.89,15.16,100.78,13.71,100.93,1652.0,100.78,100.78,100.89,1664950.8,1664950.8,1664950.8,2022-10-20,747.0,13.77,,,,33.66,,2020-06-03,1000.0,SUR,,,,,RUB
TQCB,2020-06-03,Роснфт2P9,RU000A100YQ0,2.0,21849.0,104.0,104.9,104.9,104.9,7.98,104.04,5.8,104.0,21.0,,104.21,104.9,0.0,502282.2,0.0,2029-10-11,1244.0,6.06,,,,17.7,2024-04-18,2020-06-03,1000.0,SUR,,5.7798,,2024-04-23,RUB
TQCB,2020-06-03,iРОСНАН2P3,RU000A100YR8,41.0,3823821.0,103.12,103.47,103.25,103.25,8.65,103.26,6.3,103.4,3703.0,103.26,103.26,103.25,3823821.0,3823821.0,3823821.0,2022-10-20,805.0,6.3,,,,38.39,,2020-06-03,1000.0,SUR,,,,,RUB
TQCB,2020-06-03,Экспоб Б02,RU000A100YT4,35.0,5470697.4,100.5,101.0,100.99,100.99,9.11,100.92,6.36,100.83,5421.0,100.92,100.92,100.99,5470697.4,5470697.4,5470697.4,2022-11-02,144.0,6.54,,,,22.05,2020-10-27,2020-06-03,1000.0,SUR,,6.1672,,2020-10-30,RUB
TQCB,2020-06-03,Акрон Б1P3,RU000A100YU2,4.0,25904.0,103.01,103.7,103.7,103.7,7.95,103.62,5.92,103.01,25.0,,105.14,103.7,0.0,505717.3,0.0,2023-04-21,963.0,5.95,,,,36.15,,2020-06-03,1000.0,SUR,,,,,RUB
TQCB,2020-06-03,ТойотаБ1P3,RU000A100YW8,2.0,94852.0,103.1,103.1,103.1,103.1,7.69,103.1,5.88,103.1,92.0,102.74,102.7,103.1,159744528.2,111932374.0,159744528.2,2022-10-27,816.0,5.88,,,,36.1,,2020-06-03,1000.0,SUR,,,,,RUB
TQCB,2020-06-03,ДрктЛиз1P4,RU000A100Z00,16.0,170043.1,96.85,97.79,96.85,96.86,12.82,97.73,15.39,97.69,174.0,,96.69,96.86,0.0,503738.1,0.0,2022-10-25,754.0,14.89,,,,32.41,,2020-06-03,1000.0,SUR,,,,,RUB
TQCB,2020-06-03,СберИОС161,RU000A100Z42,4.0,2627153.0,97.7,97.7,97.7,97.7,,97.7,,97.7,2689.0,97.75,97.83,97.7,4306066.0,3128672.0,4306066.0,2020-11-24,174.0,0.0,,,,0.1,,2020-06-03,1000.0,SUR,,,,,RUB
TQCB,2020-06-03,СберИОС164,RU000A100Z59,4.0,69856.0,94.4,94.4,94.4,94.4,,94.4,,94.4,74.0,,93.21,94.4,0.0,500543.2,0.0,2023-05-29,1090.0,0.0,,,,0.35,,2020-06-03,1000.0,SUR,,,,,RUB
TQCB,2020-06-03,СберИОС139,RU000A100Z75,8.0,3430563.0,100.4,100.7,100.6,100.6,,100.69,,100.4,3409.0,100.67,100.66,100.6,10036083.0,5444563.0,10036083.0,2024-11-29,1640.0,0.0,,,,0.5,,2020-06-03,1000.0,SUR,,,,,RUB
TQCB,2020-06-03,ГТЛК 1P-15,RU000A100Z91,109.0,29353863.3,100.94,101.4,100.94,100.94,7.58,101.13,7.57,101.39,29027.0,101.13,101.13,100.94,29353863.3,29353863.3,29353863.3,2025-10-21,1075.0,7.5,,,,19.17,,2020-06-03,1000.0,SUR,,,,,RUB
TQCB,2020-06-03,МТС 1P-12,RU000A100ZK0,27.0,2150167.7,103.0,103.54,103.54,103.48,6.38,103.38,5.82,103.54,2079.0,103.42,103.42,103.48,2150167.7,2150167.7,2150167.7,2023-10-26,1113.0,5.87,,,,17.08,,2020-06-03,1000.0,SUR,,,,,RUB
TQCB,2020-06-03,ЛСР БО 1Р5,RU000A100ZL8,66.0,2582645.2,102.1,102.6,102.53,102.53,7.82,102.53,7.8,102.49,2519.0,102.53,102.53,102.53,2582645.2,2582645.2,2582645.2,2024-10-24,1135.0,7.8,,,,20.94,,2020-06-03,1000.0,SUR,,,,,RUB
TQCB,2020-06-03,СберИОС165,RU000A100ZP9,13.0,3686204.0,96.7,96.7,96.7,96.7,,96.7,,96.7,3812.0,96.7,96.7,96.7,3686204.0,3686204.0,3686204.0,2021-12-02,547.0,0.0,,,,0.2,,2020-06-03,1000.0,SUR,,,,,RUB
TQCB,2020-06-03,Систем1P12,RU000A101012,162.0,9142813.5,103.8,104.86,104.4,104.2,6.24,104.12,6.79,104.86,8781.0,104.12,104.12,104.2,9142813.5,9142813.5,9142813.5,2029-10-23,1388.0,6.87,,,,39.14,2024-10-29,2020-06-03,1000.0,SUR,,6.7739,,2024-11-01,RUB
TQCB,2020-06-03,ТрнфБО1P13,RU000A1010B7,1.0,1049.9,104.99,104.99,104.99,104.99,4.88,104.99,5.99,104.99,1.0,104.93,104.99,104.99,955879.2,787415.9,955879.2,2026-10-30,1935.0,5.99,,,,34.16,,2020-06-03,1000.0,SUR,,,,,RUB
TQCB,2020-06-03,РЖД 1Р-17R,RU000A1010M4,11.0,30152.2,103.06,104.6,104.6,104.12,4.25,103.97,5.83,103.06,29.0,,104.32,104.12,0.0,1422928.6,0.0,2025-11-03,1690.0,5.97,,,,33.66,,2020-06-03,1000.0,SUR,,,,,RUB
TQCB,2020-06-03,СберИОС170,RU000A1010Z6,3.0,14610.5,96.83,97.69,97.69,97.69,,97.4,,96.83,15.0,,97.02,97.69,0.0,503512.3,0.0,2020-11-19,169.0,0.0,,,,0.1,,2020-06-03,1000.0,SUR,,,,,RUB
TQCB,2020-06-03,Газпнф3P1R,RU000A101137,16.0,1837016.4,102.94,103.99,103.5,103.5,4.13,103.49,6.08,103.51,1775.0,103.49,103.49,103.5,1837016.4,1837016.4,1837016.4,2024-11-05,1406.0,6.08,,,,17.08,,2020-06-03,1000.0,SUR,,,,,RUB
TQCB,2020-06-03,МКБ П07,RU000A101160,19.0,766355.2,96.64,96.64,96.64,96.64,16.68,96.64,4.47,96.64,793.0,96.64,96.64,96.64,766355.2,766355.2,766355.2,2022-11-13,861.0,4.47,,,,30.08,,2020-06-03,1000.0,SUR,,,,,RUB
TQCB,2020-06-03,АПРИФП БП3,RU000A101178,169.0,2164949.3,99.52,99.99,99.89,99.89,7.81,99.81,15.09,99.79,2169.0,99.81,99.81,99.89,2164949.3,2164949.3,2164949.3,2022-11-10,659.0,15.14,,,,35.53,,2020-06-03,1000.0,SUR,,,,,RUB
TQCB,2020-06-03,Лента Б1P3,RU000A1011A7,2.0,2030.1,101.5,101.51,101.51,101.51,3.73,101.51,6.22,101.5,2.0,,101.85,101.51,0.0,10725008.1,0.0,2029-11-01,833.0,6.22,,,,33.91,2022-11-10,2020-06-03,1000.0,SUR,,6.1756,,2022-11-15,RUB
TQCB,2020-06-03,КраснодКр3,RU000A1011B5,3.0,13678.7,104.29,105.5,105.5,105.5,3.81,105.22,5.91,105.5,13.0,,104.26,105.5,0.0,1298053.4,0.0,2026-11-12,1695.0,5.97,,,,17.33,,2020-06-03,1000.0,SUR,,,,,RUB
TQCB,2020-06-03,РУСАБрБ1P4,RU000A1011C3,27.0,62684370.6,101.31,101.97,101.65,101.5,4.08,101.62,6.88,101.32,61683.0,101.62,101.62,101.5,62684370.6,62684370.6,62684370.6,2029-11-01,820.0,6.89,,,,18.57,2022-11-10,2020-06-03,1000.0,SUR,,6.8404,,2022-11-14,RUB
TQCB,2020-06-03,СберИОС167,RU000A1011E9,1.0,22540.0,98.0,98.0,98.0,98.0,,98.0,,98.0,23.0,99.64,99.58,98.0,1115915.7,564616.9,1115915.7,2020-12-04,184.0,0.0,,,,0.1,,2020-06-03,1000.0,SUR,,,,,RUB
TQCB,2020-06-03,СберИОС171,RU000A1011F6,4.0,220630.9,87.9,87.91,87.9,87.9,,87.9,,87.91,251.0,,87.21,87.9,0.0,945378.3,0.0,2024-12-05,1646.0,0.0,,,,0.5,,2020-06-03,1000.0,SUR,,,,,RUB
TQCB,2020-06-03,СберИОС172,RU000A1011H2,4.0,534424.0,95.26,97.7,97.7,97.7,,96.82,,95.26,552.0,96.92,96.92,97.7,2907610.0,2904700.0,2907610.0,2024-12-05,1646.0,0.0,,,,0.5,,2020-06-03,1000.0,SUR,,,,,RUB
TQCB,2020-06-03,РСХБ БО10Р,RU000A1011R1,3.0,143170.0,103.0,103.0,103.0,103.0,3.64,103.0,6.11,103.0,139.0,,102.75,103.0,0.0,861077.3,0.0,2023-11-10,1135.0,6.11,,,,34.9,,2020-06-03,1000.0,SUR,,,,,RUB
TQCB,2020-06-03,ФПК 1P-07,RU000A1012B3,1.0,51745.0,103.49,103.49,103.49,103.49,3.02,103.49,6.23,103.49,50.0,100.97,100.97,103.49,5037502.5,5036482.5,5037502.5,2029-11-05,1690.0,6.23,,,,34.41,2025-11-10,2020-06-03,1000.0,SUR,,6.2183,,2025-11-13,RUB
TQCB,2020-06-03,СЭЗ 1P1,RU000A1012K4,27.0,75749.1,103.05,103.99,103.71,103.71,5.14,103.77,11.02,103.98,73.0,,103.75,103.71,0.0,512515.0,0.0,2022-11-15,796.0,10.99,,,,62.33,,2020-06-03,1000.0,SUR,,,,,RUB
TQCB,2020-06-03,ВТБ Б-1-41,RU000A1012L2,34.0,3718691.1,100.43,100.76,100.75,100.75,2.59,100.56,4.67,100.67,3698.0,100.56,100.56,100.75,3718691.1,3718691.1,3718691.1,2020-11-17,167.0,5.1,,,,31.41,,2020-06-03,1000.0,SUR,,,4.5757,,RUB
TQCB,2020-06-03,Сбер Sb14R,RU000A1012R9,63.0,9663096.9,101.04,101.49,101.2,101.21,2.1,101.15,5.61,101.22,9553.0,101.15,101.15,101.21,9663096.9,9663096.9,9663096.9,2021-11-19,517.0,5.65,,,,31.91,,2020-06-03,1000.0,SUR,,,,,RUB
TQCB,2020-06-03,ГПБ001P14P,RU000A101350,2.0,2050.2,102.51,102.51,102.51,102.51,2.27,102.51,6.34,102.51,2.0,104.0,104.0,102.51,50994235.1,21354349.3,50994235.1,2024-11-22,1433.0,6.34,,,,34.78,,2020-06-03,1000.0,SUR,,,,,RUB
TQCB,2020-06-03,ИСпетр1P1,RU000A1013C9,189.0,3979990.3,99.99,101.23,100.19,100.19,1.92,100.25,14.84,101.23,3970.0,100.25,100.25,100.19,3979990.3,3979990.3,3979990.3,2024-12-28,871.0,14.81,,,,11.89,,2020-06-03,1000.0,SUR,,,,,RUB
TQCB,2020-06-03,СберИОС178,RU000A1013E5,3.0,2021894.0,97.3,97.3,97.3,97.3,,97.3,,97.3,2078.0,96.24,97.04,97.3,11406906.6,3013240.0,11406906.6,2021-12-23,568.0,0.0,,,,0.2,,2020-06-03,1000.0,SUR,,,,,RUB
TQCB,2020-06-03,СберИОС179,RU000A1013F2,11.0,2485442.0,98.2,98.2,98.2,98.2,,98.2,,98.2,2531.0,98.2,98.2,98.2,2485442.0,2485442.0,2485442.0,2020-12-25,205.0,0.0,,,,0.1,,2020-06-03,1000.0,SUR,,,,,RUB
TQCB,2020-06-03,СберИОС177,RU000A1013J4,42.0,20669776.0,104.0,106.7,105.6,105.6,,106.1,,106.0,19481.0,106.1,106.1,105.6,20669776.0,20669776.0,20669776.0,2023-06-23,1115.0,0.0,,,,0.35,,2020-06-03,1000.0,SUR,,,,,RUB
TQCB,2020-06-03,ПионЛизБП3,RU000A1013N6,183.0,800636.7,91.5,92.1,92.04,92.04,3.29,91.82,14.37,92.09,872.0,91.82,91.82,92.04,800636.7,800636.7,800636.7,2029-10-04,1995.0,14.42,,,,9.86,,2020-06-03,1000.0,SUR,,,,,RUB
TQCB,2020-06-03,ВЭБ1P-18,RU000A1013P1,44.0,377740.6,105.95,106.35,106.0,105.96,1.59,106.11,6.23,106.15,356.0,,106.01,105.96,0.0,505644.2,0.0,2026-11-17,1935.0,6.2,,,,36.25,,2020-06-03,1000.0,SUR,,,,,RUB
TQCB,2020-06-03,Славнеф1Р3,RU000A1013U1,1.0,10100.0,101.0,101.0,101.0,101.0,1.1,101.0,6.41,101.0,10.0,,101.0,101.0,0.0,9716171.2,0.0,2029-11-15,840.0,6.41,,,,16.7,2022-11-24,2020-06-03,1000.0,SUR,,6.3663,,2022-11-29,RUB
TQCB,2020-06-03,ЧеркизБ1P2,RU000A1013Y3,66.0,3704475.4,102.6,103.8,102.75,102.75,1.23,102.76,6.64,103.66,3605.0,102.76,102.76,102.75,3704475.4,3704475.4,3704475.4,2023-05-25,984.0,6.63,,,,18.7,,2020-06-03,1000.0,SUR,,,,,RUB
TQCB,2020-06-03,БДеньги1Р1,RU000A101483,136.0,1750884.9,101.17,101.77,101.5,101.5,1.32,101.44,16.02,101.77,1726.0,101.44,101.44,101.5,1750884.9,1750884.9,1750884.9,2022-11-17,526.0,16.07,,,,13.15,,2020-06-03,1000.0,SUR,,,,,RUB
TQCB,2020-06-03,ВТБ Б-1-47,RU000A101491,2.0,28547.7,92.0,94.77,94.77,94.77,0.0,92.09,2.19,92.0,31.0,91.99,92.01,94.77,1027541.6,967071.0,1027541.6,2022-11-29,909.0,3.37,,,,0.05,,2020-06-03,1000.0,SUR,,,,,RUB
TQCB,2020-06-03,ЭБИС Б1P02,RU000A1014A1,20.0,1384284.6,102.11,102.77,102.5,102.5,0.38,102.54,13.44,102.76,1350.0,102.54,102.54,102.5,1384284.6,1384284.6,1384284.6,2022-11-29,784.0,13.42,,,,34.9,,2020-06-03,1000.0,SUR,,,,,RUB
TQCB,2020-06-03,О'КЕЙ Б1Р3,RU000A1014B9,365.0,16595835.3,98.5,98.95,98.78,98.78,0.22,98.86,8.5,98.95,16788.0,98.86,98.86,98.78,16595835.3,16595835.3,16595835.3,2024-11-26,1156.0,8.48,,,,19.57,,2020-06-03,1000.0,SUR,,,,,RUB
TQCB,2020-06-03,МКБ 1P2,RU000A1014H6,18.0,4627445.2,101.7,101.95,101.95,101.93,0.21,101.72,6.46,101.9,4549.0,101.72,101.72,101.93,4627445.2,4627445.2,4627445.2,2021-11-30,525.0,6.63,,,,38.64,,2020-06-03,1000.0,SUR,,,,,RUB
TQCB,2020-06-03,КарМаниБ03,RU000A1014P9,58.0,345716.9,100.79,101.14,101.14,101.14,11.1,101.09,15.15,100.79,342.0,,101.07,101.14,0.0,540731.8,0.0,2022-12-24,515.0,15.19,,,,12.74,,2020-06-03,1000.0,SUR,,,,,RUB
TQCB,2020-06-03,Новотр 1Р1,RU000A1014S3,221.0,20588254.1,100.0,100.57,100.24,100.16,0.0,100.19,8.96,100.4,20549.0,100.19,100.19,100.16,20588254.1,20588254.1,20588254.1,2024-11-27,1142.0,8.98,,,,21.82,,2020-06-03,1000.0,SUR,,,,,RUB
TQCB,2020-06-03,Л&Д БП1,RU000A1014V7,31.0,731163.0,95.01,97.03,95.99,95.75,6.58,96.21,92.04,97.01,76.0,96.21,96.21,95.75,731163.0,731163.0,731163.0,2023-11-13,28.0,86.39,,,,98.63,2020-07-01,2020-06-03,10000.0,SUR,,,,,RUB
TQCB,2020-06-03,Ростел2P1R,RU000A101541,7.0,64150.0,105.0,105.2,105.0,105.0,33.97,105.16,5.86,105.0,61.0,,104.93,105.0,0.0,538272.7,0.0,2025-11-27,1658.0,5.82,,,,34.16,,2020-06-03,1000.0,SUR,,,,,RUB
TQCB,2020-06-03,СберИОС183,RU000A101558,1.0,8971.2,99.68,99.68,99.68,99.68,,99.68,,99.68,9.0,,98.99,99.68,0.0,504835.0,0.0,2020-06-29,26.0,0.0,,,,0.05,,2020-06-03,1000.0,SUR,,,,,RUB
TQCB,2020-06-03,ДетМир БО5,RU000A1015A8,89.0,4246346.5,101.19,102.07,101.85,101.85,34.96,101.32,6.54,101.97,4191.0,101.32,101.32,101.85,4246346.5,4246346.5,4246346.5,2026-12-01,826.0,6.78,,,,36.15,2022-12-06,2020-06-03,1000.0,SUR,,6.5207,,2022-12-08,RUB
TQCB,2020-06-03,СберИОС185,RU000A1015B6,1.0,1013.0,101.3,101.3,101.3,101.3,,101.3,,101.3,1.0,,100.8,101.3,0.0,500970.0,0.0,2020-06-24,21.0,0.0,,,,15.04,,2020-06-03,1000.0,SUR,,,,,RUB
TQCB,2020-06-03,БелугаБП3,RU000A1015E0,89.0,1208276.0,102.6,103.37,103.36,103.36,39.78,102.92,7.34,102.6,1174.0,102.92,102.92,103.36,1208276.0,1208276.0,1208276.0,2024-12-03,1158.0,7.48,,,,41.14,,2020-06-03,1000.0,SUR,,,,,RUB
TQCB,2020-06-03,ОбувьРо1Р2,RU000A1015P6,258.0,5561219.8,100.0,100.29,100.24,100.24,8.22,100.13,12.58,100.25,5554.0,100.13,100.13,100.24,5561219.8,5561219.8,5561219.8,2024-11-14,996.0,12.63,,,,9.86,,2020-06-03,1000.0,SUR,,,,,RUB
TQCB,2020-06-03,ЭТС 1Р01,RU000A1015S0,19.0,147673.8,99.6,99.9,99.89,99.89,27.62,99.78,12.63,99.72,148.0,,99.57,99.89,0.0,576518.0,0.0,2022-12-07,582.0,12.7,,,,29.92,,2020-06-03,1000.0,SUR,,,,,RUB
TQCB,2020-06-03,Труд 1P-01,RU000A101624,42.0,1039556.8,103.07,105.5,103.96,103.96,28.08,104.27,11.12,104.6,997.0,104.27,104.27,103.96,1039556.8,1039556.8,1039556.8,2022-12-09,784.0,10.97,,,,31.16,,2020-06-03,1000.0,SUR,,,,,RUB
TQCB,2020-06-03,НижгорОб14,RU000A101665,5.0,7222.4,102.66,103.78,103.78,103.78,15.16,103.18,5.83,103.0,7.0,,102.7,103.78,0.0,239757248.9,0.0,2025-06-14,1305.0,6.0,,,,16.83,,2020-06-03,1000.0,SUR,,,,,RUB
TQCB,2020-06-03,Пионер 1P4,RU000A1016F5,57.0,12632909.1,97.88,98.43,98.0,98.0,22.73,98.17,11.81,98.01,12869.0,98.17,98.17,98.0,12632909.1,12632909.1,12632909.1,2023-12-11,903.0,11.73,,,,26.18,,2020-06-03,1000.0,SUR,,,,,RUB
TQCB,2020-06-03,ЗЕНИТБО1Р5,RU000A1016K5,18.0,591168.3,100.7,101.25,101.25,101.19,35.63,101.23,6.89,100.7,584.0,101.23,101.23,101.19,591168.3,591168.3,591168.3,2022-12-12,519.0,6.9,,,,38.15,2021-12-13,2020-06-03,1000.0,SUR,,6.8389,,2021-12-16,RUB
TQCB,2020-06-03,СвердлОбл6,RU000A1016N9,8.0,32222.7,103.0,105.5,103.11,103.29,14.32,103.94,6.11,103.0,31.0,,102.14,103.29,0.0,3319423.5,0.0,2026-12-15,1550.0,5.91,,,,16.7,,2020-06-03,1000.0,SUR,,,,,RUB
TQCB,2020-06-03,ИКС5Фин1P8,RU000A1016P4,3.0,1996473.0,101.55,101.55,101.55,101.55,31.02,101.55,6.12,101.55,1966.0,,101.01,101.55,0.0,4296788.0,0.0,2034-11-28,839.0,6.12,,,,33.41,2022-12-13,2020-06-03,1000.0,SUR,,6.0934,,2022-12-16,RUB
TQCB,2020-06-03,ГарИнв1P06,RU000A1016U4,28.0,884724.6,96.96,97.65,97.0,97.0,24.58,97.22,13.54,97.65,910.0,97.22,97.22,97.0,884724.6,884724.6,884724.6,2022-12-13,792.0,13.43,,,,28.67,,2020-06-03,1000.0,SUR,,,,,RUB
TQCB,2020-06-03,МКБ П09,RU000A1016X8,1.0,950.3,95.03,95.03,95.03,95.03,7.09,95.03,3.63,95.03,1.0,94.97,94.97,95.03,1452091.9,502391.9,1452091.9,2022-12-19,912.0,3.63,,,,15.54,,2020-06-03,1000.0,SUR,,,,,RUB
TQCB,2020-06-03,МКБ П08,RU000A1016Y6,1.0,975.3,97.53,97.53,97.53,97.53,11.67,97.53,3.58,97.53,1.0,97.43,97.43,97.53,954815.0,516380.0,954815.0,2022-12-19,902.0,3.58,,,,25.57,,2020-06-03,1000.0,SUR,,,,,RUB
TQCB,2020-06-03,ПИК К 1P2,RU000A1016Z3,171.0,31059707.0,100.42,100.57,100.48,100.48,17.4,100.48,8.35,100.5,30911.0,100.48,100.48,100.48,31059707.0,31059707.0,31059707.0,2024-12-11,1176.0,8.35,,,,20.57,,2020-06-03,1000.0,SUR,,,,,RUB
TQCB,2020-06-03,Автодор2Р5,RU000A1017H9,9.0,10792030.8,102.0,103.25,103.25,102.83,31.54,102.83,5.76,102.03,10495.0,102.88,102.83,102.83,11769673.0,10797190.8,11769673.0,2029-12-12,796.0,5.95,,,,35.65,2022-12-21,2020-06-03,1000.0,SUR,,-49.2586,,2022-12-26,RUB
TQCB,2020-06-03,Газпнф3P2R,RU000A1017J5,24.0,2278724.2,107.18,108.75,108.46,108.46,14.69,108.51,6.11,107.19,2100.0,108.51,108.51,108.46,2278724.2,2278724.2,2278724.2,2029-12-07,2557.0,6.11,,,,17.83,,2020-06-03,1000.0,SUR,,,,,RUB
TQCB,2020-06-03,СберИОС187,RU000A1017Q0,1.0,37440.0,93.6,93.6,93.6,93.6,,93.6,,93.6,40.0,92.9,92.9,93.6,2053968.4,2053050.3,2053968.4,2025-01-29,1701.0,0.0,,,,0.5,,2020-06-03,1000.0,SUR,,,,,RUB
TQCB,2020-06-03,СберИОС188,RU000A1017R8,2.0,190800.0,95.4,95.4,95.4,95.4,,95.4,,95.4,200.0,93.68,93.68,95.4,1060512.9,1060512.9,1060512.9,2025-01-27,1699.0,0.0,,,,0.5,,2020-06-03,1000.0,SUR,,,,,RUB
TQCB,2020-06-03,ВТБ Б-1-48,RU000A1017Y4,27.0,975905.9,100.37,100.56,100.56,100.56,27.52,100.51,5.05,100.38,971.0,100.51,100.51,100.56,975905.9,975905.9,975905.9,2020-12-18,193.0,5.14,,,,30.17,,2020-06-03,1000.0,SUR,,,,,RUB
TQCB,2020-06-03,СберИОС189,RU000A101889,1.0,972.0,97.2,97.2,97.2,97.2,,97.2,,97.2,1.0,96.91,96.91,97.2,6834912.0,6834912.0,6834912.0,2021-01-28,239.0,0.0,,,,0.1,,2020-06-03,1000.0,SUR,,,,,RUB
TQCB,2020-06-03,ТомскАдм 7,RU000A1018A2,11.0,58418.7,104.07,104.69,104.08,104.08,17.97,104.32,5.99,104.69,56.0,,103.45,104.08,0.0,3304053.3,0.0,2024-12-22,972.0,5.9,,,,18.37,,2020-06-03,1000.0,SUR,,,,,RUB
TQCB,2020-06-03,ТрансмхПБ4,RU000A1018C8,8.0,1939430.5,102.0,102.6,102.0,102.0,31.04,102.24,6.54,102.0,1897.0,102.26,102.24,102.0,2011382.0,1960942.7,2011382.0,2024-12-16,1409.0,6.47,,,,34.65,,2020-06-03,1000.0,SUR,,,,,RUB
TQCB,2020-06-03,СолЛизБО06,RU000A1018D6,25.0,148406.7,98.31,99.0,98.88,98.89,25.29,98.94,14.22,98.51,150.0,,98.28,98.89,0.0,506131.7,0.0,2022-12-20,786.0,14.19,,,,32.41,,2020-06-03,1000.0,SUR,,,,,RUB
TQCB,2020-06-03,РоялКапБО3,RU000A1018F1,7.0,205364.8,99.69,99.71,99.69,99.69,27.23,99.69,14.99,99.71,206.0,,99.72,99.69,0.0,507593.0,0.0,2021-12-21,505.0,14.99,,,,34.9,,2020-06-03,1000.0,SUR,,,,,RUB
TQCB,2020-06-03,Татнфт1P1,RU000A1018K1,20.0,112326886.8,101.71,103.94,102.39,102.39,12.55,102.02,5.55,102.98,110102.0,102.02,102.02,102.39,112326886.8,112326886.8,112326886.8,2022-12-20,855.0,5.71,,,,16.08,,2020-06-03,1000.0,SUR,,,,,RUB
TQCB,2020-06-03,ЗавдКЭС1P1,RU000A1018L9,44.0,652885.2,99.51,100.0,100.0,100.0,29.18,99.98,15.84,99.98,653.0,99.98,99.98,100.0,652885.2,652885.2,652885.2,2022-12-20,192.0,15.88,,,,37.4,2020-12-22,2020-06-03,1000.0,SUR,,,,,RUB
TQCB,2020-06-03,СберИОС193,RU000A1018P0,13.0,127331.2,91.5,93.12,92.5,92.48,,91.61,,93.12,139.0,,91.47,92.48,0.0,560683.9,0.0,2023-01-30,971.0,0.0,,,,0.3,,2020-06-03,1000.0,SUR,,,,,RUB
TQCB,2020-06-03,ЭНКО 1P01,RU000A1018U0,8.0,138744.75,99.6,99.74,99.74,99.74,19.85,99.73,12.92,99.7,159.0,,99.13,99.74,0.0,581995.55,0.0,2021-12-23,274.0,12.94,,,,26.18,,2020-06-03,875.0,SUR,,,,,RUB
TQCB,2020-06-03,Магнит3Р05,RU000A1018X4,3.0,15241.5,101.33,102.17,101.33,101.63,28.93,101.61,6.12,101.33,15.0,,101.89,101.63,0.0,526751.6,0.0,2022-12-22,850.0,6.0,,,,32.91,,2020-06-03,1000.0,SUR,,,,,RUB
TQCB,2020-06-03,МТС 1P-13,RU000A101939,42.0,369103.3,101.52,105.3,101.52,101.52,12.19,101.68,5.93,105.3,363.0,,102.0,101.52,0.0,6450513.3,0.0,2022-12-22,857.0,5.86,,,,16.08,,2020-06-03,1000.0,SUR,,,,,RUB
TQCB,2020-06-03,СибКХП 1P1,RU000A101947,14.0,135023.6,100.0,100.05,100.05,100.04,20.03,100.02,10.21,100.05,135.0,,100.0,100.04,0.0,504986.8,0.0,2024-12-20,23.0,10.72,,,,26.8,2020-06-26,2020-06-03,1000.0,SUR,,,,,RUB
TQCB,2020-06-03,СберИОС198,RU000A101954,1.0,1006.0,100.6,100.6,100.6,100.6,,100.6,,100.6,1.0,,101.15,100.6,0.0,516863.4,0.0,2020-07-30,57.0,0.0,,,,12.47,,2020-06-03,1000.0,SUR,,,,,RUB
TQCB,2020-06-03,ВсИнстрБО2,RU000A101970,78.0,1364948.8,103.36,103.98,103.9,103.94,21.42,103.72,9.09,103.9,1316.0,103.72,103.72,103.94,1364948.8,1364948.8,1364948.8,2022-12-23,519.0,9.22,,,,28.67,2021-12-24,2020-06-03,1000.0,SUR,,8.9882,,2021-12-29,RUB
TQCB,2020-06-03,МосОб34013,RU000A101988,1.0,1034.5,103.45,103.45,103.45,103.45,12.2,103.45,5.61,103.45,1.0,103.98,103.98,103.45,116379415.4,116379415.4,116379415.4,2024-12-20,1181.0,5.61,,,,16.33,,2020-06-03,1000.0,SUR,,,,,RUB
TQCB,2020-06-03,СберИОС201,RU000A101A24,1.0,955.0,95.5,95.5,95.5,95.5,,95.5,,95.5,1.0,,94.24,95.5,0.0,524893.0,0.0,2022-02-04,611.0,0.0,,,,0.2,,2020-06-03,1000.0,SUR,,,,,RUB
TQCB,2020-06-03,СберИОС204,RU000A101A40,3.0,322560.0,102.4,102.4,102.4,102.4,,102.4,,102.4,315.0,101.98,102.36,102.4,930076.0,524076.0,930076.0,2023-02-06,978.0,0.0,,,,0.3,,2020-06-03,1000.0,SUR,,,,,RUB
TQCB,2020-06-03,СберИОС205,RU000A101BX2,7.0,495292.1,96.2,97.19,97.19,96.99,,96.36,,96.2,514.0,96.36,96.36,96.99,505880.1,504918.1,505880.1,2021-02-17,259.0,0.0,,,,0.1,,2020-06-03,1000.0,SUR,,,,,RUB
TQCB,2020-06-03,ВТБ Б-1-49,RU000A101C22,16.0,409889.0,100.22,100.7,100.45,100.45,21.7,100.46,5.23,100.22,408.0,,100.51,100.45,0.0,589998.8,0.0,2021-01-19,225.0,5.21,,,,29.47,,2020-06-03,1000.0,SUR,,,,,RUB
TQCB,2020-06-03,Сбер Sb15R,RU000A101C89,103.0,3664886.0,102.0,102.88,102.49,102.49,22.09,102.23,5.61,102.5,3585.0,102.23,102.23,102.49,3664886.0,3664886.0,3664886.0,2024-01-22,1184.0,5.69,,,,31.41,,2020-06-03,1000.0,SUR,,,,,RUB
TQCB,2020-06-03,ЛТрейд 1P1,RU000A101CB6,102.0,2930368.0,98.99,99.45,98.99,99.0,4.11,99.03,13.85,99.45,2959.0,99.03,99.03,99.0,2930368.0,2930368.0,2930368.0,2023-01-07,686.0,13.82,,,,10.27,,2020-06-03,1000.0,SUR,,,,,RUB
TQCB,2020-06-03,СберИОС200,RU000A101CD2,7.0,303406.6,91.6,93.43,93.43,93.43,,91.66,,91.6,331.0,,90.74,93.43,0.0,673265.3,0.0,2024-02-27,1364.0,0.0,,,,0.4,,2020-06-03,1000.0,SUR,,,,,RUB
TQOD,2020-06-03,ФридФин1П1,RU000A101CG5,54.0,145945.69,99.651,100.05,100.0,100.0,6.41,99.9863,6.66,100.05,146.0,99.9628,99.9628,100.0,10067786.07,10067786.07,10067786.07,2023-01-24,889.0,6.67,,,,16.21,,2020-06-03,1000.0,USD,,,,,USD
TQCB,2020-06-03,ФСК ЕЭС1Р4,RU000A101CL5,23.0,942495.3,103.11,103.79,103.25,103.25,6.29,103.46,6.45,103.51,911.0,103.46,103.46,103.25,942495.3,942495.3,942495.3,2035-01-11,2615.0,6.42,,,,16.83,2030-01-17,2020-06-03,1000.0,SUR,,6.4385,,2030-01-22,RUB
TQCB,2020-06-03,СУЭК-Ф1P5R,RU000A101CQ4,21.0,2286836.4,100.25,100.44,100.29,100.3,23.82,100.3,6.94,100.25,2280.0,100.3,100.3,100.3,2286836.4,2286836.4,2286836.4,2030-01-16,1445.0,6.94,,,,34.41,2025-01-22,2020-06-03,1000.0,SUR,,6.918,,2025-01-27,RUB
TQCB,2020-06-03,СберИОС212,RU000A101CY8,1.0,7512.0,93.9,93.9,93.9,93.9,,93.9,,93.9,8.0,92.44,92.4,93.9,1130575.0,778018.0,1130575.0,2025-02-13,1716.0,0.0,,,,0.5,,2020-06-03,1000.0,SUR,,,,,RUB
TQCB,2020-06-03,Сегежа1P1R,RU000A101D13,176.0,4223833.8,99.9,100.09,100.0,100.0,24.32,100.0,7.22,99.91,4224.0,100.0,100.0,100.0,4223833.8,4223833.8,4223833.8,2023-01-26,878.0,7.22,,,,35.4,,2020-06-03,1000.0,SUR,,,,,RUB
TQCB,2020-06-03,СберИОС208,RU000A101D62,1.0,959000.0,95.9,95.9,95.9,95.9,,95.9,,95.9,1000.0,94.99,94.99,95.9,6666552.7,6666552.7,6666552.7,2025-02-26,1729.0,0.0,,,,0.5,,2020-06-03,1000.0,SUR,,,,,RUB
TQCB,2020-06-03,РСХБ Б02RP,RU000A101DD0,16.0,97355.0,100.0,101.24,100.55,100.55,4.31,100.37,5.99,101.0,97.0,,100.77,100.55,0.0,562300.4,0.0,2023-01-25,891.0,6.06,,,,5.14,,2020-06-03,1000.0,SUR,,,,,RUB
TQCB,2020-06-03,ЛенэнерБО4,RU000A101DF5,2.0,3030.0,101.0,101.0,101.0,101.0,20.21,101.0,5.87,101.0,3.0,,99.23,101.0,0.0,1202619.9,0.0,2025-01-29,895.0,5.87,,,,30.92,2023-02-01,2020-06-03,1000.0,SUR,,6.0342,,2025-01-29,RUB
TQCB,2020-06-03,МКБ П12,RU000A101DK5,1382.0,58943018.6,97.01,98.51,97.01,97.01,,98.51,,98.51,59836.0,98.51,98.51,97.01,58943018.6,58943018.6,58943018.6,2023-02-12,983.0,0.0,,,,1.0,,2020-06-03,1000.0,SUR,,,,,RUB
TQCB,2020-06-03,МКБ П11,RU000A101DL3,8.0,349604.2,95.26,95.26,95.26,95.26,3.84,95.26,3.11,95.26,367.0,95.26,95.26,95.26,2315770.6,505830.6,2315770.6,2023-02-12,970.0,3.11,,,,12.53,,2020-06-03,1000.0,SUR,,,,,RUB
TQCB,2020-06-03,СберИОС210,RU000A101DR0,2.0,52748.0,96.2,97.8,96.2,96.2,,97.68,,97.8,54.0,,92.46,96.2,0.0,2864445.6,0.0,2025-02-20,1723.0,0.0,,,,0.5,,2020-06-03,1000.0,SUR,,,,,RUB
TQCB,2020-06-03,ВитаЛайнБ1,RU000A101DU4,30.0,1391513.6,101.8,102.25,101.8,101.85,7.84,102.09,10.18,101.95,1363.0,102.09,102.09,101.85,1391513.6,1391513.6,1391513.6,2023-02-03,563.0,9.98,,,,27.42,2022-02-04,2020-06-03,1000.0,SUR,,10.1139,,2022-02-07,RUB
TQCB,2020-06-03,СберИОС203,RU000A101E04,2.0,967983.0,96.7,98.3,96.7,96.7,,96.7,,98.3,1001.0,96.38,96.38,96.7,1780154.9,1780154.9,1780154.9,2022-03-04,639.0,0.0,,,,0.2,,2020-06-03,1000.0,SUR,,,,,RUB
TQCB,2020-06-03,СберИОС209,RU000A101E38,2.0,97162.0,96.2,96.2,96.2,96.2,,96.2,,96.2,101.0,96.11,96.11,96.2,720855.8,719894.8,720855.8,2021-03-05,275.0,0.0,,,,0.1,,2020-06-03,1000.0,SUR,,,,,RUB
TQCB,2020-06-03,МЕТАЛИНБ04,RU000A101EF3,16.0,7815409.6,101.0,101.65,101.65,101.63,20.1,101.51,6.29,101.6,7699.0,101.51,101.51,101.63,7815409.6,7815409.6,7815409.6,2030-01-30,1733.0,6.32,,,,32.66,2026-02-04,2020-06-03,1000.0,SUR,,6.2779,,2026-02-09,RUB
TQCB,2020-06-03,СберИОС213,RU000A101EL1,4.0,995432.0,94.5,96.1,95.5,95.5,,94.8,,94.5,1050.0,94.12,94.12,95.5,5408096.0,5408096.0,5408096.0,2025-02-27,1730.0,0.0,,,,0.5,,2020-06-03,1000.0,SUR,,,,,RUB
TQCB,2020-06-03,ВТБ Б-1-51,RU000A101F52,4.0,6405.6,88.11,92.29,91.0,91.0,0.03,91.51,3.56,92.29,7.0,,88.97,91.0,0.0,610332.3,0.0,2023-02-14,986.0,3.35,,,,0.05,,2020-06-03,1000.0,SUR,,,,,RUB
TQCB,2020-06-03,ВТБ Б-1-53,RU000A101F78,14.0,64566.2,96.06,97.98,97.98,97.98,0.03,96.37,2.94,96.12,67.0,,98.22,97.98,0.0,578536.6,0.0,2021-02-16,258.0,5.38,,,,0.05,,2020-06-03,1000.0,SUR,,2.9393,,2021-02-16,RUB
TQCB,2020-06-03,ВТБ Б-1-52,RU000A101F86,4.0,499591.7,96.03,99.9,96.03,96.03,0.03,97.96,5.91,99.9,510.0,97.82,97.87,96.03,570287.1,540265.5,570287.1,2021-02-16,258.0,2.97,,,,0.05,,2020-06-03,1000.0,SUR,,5.9089,,2021-02-16,RUB
TQCB,2020-06-03,Ростел2P3R,RU000A101FC7,14.0,145916.1,101.26,101.55,101.55,101.5,18.15,101.33,5.7,101.55,144.0,,101.44,101.5,0.0,508218.1,0.0,2023-02-14,907.0,5.79,,,,31.16,,2020-06-03,1000.0,SUR,,,,,RUB
TQCB,2020-06-03,Ростел2P2R,RU000A101FG8,65.0,2133343870.0,101.35,103.5,103.47,102.54,19.13,101.47,6.1,102.79,2104031.0,101.39,101.39,102.54,2133343870.0,2133343870.0,2133343870.0,2027-02-10,1978.0,6.48,,,,33.16,,2020-06-03,1000.0,SUR,,,,,RUB
TQCB,2020-06-03,МТС 1P-14,RU000A101FH6,106.0,2551630.0,102.11,102.65,102.55,102.54,2.35,102.12,6.27,102.11,2488.0,102.56,102.56,102.54,2551630.0,2551630.0,2551630.0,2027-02-11,1996.0,6.35,,,,16.45,,2020-06-03,1000.0,SUR,,,,,RUB
TQCB,2020-06-03,СберИОС211,RU000A101FQ7,6.0,483060.0,99.6,99.6,99.6,99.6,,99.6,,99.6,485.0,99.59,99.77,99.6,5314370.0,3327360.0,5314370.0,2025-03-06,1737.0,0.0,,,,0.5,,2020-06-03,1000.0,SUR,,,,,RUB
TQCB,2020-06-03,ЛомМасБОП7,RU000A101FT1,66.0,1243830.3,101.51,102.49,101.75,101.75,4.99,101.7,13.47,101.51,1223.0,101.7,101.7,101.75,1243830.3,1243830.3,1243830.3,2022-02-17,564.0,13.51,,,,34.9,,2020-06-03,1000.0,SUR,,,,,RUB
TQCB,2020-06-03,ВТБ Б-1-50,RU000A101FV7,11.0,399836.6,100.24,101.89,100.33,100.33,15.94,100.71,5.23,100.26,397.0,,100.81,100.33,0.0,603856.6,0.0,2021-02-19,256.0,4.67,,,,28.17,,2020-06-03,1000.0,SUR,,,,,RUB
TQCB,2020-06-03,МОЭСКБО1P2,RU000A101FY1,1.0,5075.0,101.5,101.5,101.5,101.5,17.35,101.5,5.62,101.5,5.0,,100.92,101.5,0.0,1928565.2,0.0,2025-02-14,912.0,5.62,,,,30.67,2023-02-17,2020-06-03,1000.0,SUR,,5.587,,2023-02-22,RUB
TQCB,2020-06-03,СберИОС221,RU000A101G51,3.0,1362150.0,100.9,100.9,100.9,100.9,,100.9,,100.9,1350.0,100.94,100.94,100.9,6007053.0,6007053.0,6007053.0,2022-03-23,658.0,0.0,,,,0.2,,2020-06-03,1000.0,SUR,,,,,RUB
TQCB,2020-06-03,СберИОС220,RU000A101G69,52.0,24324831.6,106.24,108.6,108.6,108.6,,108.38,,106.5,22471.0,108.25,108.25,108.6,24324831.6,24324831.6,24324831.6,2024-03-26,1392.0,0.0,,,,0.4,,2020-06-03,1000.0,SUR,,,,,RUB
TQCB,2020-06-03,РОЛЬФ 1Р02,RU000A101GB7,295.0,3564318.3,97.47,98.53,98.0,98.0,1.48,97.76,10.68,98.37,3646.0,97.76,97.76,98.0,3564318.3,3564318.3,3564318.3,2022-02-24,590.0,10.85,,,,22.44,,2020-06-03,1000.0,SUR,,,,,RUB
TQCB,2020-06-03,ГТЛК 1P-16,RU000A101GD3,43.0,4534047.5,98.31,98.6,98.31,98.46,1.14,98.54,7.65,98.51,4601.0,98.54,98.54,98.46,4534047.5,4534047.5,4534047.5,2028-02-17,1290.0,7.58,,,,17.33,,2020-06-03,1000.0,SUR,,7.644,,2028-02-17,RUB
TQCB,2020-06-03,ЗЕНИТБО1Р7,RU000A101GG6,1.0,1000.1,100.01,100.01,100.01,100.01,17.94,100.01,6.85,100.01,1.0,,,100.01,0.0,0.0,0.0,2023-02-23,910.0,6.85,,,,33.66,,2020-06-03,1000.0,SUR,,,,,RUB
TQCB,2020-06-03,Газпнф3P3R,RU000A101GJ0,7.0,13238.7,101.5,102.0,101.8,101.8,1.02,101.84,5.89,102.0,13.0,,101.42,101.8,0.0,538537.1,0.0,2025-02-20,1508.0,5.88,,,,15.46,,2020-06-03,1000.0,SUR,,,,,RUB
TQCB,2020-06-03,СберИОС225,RU000A101GM4,1.0,36756.0,102.1,102.1,102.1,102.1,,102.1,,102.1,36.0,,,102.1,0.0,0.0,0.0,2020-09-25,114.0,0.0,,,,10.97,,2020-06-03,1000.0,SUR,,,,,RUB
TQCB,2020-06-03,СберИОС226,RU000A101GP7,25.0,18464928.3,101.83,103.9,103.9,103.9,,103.83,,103.9,17784.0,103.83,103.83,103.9,18464928.3,18464928.3,18464928.3,2025-03-21,1752.0,0.0,,,,0.5,,2020-06-03,1000.0,SUR,,,,,RUB
TQCB,2020-06-03,ОткрФКБП6,RU000A101GR3,2.0,2799719.5,100.99,101.0,101.0,101.0,16.13,101.0,6.08,100.99,2772.0,100.75,100.75,101.0,36385581.5,36380521.5,36385581.5,2025-02-25,919.0,6.08,,,,31.91,2023-02-28,2020-06-03,1000.0,SUR,,6.0594,,2023-03-03,RUB
TQCB,2020-06-03,СберИОС230,RU000A101GT9,90.0,48427828.7,104.5,105.6,105.6,105.6,,105.57,,104.5,45874.0,105.57,105.57,105.6,48427828.7,48427828.7,48427828.7,2025-03-18,1749.0,0.0,,,,0.5,,2020-06-03,1000.0,SUR,,,,,RUB
TQCB,2020-06-03,ЛЕГЕНДА1P2,RU000A101GW3,111.0,2594626.7,97.32,97.85,97.75,97.51,27.73,97.65,12.8,97.32,2657.0,97.65,97.65,97.51,2594626.7,2594626.7,2594626.7,2023-03-14,672.0,12.86,,,,31.64,,2020-06-03,1000.0,SUR,,,,,RUB
TQCB,2020-06-03,ВТБ Б-1-56,RU000A101GX1,8.0,190431.0,91.03,97.24,94.0,94.0,0.03,95.22,2.29,91.03,200.0,,94.07,94.0,0.0,500442.2,0.0,2023-02-28,1000.0,1.81,,,,0.05,,2020-06-03,1000.0,SUR,,2.2945,,2023-02-28,RUB
TQCB,2020-06-03,УрКаПБО6P,RU000A101GZ6,114.0,63967543.1,100.0,101.66,101.2,101.2,17.27,101.09,6.66,100.0,63233.0,101.16,101.16,101.2,63967543.1,63967543.1,63967543.1,2025-02-25,1482.0,6.68,,,,34.16,,2020-06-03,1000.0,SUR,,,,,RUB
TQCB,2020-06-03,Самолет1P8,RU000A101H43,424.0,11662343.0,99.6,100.27,99.8,99.8,27.73,100.0,11.38,100.27,11686.0,99.8,99.8,99.8,11662343.0,11662343.0,11662343.0,2023-02-28,868.0,11.29,,,,54.85,,2020-06-03,1000.0,SUR,,,,,RUB
TQCB,2020-06-03,РЖД 1Р-18R,RU000A101H84,9.0,33973.0,99.9,100.0,99.9,99.9,16.06,99.92,6.91,100.0,34.0,,100.0,99.9,0.0,7622973.0,0.0,2030-02-20,91.0,6.83,,,,32.11,2020-09-02,2020-06-03,1000.0,SUR,,,,,RUB
TQCB,2020-06-03,МоторТ1Р02,RU000A101HA7,75.0,1440415.5,99.71,99.96,99.94,99.93,0.0,99.89,13.68,99.94,1442.0,99.89,99.89,99.93,1440415.5,1440415.5,1440415.5,2023-03-01,858.0,13.7,,,,32.41,,2020-06-03,1000.0,SUR,,,,,RUB
TQCB,2020-06-03,Магнит2Р01,RU000A101HJ8,24.0,3314120.4,100.1,101.1,100.9,100.9,15.29,100.9,5.92,100.1,3283.0,100.95,100.95,100.9,3314120.4,3314120.4,3314120.4,2023-03-02,924.0,5.92,,,,30.92,,2020-06-03,1000.0,SUR,,,,,RUB
TQCB,2020-06-03,СберИОС231,RU000A101HK6,102.0,51560644.9,106.28,107.9,107.35,107.79,,107.78,,107.9,47846.0,107.76,107.76,107.79,51560644.9,51560644.9,51560644.9,2025-03-25,1756.0,0.0,,,,0.5,,2020-06-03,1000.0,SUR,,,,,RUB
TQCB,2020-06-03,ДДёнерБОП2,RU000A101HQ3,42.0,1052149.0,99.97,100.94,100.73,100.73,88.77,100.2,14.02,100.59,105.0,100.2,100.2,100.73,1052149.0,1052149.0,1052149.0,2023-04-25,872.0,14.27,,,,110.96,,2020-06-03,10000.0,SUR,,,,,RUB
TQCB,2020-06-03,Брус 1P01,RU000A101HU5,650.0,19241056.9,97.46,100.0,97.7,97.7,25.01,98.82,12.68,100.0,19613.0,98.1,98.1,97.7,19241056.9,19241056.9,19241056.9,2023-03-09,758.0,12.08,,,,27.42,,2020-06-03,1000.0,SUR,,,,,RUB
TQCB,2020-06-03,СберИОС232,RU000A101J41,9.0,5659860.0,105.8,106.0,106.0,106.0,,105.97,,105.8,5341.0,105.91,105.95,106.0,8896842.0,6505202.0,8896842.0,2025-04-04,1766.0,0.0,,,,0.5,,2020-06-03,1000.0,SUR,,,,,RUB
TQCB,2020-06-03,СберИОС233,RU000A101J58,40.0,20311264.9,106.6,107.2,107.2,107.2,,107.0,,106.7,18983.0,107.0,107.0,107.2,20311264.9,20311264.9,20311264.9,2025-04-01,1763.0,0.0,,,,0.5,,2020-06-03,1000.0,SUR,,,,,RUB
TQCB,2020-06-03,СберИОС237,RU000A101J74,7.0,3433750.0,102.5,102.5,102.5,102.5,,102.5,,102.5,3350.0,102.54,102.54,102.5,5962840.0,5962840.0,5962840.0,2022-04-06,672.0,0.0,,,,0.2,,2020-06-03,1000.0,SUR,,,,,RUB
TQCB,2020-06-03,СИЛ 1P01,RU000A101J82,5.0,23431.6,101.85,101.9,101.9,101.9,5.18,101.88,9.39,101.85,23.0,,101.06,101.9,0.0,503263.2,0.0,2023-03-02,464.0,9.4,,,,8.63,,2020-06-03,1000.0,SUR,,,,,RUB
TQCB,2020-06-03,ВТБ Б-1-59,RU000A101JA3,1.0,8928.0,99.2,99.2,99.2,99.2,,99.2,,99.2,9.0,,,99.2,0.0,0.0,0.0,2023-03-14,1014.0,0.0,,,,0.05,,2020-06-03,1000.0,SUR,,,,2023-03-14,RUB
TQCB,2020-06-03,СберИОС239,RU000A101JE5,13.0,9529290.0,107.9,109.0,109.0,109.0,,107.91,,108.0,8831.0,107.91,107.91,109.0,9529290.0,9529290.0,9529290.0,2024-03-07,1373.0,0.0,,,,0.39,,2020-06-03,1000.0,SUR,,,,,RUB
TQCB,2020-06-03,АйДиЭфБ02,RU000A101JF2,2.0,13048.5,99.95,100.5,99.95,99.95,6.05,100.37,13.87,100.5,13.0,100.0,100.0,99.95,15191087.6,5099077.6,15191087.6,2023-03-15,269.0,13.23,,,,10.68,2021-03-13,2020-06-03,1000.0,SUR,,13.6231,,2021-03-17,RUB
TQCB,2020-06-03,ВТБ Б-1-62,RU000A101JT3,33.0,1732294.1,100.37,100.9,100.8,100.8,11.51,100.6,5.03,100.5,1722.0,100.6,100.6,100.8,1732294.1,1732294.1,1732294.1,2021-03-24,289.0,5.29,,,,29.92,,2020-06-03,1000.0,SUR,,,,,RUB
TQCB,2020-06-03,ГрузЦ БОП4,RU000A101K30,22.0,394742.0,103.45,104.85,103.99,103.99,30.68,103.88,13.01,103.45,38.0,,103.78,103.99,0.0,508539.0,0.0,2023-03-12,846.0,13.06,,,,115.07,,2020-06-03,10000.0,SUR,,,,,RUB
TQCB,2020-06-03,СберИОС240,RU000A101K97,1.0,1014000.0,101.4,101.4,101.4,101.4,,101.4,,101.4,1000.0,101.33,101.36,101.4,1069035.5,1044987.5,1069035.5,2021-04-13,314.0,0.0,,,,10.0,,2020-06-03,1000.0,SUR,,,,,RUB
TQCB,2020-06-03,ВТБ Б-1-54,RU000A101KA1,1.0,20300.0,101.5,101.5,101.5,101.5,,101.5,,101.5,20.0,,100.53,101.5,0.0,1375296.1,0.0,2021-03-30,300.0,0.0,,,,0.05,,2020-06-03,1000.0,SUR,,,,2021-03-30,RUB
TQCB,2020-06-03,СберИОС246,RU000A101KB9,3.0,674800.0,103.8,103.9,103.8,103.8,,103.82,,103.9,650.0,102.81,103.19,103.8,15853846.0,5593846.0,15853846.0,2024-04-05,1402.0,0.0,,,,0.39,,2020-06-03,1000.0,SUR,,,,,RUB
TQCB,2020-06-03,ВТБ Б-1-60,RU000A101KC7,4.0,10531.8,95.02,102.97,95.02,95.74,,95.74,,102.97,11.0,,94.44,95.74,0.0,800853.5,0.0,2023-04-04,1035.0,0.0,,,,0.05,,2020-06-03,1000.0,SUR,,,,,RUB
TQCB,2020-06-03,СберИОС244,RU000A101KF0,11.0,8849659.0,102.7,102.7,102.7,102.7,,102.7,,102.7,8617.0,102.7,102.7,102.7,8849659.0,8849659.0,8849659.0,2025-04-23,1785.0,0.0,,,,0.5,,2020-06-03,1000.0,SUR,,,,,RUB
TQCB,2020-06-03,СберИОС242,RU000A101KH6,3.0,2148650.0,106.5,107.3,107.3,107.3,,106.9,,106.5,2010.0,106.38,106.37,107.3,10655009.0,7463009.0,10655009.0,2025-04-11,1773.0,0.0,,,,0.5,,2020-06-03,1000.0,SUR,,,,,RUB
TQCB,2020-06-03,Калита1P1,RU000A101KJ2,132.0,2259265.7,102.0,102.94,102.32,102.32,1.64,102.28,15.0,102.76,2209.0,102.28,102.28,102.32,2259265.7,2259265.7,2259265.7,2023-09-12,898.0,15.02,,,,12.33,,2020-06-03,1000.0,SUR,,,,,RUB
TQCB,2020-06-03,РОСНАНО2P4,RU000A101KK0,21.0,1069079.5,100.15,101.38,101.35,101.35,15.34,100.86,6.32,101.01,1060.0,100.86,100.86,101.35,1069079.5,1069079.5,1069079.5,2024-03-26,191.0,7.29,,,,18.22,2020-12-16,2020-06-03,1000.0,SUR,,6.1124,,2020-12-21,RUB
TQOB,2020-06-03,КОБР-32,RU000A101KR5,1.0,1600800.0,100.05,100.05,100.05,100.05,7.68,100.05,5.0,100.05,1600.0,,100.049,100.05,0.0,1207591800.0,0.0,2020-07-15,42.0,5.0,,,,13.99,2020-07-15,2020-06-03,1000.0,SUR,,,4.8782,,RUB
TQCB,2020-06-03,ЛомМасБОП8,RU000A101KU9,29.0,644076.3,103.0,103.5,103.0,103.0,25.62,103.38,13.84,103.5,623.0,103.38,103.38,103.0,644076.3,644076.3,644076.3,2023-04-06,288.0,13.32,,,,42.38,2021-04-08,2020-06-03,1000.0,SUR,,13.5641,,2021-04-13,RUB
TQCB,2020-06-03,СберИОС251,RU000A101L13,4.0,4028000.0,100.7,100.7,100.7,100.7,,100.7,,100.7,4000.0,,100.71,100.7,0.0,5050505.0,0.0,2022-05-05,701.0,0.0,,,,0.2,,2020-06-03,1000.0,SUR,,,,,RUB
TQCB,2020-06-03,СберИОС250,RU000A101L21,4.0,1929070.0,103.9,104.0,104.0,104.0,,103.94,,103.9,1856.0,103.99,104.06,104.0,9024321.5,7565044.0,9024321.5,2025-04-29,1791.0,0.0,,,,0.5,,2020-06-03,1000.0,SUR,,,,,RUB
TQCB,2020-06-03,СберИОС245,RU000A101LB7,35.0,13342050.3,99.87,103.9,101.9,101.9,,101.82,,101.9,13103.0,101.82,101.82,101.9,13342050.3,13342050.3,13342050.3,2025-05-07,1799.0,0.0,,,,0.5,,2020-06-03,1000.0,SUR,,,,,RUB
EQOB,2020-06-03,СберИОС252,RU000A101LF8,23.0,10649228.0,101.0,102.4,102.0,101.2,,101.17,,102.4,10528.0,101.15,101.15,101.2,10649228.0,10649228.0,10649228.0,2025-05-07,1799.0,0.0,,,,0.5,,2020-06-03,1000.0,SUR,,,,,RUB
EQOB,2020-06-03,ЕврХимБ1Р8,RU000A101LJ0,6.0,999620.7,107.8,108.22,107.85,107.85,9.48,107.95,6.25,108.22,926.0,108.15,108.42,107.85,58702423.9,40735982.9,58702423.9,2025-04-15,1504.0,6.23,,,,40.14,,2020-06-03,1000.0,SUR,,,,,RUB
EQOB,2020-06-03,ВТБ Б-1-57,RU000A101LK8,2.0,57820.0,98.0,98.0,98.0,98.0,,98.0,,98.0,59.0,,98.03,98.0,0.0,794070.6,0.0,2021-04-20,321.0,0.0,,,,0.05,,2020-06-03,1000.0,SUR,,,,2021-04-20,RUB
EQOB,2020-06-03,МежИнБ01P2,RU000A101LM4,2.0,425959.6,106.45,106.49,106.49,106.49,7.43,106.49,6.28,106.45,400.0,105.99,105.99,106.49,542672.2,539478.4,542672.2,2025-04-23,1519.0,6.28,,,,38.64,,2020-06-03,1000.0,SUR,,,,,RUB
EQOB,2020-06-03,ТМК 1P01,RU000A101LQ5,12.0,167312.7,103.2,103.4,103.2,103.2,9.38,103.28,6.62,103.4,162.0,,103.31,103.2,0.0,528968.9,0.0,2022-04-21,645.0,6.57,,,,41.64,,2020-06-03,1000.0,SUR,,,,,RUB
EQOB,2020-06-03,iСЛТ001P03,RU000A101LV5,26.0,12132226.9,105.0,105.5,105.35,105.35,12.36,105.2,8.99,105.49,11532.0,105.2,105.2,105.35,12132226.9,12132226.9,12132226.9,2023-01-19,840.0,9.05,,,,27.42,,2020-06-03,1000.0,SUR,,,,,RUB
EQOB,2020-06-03,Ростел2P4R,RU000A101LY9,3.0,37116.0,103.1,103.1,103.1,103.1,7.4,103.1,5.65,103.1,36.0,103.08,103.08,103.1,2098770.0,2091541.0,2098770.0,2023-04-21,968.0,5.65,,,,33.66,,2020-06-03,1000.0,SUR,,,,,RUB
EQOB,2020-06-03,РЖД 1Р-20R,RU000A101M04,49.0,10379736.5,105.51,106.99,106.79,106.79,8.05,106.83,6.21,106.99,9716.0,106.83,106.83,106.79,10379736.5,10379736.5,10379736.5,2027-03-15,1997.0,6.2,,,,36.65,,2020-06-03,1000.0,SUR,,,,,RUB
EQOB,2020-06-03,ВТБ Б-1-63,RU000A101M53,53.0,2788662.8,100.23,100.6,100.55,100.55,5.83,100.53,5.17,100.23,2774.0,100.53,100.53,100.55,2788662.8,2788662.8,2788662.8,2021-04-26,322.0,5.2,,,,28.67,,2020-06-03,1000.0,SUR,,,,,RUB
EQOB,2020-06-03,СовкомБОП2,RU000A101MB5,8.0,10139472.0,100.2,100.4,100.4,100.4,7.43,100.2,6.9,100.4,10119.0,100.2,100.2,100.4,37309881.6,25070275.8,37309881.6,2030-04-17,145.0,7.43,,,,19.32,2020-10-28,2020-06-03,1000.0,SUR,,6.6681,,2020-11-02,RUB
EQOB,2020-06-03,Магнит2Р02,RU000A101MC3,12.0,172183.7,102.4,102.5,102.5,102.5,6.42,102.49,5.83,102.4,168.0,,102.02,102.5,0.0,5108117.6,0.0,2023-04-26,974.0,5.84,,,,33.41,,2020-06-03,1000.0,SUR,,,,,RUB
EQOB,2020-06-03,СберИОС253,RU000A101MH2,5.0,102000.0,99.96,102.0,99.96,99.96,,100.0,,102.0,102.0,,,99.96,0.0,0.0,0.0,2025-06-04,1827.0,0.0,,,,0.5,,2020-06-03,1000.0,SUR,,,,,RUB
EQOB,2020-06-03,СберИОС254,RU000A101MK6,13.0,230629.7,89.93,95.48,95.48,95.48,,92.62,,91.76,249.0,,,95.48,0.0,0.0,0.0,2024-05-28,1455.0,0.0,,,,0.4,,2020-06-03,1000.0,SUR,,,,,RUB
EQOB,2020-06-03,СберИОС255,RU000A101ML4,3.0,14940.7,99.47,101.49,99.47,99.47,,99.6,,101.49,15.0,,,99.47,0.0,0.0,0.0,2020-11-27,177.0,0.0,,,,4.99,,2020-06-03,1000.0,SUR,,,,,RUB
EQOB,2020-06-03,ДетМир БО6,RU000A101MT7,28.0,1810016.8,100.8,101.32,101.0,101.0,5.18,101.01,6.72,101.32,1792.0,101.01,101.01,101.0,1810016.8,1810016.8,1810016.8,2027-04-29,978.0,6.72,,,,34.9,2023-05-04,2020-06-03,1000.0,SUR,,6.7005,,2023-05-08,RUB
EQOB,2020-06-03,ВТБ Б-1-66,RU000A101MW1,2.0,44127.8,99.88,100.3,99.88,99.88,,100.29,,100.3,44.0,,98.49,99.88,0.0,506250.3,0.0,2025-05-01,1793.0,0.0,,,,0.05,,2020-06-03,1000.0,SUR,,,,,RUB
EQOB,2020-06-03,ВТБ Б-1-67,RU000A101MY7,26.0,183442.2,98.0,99.5,98.02,98.0,,98.62,,99.35,186.0,,99.1,98.0,0.0,502430.2,0.0,2023-05-04,1065.0,0.0,,,,0.05,,2020-06-03,1000.0,SUR,,,,2023-05-04,RUB
EQOB,2020-06-03,МТС 1P-15,RU000A101NG2,3.0,1042079.8,103.99,104.0,103.99,103.99,3.62,104.0,5.98,104.0,1002.0,104.13,104.13,103.99,3196827.8,3135447.8,3196827.8,2026-11-05,1934.0,5.98,,,,16.45,,2020-06-03,1000.0,SUR,,,,,RUB
EQOB,2020-06-03,ЧЗПСНП БП2,RU000A101NJ6,47.0,616511.0,100.05,100.16,100.1,100.1,6.58,100.08,12.52,100.1,616.0,100.08,100.08,100.1,616511.0,616511.0,616511.0,2025-05-08,1376.0,12.53,,,,29.92,,2020-06-03,1000.0,SUR,,,,,RUB
EQOB,2020-06-03,ВТБ Б-1-68,RU000A101NX7,4.0,12818.9,98.01,99.95,99.95,99.95,,98.61,,98.01,13.0,,98.01,99.95,0.0,782103.5,0.0,2025-05-13,1805.0,0.0,,,,0.05,,2020-06-03,1000.0,SUR,,,,,RUB
EQOB,2020-06-03,ВТБ Б-1-69,RU000A101P01,6.0,58563.0,95.01,97.1,97.1,97.1,,96.0,,95.01,61.0,,97.71,97.1,0.0,577441.0,0.0,2025-05-13,1805.0,0.0,,,,0.05,,2020-06-03,1000.0,SUR,,,,,RUB
EQOB,2020-06-03,Якут-35014,RU000A101P27,4.0,38098.5,102.5,103.0,102.85,102.85,2.49,102.97,5.85,103.0,37.0,,102.97,102.85,0.0,769832533.7,0.0,2027-05-12,1375.0,5.82,,,,21.51,,2020-06-03,1000.0,SUR,,,,,RUB
EQOB,2020-06-03,Шевченк1Р2,RU000A101P92,182.0,6067212.4,100.1,100.25,100.24,100.23,4.63,100.2,13.57,100.18,6055.0,100.2,100.2,100.23,6067212.4,6067212.4,6067212.4,2025-05-15,1278.0,13.58,,,,32.41,,2020-06-03,1000.0,SUR,,,,,RUB
EQOB,2020-06-03,БелОб34014,RU000A101PA0,15.0,1282379.5,100.4,100.56,100.45,100.45,1.94,100.42,5.9,100.56,1277.0,100.42,100.42,100.45,1282379.5,1282379.5,1282379.5,2025-05-16,1368.0,5.91,,,,14.71,,2020-06-03,1000.0,SUR,,,,,RUB
EQOB,2020-06-03,АЛРОСА Б07,RU000A101PC6,3.0,111545.0,99.5,100.5,100.5,100.5,1.89,100.49,5.76,99.5,111.0,,100.5,100.5,0.0,648215.0,0.0,2030-05-10,1584.0,5.76,,,,14.34,2025-05-16,2020-06-03,1000.0,SUR,,5.7442,,2025-05-20,RUB
EQOB,2020-06-03,Магнит2Р03,RU000A101PJ1,3.0,34159.3,100.39,100.48,100.39,100.39,1.94,100.47,5.84,100.48,34.0,100.4,100.4,100.39,6476509.3,6474501.5,6476509.3,2023-05-19,1005.0,5.81,,,,29.42,,2020-06-03,1000.0,SUR,,,,,RUB
EQOB,2020-06-03,СовкмFIZL2,RU000A101PP8,7.0,1126248.0,100.2,100.2,100.2,100.2,1.6,100.2,6.58,100.2,1124.0,100.2,100.2,100.2,1245484.3,1139273.8,1245484.3,2023-05-22,992.0,6.58,,,,16.21,,2020-06-03,1000.0,SUR,,,,,RUB
EQOB,2020-06-03,ВТБ Б-1-70,RU000A101PR4,35.0,1656188.2,89.0,99.2,99.0,99.0,,94.21,,89.0,1758.0,94.21,94.21,99.0,1656188.2,1656188.2,1656188.2,2022-05-24,720.0,0.0,,,,0.05,,2020-06-03,1000.0,SUR,,,,2022-05-24,RUB
EQOB,2020-06-03,ВТБ Б-1-71,RU000A101PS2,3.0,10909.9,99.0,100.99,100.99,99.18,,99.18,,99.0,11.0,,100.15,99.18,0.0,503769.2,0.0,2025-05-20,1812.0,0.0,,,,0.05,,2020-06-03,1000.0,SUR,,,,,RUB
EQOB,2020-06-03,ТрансмхПБ5,RU000A101PU8,3.0,94406.0,100.0,100.45,100.45,100.45,1.17,100.25,6.02,100.1,94.0,100.21,100.21,100.45,2976278.5,2972266.5,2976278.5,2025-05-21,1008.0,6.1,,,,30.42,2023-05-24,2020-06-03,1000.0,SUR,,5.9954,,2023-05-29,RUB
EQOB,2020-06-03,РКССочиБ01,RU000A101PV6,237.0,5803702.1,100.0,100.09,100.06,100.06,3.07,100.03,14.72,100.09,5802.0,100.03,100.03,100.06,5803702.1,5803702.1,5803702.1,2023-05-23,903.0,14.74,,,,34.9,,2020-06-03,1000.0,SUR,,,,,RUB
EQOB,2020-06-03,ВТБ Б-1-72,RU000A101PW4,22.0,241020.0,99.0,100.5,100.5,100.5,,100.01,,100.0,241.0,,,100.5,0.0,0.0,0.0,2022-05-31,727.0,0.0,,,,0.05,,2020-06-03,1000.0,SUR,,,,2022-05-31,RUB
EQOB,2020-06-03,ВТБ Б-1-73,RU000A101PX2,27.0,117088.5,95.0,99.9,99.51,99.51,,99.23,,98.0,118.0,,,99.51,0.0,0.0,0.0,2023-06-09,1101.0,0.0,,,,0.05,,2020-06-03,1000.0,SUR,,,,2023-06-09,RUB
EQOB,2020-06-03,Систем1P13,RU000A101Q26,19.0,208979.9,99.95,100.04,99.99,99.99,1.27,99.99,6.71,100.04,209.0,,99.99,99.99,0.0,4005600.2,0.0,2030-05-15,1297.0,6.71,,,,32.91,2024-05-22,2020-06-03,1000.0,SUR,,6.691,,2024-05-27,RUB
EQOB,2020-06-03,СибурХ Б01,RU000A101Q42,2.0,259290.0,100.5,100.5,100.5,100.5,0.9,100.5,5.35,100.5,258.0,100.04,100.04,100.5,10502490.0,10502490.0,10502490.0,2030-05-16,857.0,5.35,,,,27.42,2022-11-24,2020-06-03,1000.0,SUR,,5.3228,,2022-11-29,RUB
EQOB,2020-06-03,СибурХ Б02,RU000A101Q59,1.0,5025.0,100.5,100.5,100.5,100.5,0.9,100.5,5.35,100.5,5.0,,,100.5,0.0,0.0,0.0,2030-05-16,857.0,5.35,,,,27.42,2022-11-24,2020-06-03,1000.0,SUR,,5.3228,,2022-11-29,RUB
EQOB,2020-06-03,ВТБ Б-1-64,RU000A101Q67,37.0,715216.8,99.95,100.4,100.01,100.01,0.85,100.03,5.2,100.4,715.0,100.03,100.03,100.01,715216.8,715216.8,715216.8,2021-05-27,353.0,5.18,,,,25.68,,2020-06-03,1000.0,SUR,,,,,RUB
EQOB,2020-06-03,ЭконЛиз1P2,RU000A101QC4,12.0,77675.8,98.11,101.0,100.43,100.43,1.64,100.88,12.36,100.97,77.0,,100.94,100.43,0.0,805495.7,0.0,2023-05-26,929.0,12.17,,,,29.92,,2020-06-03,1000.0,SUR,,,,,RUB
EQOB,2020-06-03,РитйлБФ1P1,RU000A101QF7,696.0,57982957.9,100.5,101.35,101.17,101.15,0.0,100.02,9.43,101.3,57385.0,101.04,101.04,101.15,57982957.9,57982957.9,57982957.9,2025-05-28,1289.0,9.78,,,,23.56,,2020-06-03,1000.0,SUR,,,,,RUB
EQOB,2020-06-03,ГТЛК 1P-17,RU000A101QL5,66.0,14485387.0,100.28,100.49,100.28,100.28,0.41,100.42,7.59,100.49,14425.0,100.42,100.42,100.28,14485387.0,14485387.0,14485387.0,2035-05-14,1781.0,7.56,,,,18.55,2026-05-25,2020-06-03,1000.0,SUR,,7.5805,,2026-05-28,RUB
EQOB,2020-06-03,ГазпромКP3,RU000A101QM3,8.0,1144014.4,100.44,100.45,100.44,100.44,0.16,100.44,5.68,100.45,1139.0,100.44,100.44,100.44,1171137.2,1160082.2,1171137.2,2025-05-27,1609.0,5.68,,,,28.42,,2020-06-03,1000.0,SUR,,,,,RUB
EQOB,2020-06-03,ГазпромКP4,RU000A101QN1,8.0,272089.1,100.39,100.48,100.39,100.39,0.16,100.4,5.92,100.48,271.0,,,100.39,0.0,0.0,0.0,2027-05-25,2125.0,5.91,,,,29.42,,2020-06-03,1000.0,SUR,,,,,RUB
EQOB,2020-06-03,АЛЬФА-Б2Р6,RU000A101QP6,1.0,1000.0,100.0,100.0,100.0,100.0,0.0,100.01,5.83,100.0,1.0,,,100.0,0.0,0.0,0.0,2021-06-04,361.0,5.82,,,,28.83,,2020-06-03,1000.0,SUR,,,,,RUB
EQOB,2020-06-03,Лента Б1P4,RU000A101R33,31.0,3810168.7,100.16,100.65,100.5,100.5,0.0,100.36,6.21,100.65,3790.0,100.53,100.53,100.5,3810168.7,3810168.7,3810168.7,2023-05-31,1012.0,6.26,,,,31.41,,2020-06-03,1000.0,SUR,,,,,RUB
TQOB,2020-06-03,ОФЗ 24020,SU24020RMFS8,180.0,11181912.32,100.251,100.47,100.299,100.299,5.26,100.241,,100.28,11148.0,100.304,100.304,100.299,11181912.32,11181912.32,11181912.32,2022-07-27,,0.0,,,,,,2020-06-03,1000.0,SUR,,,,,RUB
TQOB,2020-06-03,ОФЗ 24021,SU24021RMFS6,95.0,2057892.66,100.25,100.412,100.26,100.271,5.26,100.248,,100.412,2052.0,100.287,100.287,100.271,2057892.66,2057892.66,2057892.66,2024-04-24,,0.0,,,,,,2020-06-03,1000.0,SUR,,,,,RUB
TQOB,2020-06-03,ОФЗ 25083,SU25083RMFS5,516.0,234311307.1,103.621,103.9,103.699,103.699,32.22,103.723,4.52,103.661,225901.0,103.723,103.723,103.699,234311307.1,234311307.1,234311307.1,2021-12-15,525.0,4.51,,,7.0,34.9,,2020-06-03,1000.0,SUR,,,,,RUB
TQOB,2020-06-03,ОФЗ 25084,SU25084RMFS3,56.0,789118.65,101.75,102.0,101.83,101.83,15.25,101.822,4.75,101.781,775.0,101.822,101.822,101.83,789118.65,789118.65,789118.65,2023-10-04,1118.0,4.75,,,5.3,33.54,,2020-06-03,1000.0,SUR,,,,,RUB
TQOB,2020-06-03,ОФЗ 26205,SU26205RMFS3,778.0,1058764588.3,102.8,102.919,102.869,102.869,10.2,102.863,4.21,102.818,1029299.0,102.863,102.863,102.869,1058764588.3,1058764588.3,1058764588.3,2021-04-14,308.0,4.21,,,7.6,37.9,,2020-06-03,1000.0,SUR,,,,,RUB
TQOB,2020-06-03,ОФЗ 26207,SU26207RMFS9,182.0,184233763.22,116.984,117.539,117.0,117.0,25.01,117.137,5.17,116.984,157280.0,117.137,117.137,117.0,184233763.22,184233763.22,184233763.22,2027-02-03,1930.0,5.15,,,8.15,40.64,,2020-06-03,1000.0,SUR,,,,,RUB
TQOB,2020-06-03,ОФЗ 26209,SU26209RMFS5,504.0,173588294.34,106.0,106.205,106.07,106.07,27.7,106.033,4.62,106.13,163649.0,106.074,106.074,106.07,173588294.34,173588294.34,173588294.34,2022-07-20,715.0,4.64,,,7.6,37.9,,2020-06-03,1000.0,SUR,,,,,RUB
TQOB,2020-06-03,ОФЗ 26211,SU26211RMFS1,403.0,5087142.22,105.001,105.995,105.768,105.748,24.16,105.713,4.71,105.995,4809.0,105.784,105.784,105.748,5087142.22,5087142.22,5087142.22,2023-01-25,881.0,4.73,,,7.0,34.9,,2020-06-03,1000.0,SUR,,,,,RUB
TQOB,2020-06-03,ОФЗ 26212,SU26212RMFS9,179.0,284193040.12,111.05,111.692,111.274,111.215,24.33,111.367,5.31,111.692,255186.0,111.367,111.367,111.215,284193040.12,284193040.12,284193040.12,2028-01-19,2190.0,5.29,,,7.05,35.15,,2020-06-03,1000.0,SUR,,,,,RUB
TQOB,2020-06-03,ОФЗ 26215,SU26215RMFS2,341.0,85523367.53,106.599,107.02,106.62,106.609,20.13,106.795,4.8,106.664,80146.0,106.709,106.709,106.609,85523367.53,85523367.53,85523367.53,2023-08-16,1052.0,4.74,,,7.0,34.9,,2020-06-03,1000.0,SUR,,,,,RUB
TQOB,2020-06-03,ОФЗ 26217,SU26217RMFS8,532.0,319363279.74,103.405,103.52,103.504,103.504,21.58,103.491,4.52,103.405,308590.0,103.491,103.491,103.504,319363279.74,319363279.74,319363279.74,2021-08-18,422.0,4.54,,,7.5,37.4,,2020-06-03,1000.0,SUR,,,,,RUB
TQOB,2020-06-03,ОФЗ 26218,SU26218RMFS6,165.0,52829059.07,122.703,124.779,124.105,124.105,14.67,124.245,5.67,124.779,42520.0,124.245,124.245,124.105,52829059.07,52829059.07,52829059.07,2031-09-17,2852.0,5.65,,,8.5,42.38,,2020-06-03,1000.0,SUR,,,,,RUB
TQOB,2020-06-03,ОФЗ 26219,SU26219RMFS4,304.0,1955784673.14,114.211,115.0,114.744,114.62,14.86,114.756,5.05,114.689,1703069.0,114.839,114.839,114.62,1955784673.14,1955784673.14,1955784673.14,2026-09-16,1870.0,5.05,,,7.75,38.64,,2020-06-03,1000.0,SUR,,,,,RUB
TQOB,2020-06-03,ОФЗ 26220,SU26220RMFS2,365.0,225202884.44,106.4,106.686,106.577,106.577,35.48,106.579,4.65,106.551,211287.0,106.586,106.586,106.577,225202884.44,225202884.44,225202884.44,2022-12-07,828.0,4.65,,,7.4,36.9,,2020-06-03,1000.0,SUR,,,,,RUB
TQOB,2020-06-03,ОФЗ 26221,SU26221RMFS0,129.0,24890692.83,117.659,118.499,117.672,117.672,11.81,118.1,5.81,117.981,21076.0,118.1,118.1,117.672,24890692.83,24890692.83,24890692.83,2033-03-23,3163.0,5.77,,,7.7,38.39,,2020-06-03,1000.0,SUR,,,,,RUB
TQOB,2020-06-03,ОФЗ 26222,SU26222RMFS8,121.0,260224835.99,108.432,108.919,108.602,108.602,8.17,108.723,4.95,108.432,239347.0,108.723,108.723,108.602,260224835.99,260224835.99,260224835.99,2024-10-16,1399.0,4.92,,,7.1,35.4,,2020-06-03,1000.0,SUR,,,,,RUB
TQOB,2020-06-03,ОФЗ 26223,SU26223RMFS6,330.0,119365469.23,105.56,105.899,105.704,105.605,16.21,105.84,4.87,105.899,112779.0,105.84,105.84,105.605,119365469.23,119365469.23,119365469.23,2024-02-28,1220.0,4.83,,,6.5,32.41,,2020-06-03,1000.0,SUR,,,,,RUB
TQOB,2020-06-03,ОФЗ 26224,SU26224RMFS4,221.0,35410536.7,109.714,110.75,110.48,110.48,0.0,110.603,5.48,109.714,31995.0,110.675,110.675,110.48,35410536.7,35410536.7,35410536.7,2029-05-23,2539.0,5.47,,,6.9,34.41,,2020-06-03,1000.0,SUR,,,,,RUB
TQOB,2020-06-03,ОФЗ 26225,SU26225RMFS1,201.0,62116565.24,114.1,114.834,114.1,114.1,1.39,114.321,5.85,114.205,54308.0,114.378,114.378,114.1,62116565.24,62116565.24,62116565.24,2034-05-10,3406.0,5.83,,,7.25,36.15,,2020-06-03,1000.0,SUR,,,,,RUB
TQOB,2020-06-03,ОФЗ 26226,SU26226RMFS9,81.0,2324746406.68,115.3,116.25,115.605,115.605,10.67,115.945,5.11,115.84,2004854.0,115.956,115.956,115.605,2324746406.68,2324746406.68,2324746406.68,2026-10-07,1884.0,5.05,,,7.95,39.64,,2020-06-03,1000.0,SUR,,,,,RUB
TQOB,2020-06-03,ОФЗ 26227,SU26227RMFS7,63.0,632987570.93,109.111,109.599,109.486,109.25,26.97,109.372,4.89,109.549,578750.0,109.372,109.372,109.25,632987570.93,632987570.93,632987570.93,2024-07-17,1302.0,4.92,,,7.4,36.9,,2020-06-03,1000.0,SUR,,,,,RUB
TQOB,2020-06-03,ОФЗ 26228,SU26228RMFS5,52.0,118780350.79,116.285,116.955,116.301,116.301,8.8,116.9,5.56,116.653,101698.0,116.797,116.797,116.301,118780350.79,118780350.79,118780350.79,2030-04-10,2656.0,5.49,,,7.65,38.15,,2020-06-03,1000.0,SUR,,,,,RUB
AUCT,2020-06-03,ОФЗ 26229,SU26229RMFS3,90.0,45955278362.0,109.9,110.1011,109.9462,,2.74,,5.1,110.1011,41797961.0,,,,0.0,0.0,0.0,2025-11-12,,,,,7.15,35.65,,2020-06-03,1000.0,SUR,,,,,RUB
TQOB,2020-06-03,ОФЗ 26229,SU26229RMFS3,155.0,4387975566.57,109.8,110.24,109.949,109.943,2.74,110.036,5.1,110.219,3987959.0,110.031,110.031,109.943,4387975566.57,4387975566.57,4387975566.57,2025-11-12,1694.0,5.08,,,7.15,35.65,,2020-06-03,1000.0,SUR,,,,,RUB
TQOB,2020-06-03,ОФЗ 26230,SU26230RMFS1,222.0,34928753.83,121.26,122.089,121.35,121.35,11.81,121.576,5.9,122.089,28742.0,121.525,121.525,121.35,34928753.83,34928753.83,34928753.83,2039-03-16,3989.0,5.88,,,7.7,38.39,,2020-06-03,1000.0,SUR,,,,,RUB
AUCT,2020-06-03,ОФЗ 26232,SU26232RMFS7,111.0,53820274419.37,104.3651,104.867,104.4896,,8.06,,5.32,104.867,51507804.0,,,,0.0,0.0,0.0,2027-10-06,,,,,6.0,29.92,,2020-06-03,1000.0,SUR,,,,,RUB
TQOB,2020-06-03,ОФЗ 26232,SU26232RMFS7,229.0,3880573015.31,104.4,105.1,104.4,104.401,8.06,104.523,5.34,104.948,3712730.0,104.521,104.521,104.401,3880573015.31,3880573015.31,3880573015.31,2027-10-06,2203.0,5.32,,,6.0,29.92,,2020-06-03,1000.0,SUR,,,,,RUB
AUCT,2020-06-03,ОФЗ 26233,SU26233RMFS5,24.0,15675168184.52,103.0,103.333,103.1287,,17.55,,5.87,103.333,15199615.0,,,,0.0,0.0,0.0,2035-07-18,,,,,6.1,28.08,,2020-06-03,1000.0,SUR,,,,,RUB
TQOB,2020-06-03,ОФЗ 26233,SU26233RMFS5,216.0,292915851.14,103.0,103.948,103.375,103.375,17.55,103.257,5.85,103.948,283927.0,103.166,103.166,103.375,292915851.14,292915851.14,292915851.14,2035-07-18,3653.0,5.86,,,6.1,28.08,,2020-06-03,1000.0,SUR,,,,,RUB
TQOB,2020-06-03,ОФЗ 29006,SU29006RMFS2,563.0,1732209987.78,104.752,105.295,104.9,104.9,25.26,104.833,6.62,104.829,1652359.0,104.833,104.833,104.9,1732209987.78,1732209987.78,1732209987.78,2025-01-29,1433.0,6.63,4.87,,7.75,38.64,,2020-06-03,1000.0,SUR,,,,,RUB
TQOB,2020-06-03,ОФЗ 29007,SU29007RMFS0,281.0,28420713.33,106.5,109.994,106.685,106.685,17.58,106.745,6.51,107.099,26415.0,107.593,107.593,106.685,28420713.33,28420713.33,28420713.33,2027-03-03,1957.0,6.49,5.03,,7.64,38.1,,2020-06-03,1000.0,SUR,,,,,RUB
TQOB,2020-06-03,ОФЗ 29008,SU29008RMFS8,120.0,3727276.97,108.49,109.24,109.0,108.839,10.14,108.75,6.36,109.011,3430.0,108.667,108.667,108.839,3727276.97,3727276.97,3727276.97,2029-10-03,2525.0,6.39,5.25,,7.55,37.65,,2020-06-03,1000.0,SUR,,,,,RUB
TQOB,2020-06-03,ОФЗ 29009,SU29009RMFS6,190.0,66978831.77,110.7,111.1,110.7,110.7,2.87,110.75,6.29,111.1,60481.0,110.744,110.744,110.7,66978831.77,66978831.77,66978831.77,2032-05-05,3023.0,6.29,5.33,,7.48,37.3,,2020-06-03,1000.0,SUR,,,,,RUB
TQOB,2020-06-03,ОФЗ 29010,SU29010RMFS4,384.0,21709571.6,112.012,112.14,112.099,112.099,37.09,112.125,7.19,112.14,19362.0,112.125,112.125,112.099,21709571.6,21709571.6,21709571.6,2034-12-06,3175.0,7.18,5.36,,8.41,41.93,,2020-06-03,1000.0,SUR,,,,,RUB
TQOB,2020-06-03,ОФЗ 29012,SU29012RMFS0,541.0,360254004.49,101.87,101.94,101.899,101.898,2.45,101.865,5.62,101.94,353589.0,101.885,101.885,101.898,360254004.49,360254004.49,360254004.49,2022-11-16,842.0,5.63,4.81,,6.38,31.81,,2020-06-03,1000.0,SUR,,,,,RUB
TQOB,2020-06-03,ОФЗ 46011,SU46011RMFS1,11.0,144340.11,134.0,148.0,147.5,147.5,76.72,134.897,-3.15,148.0,107.0,,142.401,147.5,0.0,502676.31,0.0,2025-08-20,1090.0,-0.4,,,10.0,99.73,,2020-06-03,1000.0,SUR,,,,,RUB
TQOB,2020-06-03,ОФЗ 46012,SU46012RMFS9,9.0,445642.16,130.0,148.999,144.97,144.97,42.26,144.338,1.3,130.001,325.0,,143.271,144.97,0.0,500875.11,0.0,2029-09-05,2413.0,1.37,,,6.269,59.39,,2020-06-03,950.0,SUR,,,,,RUB
TQOB,2020-06-03,ОФЗ 46018,SU46018RMFS6,41.0,3631641.24,101.921,102.289,102.03,102.03,0.87,102.047,4.57,102.289,5084.0,102.047,102.047,102.03,3631641.24,3631641.24,3631641.24,2021-11-24,372.0,4.55,,,6.5,11.34,,2020-06-03,700.0,SUR,,,,,RUB
TQOB,2020-06-03,ОФЗ 46020,SU46020RMFS2,32.0,522986.91,109.883,110.5,110.049,110.049,21.18,110.335,5.97,110.497,474.0,110.335,110.335,110.049,522986.91,522986.91,522986.91,2036-02-06,3520.0,5.94,,,6.9,34.41,,2020-06-03,1000.0,SUR,,,,,RUB
TQOB,2020-06-03,ОФЗ 46022,SU46022RMFS8,26.0,117061.29,101.262,101.998,101.78,101.78,20.04,101.792,4.82,101.335,115.0,,101.834,101.78,0.0,510189.05,0.0,2023-07-19,888.0,4.82,,,5.5,27.42,,2020-06-03,1000.0,SUR,,,,,RUB
TQOB,2020-06-03,ОФЗ 46023,SU46023RMFS6,5.0,667361.67,108.35,110.249,110.248,110.248,16.77,110.235,4.68,108.35,1009.0,110.111,110.21,110.248,770339.56,761109.99,770339.56,2026-07-23,1036.0,4.68,,,8.16,24.41,,2020-06-03,600.0,SUR,,,,,RUB
TQOB,2020-06-03,ОФЗ 52001,SU52001RMFS3,25.0,4838976.04,101.18,101.448,101.3,101.3,8.82,101.249,2.09,101.448,3897.0,101.249,101.249,101.3,4838976.04,4838976.04,4838976.04,2023-08-16,1123.0,2.1,2.65,2.65,2.5,15.36,,2020-06-03,1226.17,SUR,,,,,RUB
TQOB,2020-06-03,ОФЗ 52002,SU52002RMFS1,23.0,862186.43,100.552,100.978,100.837,100.837,8.32,100.774,2.39,100.977,789.0,100.774,100.774,100.837,862186.43,862186.43,862186.43,2028-02-02,2546.0,2.4,2.97,3.01,2.5,13.58,,2020-06-03,1084.17,SUR,,,,,RUB
TQOD,2020-06-03,RUS-28,XS0088543193,143.0,1542306.2,174.6306,175.4697,175.4697,175.4697,56.3125,175.0631,2.38,174.6306,881.0,175.0631,175.0631,175.4697,106393062.91,106393062.91,106393062.91,2028-06-24,,2.41,,,,63.75,,2020-06-03,1000.0,USD,,,,,USD
TQOD,2020-06-03,RUS-30,XS0114288789,36.0,44530.04,116.0011,116.35,116.0677,116.0677,0.0039,116.1149,,116.0011,130000.0,116.1149,116.1149,116.0677,3071820.2,3071820.2,3071820.2,2030-03-31,,0.0,,,,0.0111,,2020-06-03,0.295,USD,,,,,USD
TQOD,2020-06-03,GAZPR-34,XS0191754729,17.0,125195.51,154.5,154.75,154.5078,154.5078,8.3854,154.5624,3.59,154.75,81.0,154.5624,154.5624,154.5078,8636374.39,8636374.39,8636374.39,2034-04-28,,3.58,,,,43.125,,2020-06-03,1000.0,USD,,,,,USD
TQOD,2020-06-03,GAZPR-37,XS0316524130,6.0,8722.23,145.2503,145.7498,145.253,145.253,21.6616,145.3706,3.69,145.27,6.0,144.4327,145.6083,145.253,34226907.07,1516231.72,34226907.07,2037-08-16,,3.68,,,,36.44,,2020-06-03,1000.0,USD,,,,,USD
TQOD,2020-06-03,VEB-20,XS0524610812,14.0,84385.53,100.45,100.6,100.595,100.5228,27.608,100.459,0.92,100.4501,84.0,100.459,100.459,100.5228,5821175.44,5821175.44,5821175.44,2020-07-09,,2.26,,,,34.51,,2020-06-03,1000.0,USD,,,0.5499,,USD
TQOD,2020-06-03,VEB FIN-25,XS0559915961,7.0,9638.89,120.3,120.6799,120.6799,120.6799,2.0778,120.4861,,120.3,8.0,120.1837,120.274,120.6799,1082143.26,999116.98,1082143.26,2025-11-22,,0.0,,,,34.0,,2020-06-03,1000.0,USD,,,,,USD
TQOD,2020-06-03,VEB-22,XS0800817073,5.0,9687.4,107.5999,107.7,107.5999,107.5999,24.7694,107.6378,2.26,107.7,9.0,107.7532,107.7741,107.5999,1870850.59,1796085.11,1870850.59,2022-07-05,,2.24,,,,30.125,,2020-06-03,1000.0,USD,,,,,USD
TQOD,2020-06-03,VTB Eur,XS0810596832,46.0,209281.87,108.8007,109.4698,108.9996,108.9996,46.7083,109.001,,109.4698,192.0,109.001,109.001,108.9996,14436912.14,14436912.14,14436912.14,,,0.0,,,,47.5,,2020-06-03,1000.0,USD,,,,,USD
TQOD,2020-06-03,GPN-22,XS0830192711,6.0,25260.12,104.4901,105.4299,104.8003,105.2746,8.9931,105.2505,2.2,104.4901,24.0,105.2204,105.2522,105.2746,5833228.87,2037136.45,5833228.87,2022-09-19,,2.0,,,,21.88,,2020-06-03,1000.0,USD,,,,,USD
TQOD,2020-06-03,RosNef-22,XS0861981180,8.0,33225.92,103.6501,103.99,103.8,103.8,10.1476,103.831,1.97,103.99,32.0,103.9224,103.8359,103.8,8669290.64,3088376.54,8669290.64,2022-03-06,,1.96,,,,21.0,,2020-06-03,1000.0,USD,,,,,USD
TQOD,2020-06-03,Novatek-22,XS0864383723,3.0,16958.5,105.85,106.0,106.0,106.0,20.8817,105.9906,1.96,105.85,16.0,105.5248,105.9138,106.0,4314373.01,1690642.72,4314373.01,2022-12-13,,1.96,,,,22.11,,2020-06-03,1000.0,USD,,,,,USD
EQEO,2020-06-03,VEB-23 EUR,XS0893212398,1.0,1075.0,107.5,107.5,107.5,107.5,11.3469,107.5,,107.5,1.0,107.3796,107.425,107.5,2270284.07,1675830.46,2270284.07,2023-02-21,,0.0,,,,40.32,,2020-06-03,1000.0,EUR,,,,,EUR
TQOD,2020-06-03,RUS-23,XS0971721450,1.0,2220000.0,111.0,111.0,111.0,111.0,2085.4167,111.0,1.42,111.0,10.0,,,111.0,0.0,0.0,0.0,2023-09-16,,1.42,,,,4875.0,,2020-06-03,200000.0,USD,,,,,USD
TQOD,2020-06-03,Veb-23,XS0993162683,34.0,160764.38,110.7,111.375,110.75,110.75,1.9807,110.872,2.65,110.7,145.0,110.872,110.872,110.75,11090025.29,11090025.29,11090025.29,2023-11-21,,2.62,,,,29.71,,2020-06-03,1000.0,USD,,,,,USD
TQOD,2020-06-03,GPN-23,XS0997544860,9.0,22399.1,111.71,112.3499,112.25,112.25,1.0,111.9955,2.3,112.3,20.0,112.0139,112.0148,112.25,3966096.15,1623514.97,3966096.15,2023-11-27,,2.37,,,,30.0,,2020-06-03,1000.0,USD,,,,,USD
TQOD,2020-06-03,EVR-22,XS1405775377,9.0,9652.5,107.25,107.25,107.25,107.25,23.0625,107.25,2.24,107.25,9.0,107.0721,107.2143,107.25,4172890.69,1039338.16,4172890.69,2022-01-31,,2.24,,,,33.75,,2020-06-03,1000.0,USD,,,,,USD
TQOD,2020-06-03,CBOM-21,XS1510534677,2.0,3085.0,102.2501,104.0,102.2501,102.2501,4.2431,102.8334,,104.0,3.0,102.8717,102.8833,102.2501,3320320.05,3028249.07,3320320.05,2021-11-07,,0.0,,,,29.375,,2020-06-03,1000.0,USD,,,,,USD
TQOD,2020-06-03,CBOM-27,XS1589106910,4.0,3928.0,97.9,99.0,99.0,99.0,12.0833,98.2,,97.9,4.0,97.5885,97.6223,99.0,1510031.56,1372418.92,1510031.56,2027-10-05,,0.0,,,,37.5,,2020-06-03,1000.0,USD,,,,,USD
TQOD,2020-06-03,GMKN-23,XS1589324075,6.0,8442.4,105.26,105.9499,105.5,105.5,5.9222,105.53,,105.2601,8.0,105.709,105.709,105.5,954043.35,954043.35,954043.35,2023-04-11,,0.0,,,,20.5,,2020-06-03,1000.0,USD,,,,,USD
TQOD,2020-06-03,BCS 06/23,XS1637911451,2.0,9698.75,96.98,97.0,97.0,96.9875,,96.9875,,96.98,8.0,95.287,95.8263,96.9875,2692258.99,2194647.62,2692258.99,2023-06-30,,0.0,,,,37.6027,,2020-06-03,1250.0,USD,,,,,USD
TQOD,2020-06-03,BCS/VTB24,XS1642546581,2.0,5700.0,95.0,95.0,95.0,95.0,,95.0,,95.0,2.0,96.8709,95.5357,95.0,4518140.69,2824292.49,4518140.69,2022-10-31,,0.0,,,,83.18,,2020-06-03,3000.0,USD,,,,,USD
TQOD,2020-06-03,CBOM-23,XS1759801720,1.0,1025.0,102.5,102.5,102.5,102.5,16.8042,102.5,,102.5,1.0,104.203261,104.15875,102.5,1709187.35,1482407.41,1709187.35,2023-02-14,,0.0,,,,27.75,,2020-06-03,1000.0,USD,,,,,USD
TQOD,2020-06-03,BCS 02/21,XS1783223206,5.0,4875.03,63.0004,69.0,69.0,69.0,,65.0003,,63.0004,6.0,67.249,67.249,69.0,699653.5,699653.5,699653.5,2021-02-28,,0.0,,,,37.5,,2020-06-03,1250.0,USD,,,,,USD
TQOD,2020-06-03,BCS 10/22,XS1820831607,4.0,8451.26,96.5,96.65,96.5,96.5857,,96.5857,,96.65,7.0,96.5275,96.5647,96.5857,1681135.63,1425587.9,1681135.63,2022-10-31,,0.0,,,,34.66,,2020-06-03,1250.0,USD,,,,,USD
TQCB,2020-06-03,BCS 09/23,XS1822383094,1.0,249030.0,83.01,83.01,83.01,83.01,,83.01,,83.01,3.0,84.73,84.73,83.01,1694690.0,1694690.0,1694690.0,2023-09-27,,0.0,,,,5027.32,,2020-06-03,100000.0,SUR,,,,,RUB
TQCB,2020-06-03,BCS 07/21,XS1833629253,1.0,240000.0,80.0,80.0,80.0,80.0,,80.0,,80.0,3.0,,79.85,80.0,0.0,1037990.0,0.0,2021-07-01,,0.0,,,,8500.0,,2020-06-03,100000.0,SUR,,,,,RUB
TQOD,2020-06-03,BCS 7/21,XS1838071964,6.0,9982.99,61.4099,61.4999,61.4999,61.4399,,61.4338,,61.4799,13.0,60.6017,60.8619,61.4399,1159907.96,1057317.56,1159907.96,2021-07-10,,0.0,,,,62.5,,2020-06-03,1250.0,USD,,,,,USD
TQOD,2020-06-03,BCS 8/21,XS1857100413,1.0,727.5,58.2,58.2,58.2,58.2,,58.2,,58.2,1.0,,,58.2,0.0,0.0,0.0,2021-08-10,,0.0,,,,31.25,,2020-06-03,1250.0,USD,,,,,USD
TQCB,2020-06-03,BCS 08/21,XS1859436070,1.0,80000.0,80.0,80.0,80.0,80.0,,80.0,,80.0,1.0,,68.26,80.0,0.0,682630.0,0.0,2021-08-10,,0.0,,,,8500.0,,2020-06-03,100000.0,SUR,,,,,RUB
TQOD,2020-06-03,BCS 09/21,XS1870376461,2.0,2062.5,55.0,55.0,55.0,55.0,,55.0,,55.0,3.0,55.4449,55.2678,55.0,922994.38,626745.13,922994.38,2021-09-30,,0.0,,,,100.0,,2020-06-03,1250.0,USD,,,,,USD
TQCB,2020-06-03,BCS 10/21,XS1873963794,4.0,274490.0,68.0,68.9,68.9,68.85,,68.62,,68.0,4.0,67.64,67.7,68.85,744040.0,677040.0,744040.0,2021-10-01,,0.0,,,,8500.0,,2020-06-03,100000.0,SUR,,,,,RUB
TQOD,2020-06-03,BCS 6/23,XS1878009866,8.0,10371.25,89.0,93.9,92.3,92.225,,92.1889,,89.0,9.0,92.2275,91.9682,92.225,1285540.28,875187.88,1285540.28,2023-06-20,,0.0,,,,47.0,,2020-06-03,1250.0,USD,,,,,USD
TQOD,2020-06-03,BCS Iron2,XS1904686661,7.0,9498.11,94.97,94.9899,94.9899,94.9899,,94.9812,,94.9899,8.0,93.7974,94.2863,94.9899,1568973.62,901842.01,1568973.62,2023-12-28,,0.0,,,,48.13,,2020-06-03,1250.0,USD,,,,,USD
TQOD,2020-06-03,BCS FORSAJ,XS1917700723,2.0,2312.5,91.9999,93.0,93.0,93.0,,92.5,,91.9999,2.0,88.8275,89.5498,93.0,1721868.92,785546.86,1721868.92,2023-11-19,,0.0,,,,53.13,,2020-06-03,1250.0,USD,,,,,USD
TQOD,2020-06-03,BCS12/23-2,XS1937694625,5.0,8051.24,91.0,93.899,93.899,93.899,,92.0141,,92.0,7.0,91.9904,92.4463,93.899,1201234.67,962004.47,1201234.67,2023-12-20,,0.0,,,,45.4366,,2020-06-03,1250.0,USD,,,,,USD
EQEO,2020-06-03,BCS 02/22,XS1949598855,1.0,630.01,63.001,63.001,63.001,63.001,,63.001,,63.001,1.0,,64.2878,63.001,0.0,558677.25,0.0,2022-02-28,,0.0,,,,25.0,,2020-06-03,1000.0,EUR,,,,,EUR
EQEO,2020-06-03,CBOM-24 EU,XS1951067039,7.0,29178.0,104.1999,104.3,104.3,104.2667,14.6339,104.2071,,104.1999,28.0,104.2585,104.1809,104.2667,2727014.3,2563198.96,2727014.3,2024-02-20,,0.0,,,,51.5,,2020-06-03,1000.0,EUR,,,,,EUR
EQEO,2020-06-03,BCS EUSTAR,XS1952156344,1.0,16125.0,107.5,107.5,107.5,107.5,,107.5,,107.5,15.0,,105.9593,107.5,0.0,4456930.84,0.0,2024-03-27,,0.0,,,,22.6229,,2020-06-03,1000.0,EUR,,,,,EUR
TQOD,2020-06-03,BCS 04/22,XS1953826978,3.0,5793.75,92.4999,93.4999,92.4999,92.4999,,92.6999,,93.4999,5.0,91.6339,92.1182,92.4999,2649416.0,1845244.94,2649416.0,2022-04-02,,0.0,,,,93.75,,2020-06-03,1250.0,USD,,,,,USD
TQOD,2020-06-03,CBOM-24,XS1964558339,7.0,15065.95,107.4,107.65,107.4,107.4,31.2533,107.6139,,107.65,14.0,107.4532,107.5037,107.4,2610778.42,1937527.33,2610778.42,2024-06-25,,0.0,,,,35.605,,2020-06-03,1000.0,USD,,,,,USD
TQOD,2020-06-03,BCS06/24-5,XS2009879425,2.0,3230.0,85.4,86.5,86.5,86.5,,86.13,,85.4,3.0,,80.81,86.5,0.0,806711.44,0.0,2024-06-30,,0.0,,,,39.1695,,2020-06-03,1250.0,USD,,,,,USD
TQOD,2020-06-03,BCS07/24,XS2015214757,1.0,1100.0,88.0,88.0,88.0,88.0,,88.0,,88.0,1.0,,83.9455,88.0,0.0,841169.82,0.0,2024-07-17,,0.0,,,,50.0,,2020-06-03,1250.0,USD,,,,,USD
TQOD,2020-06-03,BCS GM2,XS2019822357,1.0,1000.13,80.01,80.01,80.01,80.01,,80.01,,80.01,1.0,,84.96,80.01,0.0,938487.54,0.0,2024-06-27,,0.0,,,,40.74,,2020-06-03,1250.0,USD,,,,,USD
TQCB,2020-06-03,BCS08/22,XS2020622887,1.0,96000.0,96.0,96.0,96.0,96.0,,96.0,,96.0,1.0,,,96.0,0.0,0.0,0.0,2022-08-01,789.0,0.0,,,,,,2020-06-03,100000.0,SUR,,,,,RUB
TQOD,2020-06-03,BCS GM3,XS2027360507,1.0,1025.0,82.0,82.0,82.0,82.0,,82.0,,82.0,1.0,,81.9121,82.0,0.0,750623.38,0.0,2024-12-23,,0.0,,,,43.87,,2020-06-03,1250.0,USD,,,,,USD
TQOD,2020-06-03,BCS06/24-6,XS2028879026,3.0,6610.0,88.0,88.2001,88.2,88.2001,,88.1334,,88.0,6.0,,88.0934,88.2001,0.0,1165555.41,0.0,2024-06-30,,0.0,,,,40.7363,,2020-06-03,1250.0,USD,,,,,USD
TQOD,2020-06-03,BCS08/22-2,XS2028879703,1.0,1174.06,93.9245,93.9245,93.9245,93.9245,,93.9245,,93.9245,1.0,67.4731,69.8269,93.9245,895401.64,678657.96,895401.64,2022-08-12,,0.0,,,,46.875,,2020-06-03,1250.0,USD,,,,,USD
TQCB,2020-06-03,BCS06/24-7,XS2028880115,4.0,395600.0,98.8,99.2,98.8,98.8,,98.9,,99.2,4.0,98.3,98.69,98.8,1671100.0,1085600.0,1671100.0,2024-06-30,1172.0,0.0,,,,5515.0684,,2020-06-03,100000.0,SUR,,,,,RUB
TQOD,2020-06-03,BCS12/24-6,XS2079093949,1.0,1125.0,90.0,90.0,90.0,90.0,,90.0,,90.0,1.0,,88.2,90.0,0.0,1112443.52,0.0,2024-12-13,,0.0,,,,,,2020-06-03,1250.0,USD,,,,,USD
TQOD,2020-06-03,BCS12/24-7,XS2085844053,3.0,12460.0,99.2,100.0,100.0,99.68,,99.68,,99.2,10.0,,94.7,99.68,0.0,1598996.05,0.0,2024-12-30,,0.0,,,,50.0,,2020-06-03,1250.0,USD,,,,,USD
TQOD,2020-06-03,CBOM-25,XS2099763075,9.0,208937.57,98.5102,99.7499,99.5,99.5,16.1889,99.0225,,99.7499,211.0,98.9421,99.027,99.5,16332594.23,14551886.25,16332594.23,2025-01-29,,0.0,,,,23.5,,2020-06-03,1000.0,USD,,,,,USD
TQOD,2020-06-03,BCS GMf2,XS2121431113,11.0,89200.0,90.5,91.5,90.5,91.4444,,91.4872,,91.5,78.0,91.4872,91.4872,91.4444,6153292.51,6153292.51,6153292.51,2025-06-20,,0.0,,,,14.75,,2020-06-03,1250.0,USD,,,,,USD
TQOD,2020-06-03,GAZ-30,XS2124187571,23.0,37644.25,101.1,101.9899,101.9878,101.9878,8.8472,101.7412,2.99,101.75,37.0,101.7412,101.7412,101.9878,2596817.0,2596817.0,2596817.0,2030-02-25,3054.0,3.02,,,,16.25,,2020-06-03,1000.0,USD,,,,,USD
TQCB,2020-06-03,BCS06/25-2,XS2125163688,2.0,1200000.0,100.0,100.0,100.0,100.0,,100.0,,100.0,12.0,,99.96,100.0,0.0,2698800.0,0.0,2025-06-26,1442.0,0.0,,,,2500.0,,2020-06-03,100000.0,SUR,,,,,RUB
TQOD,2020-06-03,BCS07/25,XS2128490906,4.0,10350.0,102.0,104.0,104.0,103.7143,,103.5,,102.0,8.0,102.0401,102.0401,103.7143,1788383.75,1788383.75,1788383.75,2025-07-09,,0.0,,,,,,2020-06-03,1250.0,USD,,,,,USD
TQOD,2020-06-03,BCS GMf1,XS2139467901,1.0,1118.75,89.5,89.5,89.5,89.5,,89.5,,89.5,1.0,86.4074,86.2093,89.5,10279869.07,3241813.87,10279869.07,2025-06-20,,0.0,,,,22.71,,2020-06-03,1250.0,USD,,,,,USD
TQCB,2020-06-03,BCS06/25-4,XS2143253495,5.0,493330.0,97.1,99.71,97.1,97.1,,98.67,,99.71,5.0,99.06,98.85,97.1,31500230.0,988530.0,31500230.0,2025-06-30,1436.0,0.0,,,,8468.4931,,2020-06-03,100000.0,SUR,,,,,RUB
TQOD,2020-06-03,BCS06/25-3,XS2143253651,22.0,154593.75,97.38,97.5,97.38,97.38,,97.3819,,97.5,127.0,97.3819,97.3819,97.38,10664356.15,10664356.15,10664356.15,2025-06-30,,0.0,,,,67.6,,2020-06-03,1250.0,USD,,,,,USD
TQOD,2020-06-03,BCSGM PG1,XS2147899228,1.0,5100.0,102.0,102.0,102.0,102.0,,102.0,,102.0,4.0,100.0964,100.2326,102.0,17455235.61,11408561.06,17455235.61,2025-06-20,,0.0,,,,,,2020-06-03,1250.0,USD,,,,,USD
TQOD,2020-06-03,BCS GMp6,XS2152970476,1.0,7500.0,100.0,100.0,100.0,100.0,,100.0,,100.0,6.0,,,100.0,0.0,0.0,0.0,2025-06-11,,0.0,,,,3.42,,2020-06-03,1250.0,USD,,,,,USD
TQOD,2020-06-03,BCS09/25,XS2170362839,68.0,981250.25,100.0,100.01,100.0,100.0,,100.0,,100.01,785.0,100.0,100.0,100.0,67689684.28,67689684.28,67689684.28,2025-09-18,,0.0,,,,,,2020-06-03,1250.0,USD,,,,,USD
