BOARDID,SECID,TRADEDATE,SHORTNAME,NAME,CLOSE,OPEN,HIGH,LOW,VALUE,DURATION,YIELD,DECIMALS,CAPITALIZATION,CURRENCYID,DIVISOR
INAV,AKCHA,2021-01-11,iNAV Альфа Китайские акции,Расчетная цена одного пая Биржевого ПИФа РФИ «Альфа-Капитал Китайские акции»,109.37,110.65,111.88,109.06,0.0,0,0.0,2,0.0,RUB,0.0
INAV,AKEUA,2021-01-11,iNAV Альфа-Капитал ЕВРОПА 600,Расчетная цена одного пая Биржевого ПИФа «ЕВРОПА 600»,11.07,11.13,11.13,11.01,0.0,0,0.0,2,0.0,EUR,0.0
INAV,AKMBA,2021-01-11,iNAV Альфа Управляемые облигации,Расчетная цена одного пая Биржевого ПИФа РФИ «Альфа-Капитал Управляемые облигации»,1.0657,1.0658,1.0663,1.0647,0.0,0,0.0,4,0.0,RUB,0.0
INAV,AKMEI,2021-01-11,iNAV Альфа Управляемые акции,Расчетная цена одного пая Биржевого ПИФа РФИ «Альфа-Капитал Управляемые Российские Акции»,109.15,108.11,110.48,107.64,0.0,0,0.0,2,0.0,RUB,0.0
INAV,AKNXA,2021-01-11,iNAV Технологии 100,Расчетная цена одного пая Биржевого ПИФа «ТЕХНОЛОГИИ 100»,18.94,19.12,19.12,18.83,0.0,0,0.0,2,0.0,USD,0.0
INAV,AKSPA,2021-01-11,iNAV Альфа - Капитал Эс энд Пи 500,Расчетная цена одного пая Биржевого ПИФа «Альфа - Капитал Эс энд Пи 500»,13.07,13.14,13.14,13.03,0.0,0,0.0,2,0.0,USD,0.0
RTSI,BPSI,2021-01-11,Субиндекс облигаций,Субиндекс облигаций активов пенсионных накоплений,3041.82,3041.82,3041.82,3041.82,438030546.0,988,5.7452,2,2021906054228.66,RUB,1000000000000.0
RTSI,BPSIG,2021-01-11,Субиндекс облигаций ОФЗ,Субиндекс облигаций ОФЗ активов пенсионных накоплений,2085.23,2085.23,2085.23,2085.23,4251249475.0,1803,5.4488,2,9063751788428.31,RUB,1000000000000.0
RTSI,EPSI,2021-01-11,Субиндекс акций,Субиндекс акций активов пенсионных накоплений,2062.09,2062.09,2062.09,2062.09,143441353710.0,0,0.0,2,49760755139315.734,RUB,7568983455.3956
RTSI,EPSITR,2021-01-11,Субиндекс акций полной доходности,Субиндекс акций полной дох-ти,2075.3,2075.3,2075.3,2075.3,143441353710.0,0,0.0,2,0.0,RUB,0.0
INAV,ESGRA,2021-01-11,iNAV RSHB-MOEX-RSPP ESG VecTR ,Расчетная цена одного пая Биржевого ПИФа «РСХБ–Индекс МосБиржи–РСПП Вектор развития полн дох-ти»,1351.08,1343.14,1362.34,1336.43,0.0,0,0.0,2,0.0,RUB,0.0
INAV,GPBMA,2021-01-11,iNAV ГПБ - Корп. облигации 4г,Расчетная цена одного пая Биржевого ПИФа «Газпромбанк – Корпоративные облигации 4 года»,58857.29,59139.94,59176.46,58819.06,0.0,0,0.0,2,0.0,RUB,0.0
INAV,GPBSA,2021-01-11,iNAV ГПБ - Корп. облигации 2г,Расчетная цена одного пая Биржевого ПИФа «Газпромбанк – Корпоративные облигации 2 года»,57032.74,57052.14,57189.38,56976.01,0.0,0,0.0,2,0.0,RUB,0.0
SNDX,IMOEX,2021-01-11,Индекс МосБиржи,Индекс МосБиржи,3482.48,3455.67,3516.9,3436.66,143292474381.8,0,0.0,2,17688316738936.164,RUB,5079230865.8227
SNDX,IMOEX2,2021-01-11,Индекс МосБиржи (доп. сессия),Индекс МосБиржи (Дополнительная сессия),3482.48,3482.09,3489.01,3478.16,7726239017.7,0,0.0,2,17688316738936.17,RUB,5079230865.8227
RTSI,MCFTR,2021-01-11,MOEX Russia Total Return,Индекс МосБиржи полной доходности «брутто»,6309.45,6309.45,6309.45,6309.45,143441353710.0,0,0.0,2,0.0,RUB,0.0
RTSI,MCFTRN,2021-01-11,MOEX Russia Net-TR-NR,Индекс МосБиржи полной доходности «нетто» (по налоговым ставкам иностранных организаций),5772.57,5772.57,5772.57,5772.57,143441353710.0,0,0.0,2,0.0,RUB,0.0
RTSI,MCFTRR,2021-01-11,MOEX Russia Net-TR-Res,Индекс МосБиржи полной доходности «нетто» (по налоговым ставкам российских организаций),5899.37,5899.37,5899.37,5899.37,143441353710.0,0,0.0,2,0.0,RUB,0.0
RTSI,MCXSM,2021-01-11,Индекс МосБиржи SMID,Индекс МосБиржи средней и малой капитализации,1996.96,1996.96,1996.96,1996.96,11622242562.0,0,0.0,2,4739246890903.999,RUB,414265307.9884
RTSI,MEBCTR,2021-01-11,MOEX Blue Chip Total Return,Индекс МосБиржи голубых фишек полной доходности «брутто»,38726.87,38726.87,38726.87,38726.87,108842277785.0,0,0.0,2,0.0,RUB,0.0
RTSI,MEBCTRN,2021-01-11,MOEX Blue Chip Net-TR-NR,Индекс МосБиржи голубых фишек полной доходности «нетто» (по налоговым ставкам иностр. орг.),35815.72,35815.72,35815.72,35815.72,108842277785.0,0,0.0,2,0.0,RUB,0.0
RTSI,MEBCTRR,2021-01-11,MOEX Blue Chip Net-TR-Res,Индекс МосБиржи голубых фишек полной доходности «нетто» (по налоговым ставкам росс. орг.),36441.28,36441.28,36441.28,36441.28,108842277785.0,0,0.0,2,0.0,RUB,0.0
SNDX,MECHTR,2021-01-11,MOEX Chemicals Total Return,Индекс МосБиржи химии и нефтехимии полной доходности «брутто»,30103.23,30103.23,30103.23,30103.23,304694420.0,0,0.0,2,0.0,RUB,0.0
SNDX,MECHTRN,2021-01-11,MOEX Chemicals Net TR-NR,Индекс МосБиржи химии и нефтехимии полной доходности «нетто» (по налог.ставкам ин.орг-й),28166.89,28166.89,28166.89,28166.89,304694420.0,0,0.0,2,0.0,RUB,0.0
SNDX,MECHTRR,2021-01-11,MOEX Chemicals Net TR-Res,Индекс МосБиржи химии и нефтехимии полной доходности «нетто» (по налог.ставкам рос.орг-й),28464.15,28464.15,28464.15,28464.15,304694420.0,0,0.0,2,0.0,RUB,0.0
SNDX,MECNTR,2021-01-11,MOEX Consumer Total Return,Индекс МосБиржи потребительского сектора полной доходности «брутто»,11497.43,11497.43,11497.43,11497.43,4108990439.0,0,0.0,2,0.0,RUB,0.0
SNDX,MECNTRN,2021-01-11,MOEX Consumer Net TR-NR,Индекс МосБиржи потребит. сектора полной доходности «нетто» (по налог.ставкам ин.орг-й),11093.74,11093.74,11093.74,11093.74,4108990439.0,0,0.0,2,0.0,RUB,0.0
SNDX,MECNTRR,2021-01-11,MOEX Consumer Net TR-Res,Индекс МосБиржи потреб. сектора полной доходности «нетто» (по налог.ставкам рос.орг-й),11024.72,11024.72,11024.72,11024.72,4108990439.0,0,0.0,2,0.0,RUB,0.0
SNDX,MEEUTR,2021-01-11,MOEX El.Utilities Total Return,Индекс МосБиржи электроэнергетики полной доходности «брутто»,3412.62,3412.62,3412.62,3412.62,5077078506.0,0,0.0,2,0.0,RUB,0.0
SNDX,MEEUTRN,2021-01-11,MOEX El. Utilities Net TR-NR,Индекс МосБиржи электроэнергетики полной доходности «нетто» (по налог.ставкам ин.орг-й),3229.53,3229.53,3229.53,3229.53,5077078506.0,0,0.0,2,0.0,RUB,0.0
SNDX,MEEUTRR,2021-01-11,MOEX El. Utilities Net TR-Res,Индекс МосБиржи электроэнергетики полной доходности «нетто» (по налог.ставкам рос.орг-й),3258.83,3258.83,3258.83,3258.83,5077078506.0,0,0.0,2,0.0,RUB,0.0
SNDX,MEFNTR,2021-01-11,MOEX Financials Total Return,Индекс МосБиржи финансов полной доходности «брутто»,12678.01,12678.01,12678.01,12678.01,40216394025.0,0,0.0,2,0.0,RUB,0.0
SNDX,MEFNTRN,2021-01-11,MOEX Financials Net TR-NR,Индекс МосБиржи финансов полной доходности «нетто» (по налог.ставкам ин.орг-й),12122.86,12122.86,12122.86,12122.86,40216394025.0,0,0.0,2,0.0,RUB,0.0
SNDX,MEFNTRR,2021-01-11,MOEX Financials Net TR-Res,Индекс МосБиржи финансов полной доходности «нетто» (по налог.ставкам рос.орг-й),12212.57,12212.57,12212.57,12212.57,40216394025.0,0,0.0,2,0.0,RUB,0.0
SNDX,MEMMTR,2021-01-11,MOEX Metals & Min Total Return,Индекс МосБиржи металлов и добычи полной доходности «брутто»,17752.88,17752.88,17752.88,17752.88,33454787495.0,0,0.0,2,0.0,RUB,0.0
SNDX,MEMMTRN,2021-01-11,MOEX Metals & Mining Net TR-NR,Индекс МосБиржи металлов и добычи полной доходности «нетто» (по налог.ставкам ин.орг-й),16492.05,16492.05,16492.05,16492.05,33454787495.0,0,0.0,2,0.0,RUB,0.0
SNDX,MEMMTRR,2021-01-11,MOEX Metals & Min Net TR-Res,Индекс МосБиржи металлов и добычи полной доходности «нетто» (по налог.ставкам рос.орг-й),16694.38,16694.38,16694.38,16694.38,33454787495.0,0,0.0,2,0.0,RUB,0.0
SNDX,MEOGTR,2021-01-11,MOEX Oil & Gas Total Return,Индекс МосБиржи нефти и газа полной доходности «брутто»,11347.03,11347.03,11347.03,11347.03,50093830843.0,0,0.0,2,0.0,RUB,0.0
SNDX,MEOGTRN,2021-01-11,MOEX Oil & Gas Net TR-NR,Индекс МосБиржи нефти и газа полной доходности «нетто» (по налог.ставкам ин.орг-й),10742.58,10742.58,10742.58,10742.58,50093830843.0,0,0.0,2,0.0,RUB,0.0
SNDX,MEOGTRR,2021-01-11,MOEX Oil & Gas Net TR-Res,Индекс МосБиржи нефти и газа полной доходности «нетто» (по налог.ставкам рос.орг-й),10840.96,10840.96,10840.96,10840.96,50093830843.0,0,0.0,2,0.0,RUB,0.0
SNDX,MESMTR,2021-01-11,MOEX SMID Total Return,Индекс МосБиржи средней и малой капитализации полной доходности «брутто»,2812.78,2812.78,2812.78,2812.78,11622242562.0,0,0.0,2,0.0,RUB,0.0
SNDX,MESMTRN,2021-01-11,MOEX SMID Net TR-NR,Индекс МосБиржи средней капитализации полной доходности «нетто» (по нал.ставкам ин.орг-й),2672.08,2672.08,2672.08,2672.08,11622242562.0,0,0.0,2,0.0,RUB,0.0
SNDX,MESMTRR,2021-01-11,MOEX SMID Net TR-Res,Индекс МосБиржи средней капитализации полной доходности «нетто» (по нал.ставкам рос.орг-й),2696.13,2696.13,2696.13,2696.13,11622242562.0,0,0.0,2,0.0,RUB,0.0
SNDX,METLTR,2021-01-11,MOEX Telecom Total Return,Индекс МосБиржи телекоммуникаций полной доходности «брутто»,4487.4,4487.4,4487.4,4487.4,1672365306.0,0,0.0,2,0.0,RUB,0.0
SNDX,METLTRN,2021-01-11,MOEX Telecom Net TR-NR,Индекс МосБиржи телекоммуникаций полной доходности «нетто» (по налог.ставкам ин.орг-й),4077.87,4077.87,4077.87,4077.87,1672365306.0,0,0.0,2,0.0,RUB,0.0
SNDX,METLTRR,2021-01-11,MOEX Telecom Net TR-Res,Индекс МосБиржи телекоммуникаций полной доходности «нетто» (по налог.ставкам рос.орг-й),4142.85,4142.85,4142.85,4142.85,1672365306.0,0,0.0,2,0.0,RUB,0.0
SNDX,METNTR,2021-01-11,MOEX Transport Total Return,Индекс МосБиржи транспорта полной доходности «брутто»,1925.58,1925.58,1925.58,1925.58,2205792368.0,0,0.0,2,0.0,RUB,0.0
SNDX,METNTRN,2021-01-11,MOEX Transport Net TR-NR,Индекс МосБиржи транспорта полной доходности «нетто» (по налог.ставкам ин.орг-й),1830.74,1830.74,1830.74,1830.74,2205792368.0,0,0.0,2,0.0,RUB,0.0
SNDX,METNTRR,2021-01-11,MOEX Transport Net TR-Res,Индекс МосБиржи транспорта полной доходности «нетто» (по налог.ставкам рос.орг-й),1845.04,1845.04,1845.04,1845.04,2205792368.0,0,0.0,2,0.0,RUB,0.0
SNDX,MOEX10,2021-01-11,Индекс МосБиржи 10,Индекс МосБиржи 10,5665.26,5626.56,5719.23,5600.12,98776204107.6,0,0.0,2,12763887269413.201,RUB,5391.01
RTSI,MOEXBC,2021-01-11,Индекс голубых фишек,Индекс МосБиржи голубых фишек,22967.97,22771.97,23208.75,22614.69,108718908662.1,0,0.0,2,14150533064398.562,RUB,616098470.6265
SNDX,MOEXBMI,2021-01-11,Индекс широкого рынка,Индекс МосБиржи широкого рынка,2492.54,2467.03,2516.51,2460.05,146150808246.55,0,0.0,2,19342140205492.777,RUB,7760008376.088
SNDX,MOEXCH,2021-01-11,Индекс химии и нефтехимии,Индекс МосБиржи химии и нефтехимии,19274.99,19109.23,19360.53,18992.68,304369750.3,0,0.0,2,201886784248.2,RUB,10474029.9738
SNDX,MOEXCN,2021-01-11,Индекс потребительского сектора / Индекс потребит сектора,Индекс МосБиржи потребительского сектора,8639.13,8668.56,8719.55,8621.15,4106821381.56,0,0.0,2,166855977185.0842,RUB,19313982.7282
SNDX,MOEXEU,2021-01-11,Индекс электроэнергетики,Индекс МосБиржи электроэнергетики,2361.85,2337.03,2371.82,2332.73,5070617140.4,0,0.0,2,294144856697.1395,RUB,124539818.5684
SNDX,MOEXFN,2021-01-11,Индекс финансов,Индекс МосБиржи финансов,9393.39,9197.96,9512.22,9197.96,40172512143.05,0,0.0,2,959080707105.3636,RUB,102101671.187
SNDX,MOEXINN,2021-01-11,Индекс МосБиржи инноваций,Индекс МосБиржи инноваций,369.32,371.1,371.55,367.74,337367776.0,0,0.0,2,10372159976.1186,RUB,28084330.4761
SNDX,MOEXMM,2021-01-11,Индекс металлов и добычи,Индекс МосБиржи металлов и добычи,10849.9,10873.0,10995.6,10733.93,33428545911.06,0,0.0,2,1926317896595.7302,RUB,177542507.7844
SNDX,MOEXOG,2021-01-11,Индекс нефти и газа,Индекс МосБиржи нефти и газа,7863.43,7776.07,7946.77,7721.98,50025322574.4,0,0.0,2,1279490681447.9475,RUB,162714074.6339
SNDX,MOEXREPO,2021-01-11,MXREPO,MOEXREPO обл 12:30,4.25,4.25,4.25,4.25,304807348918.0,,,2,,RUB,
SNDX,MOEXREPO1W,2021-01-11,MOEXREPO1W,MOEXREPO 1 неделя 12:30,4.25,4.25,4.25,4.25,86214216464.0,,,2,,RUB,
SNDX,MOEXREPO1WE,2021-01-11,MOEXREPO1WE,MOEXREPO 1 неделя 19:00,4.48,4.48,4.48,4.48,70764234273.0,,,2,,RUB,
SNDX,MOEXREPOE,2021-01-11,MXREPOE,MOEXREPO обл 19:00,4.35,4.35,4.35,4.35,300647518407.0,,,2,,RUB,
SNDX,MOEXREPOEQ,2021-01-11,MXREPOEQ,MOEXREPO акц 12:30,4.21,4.21,4.21,4.21,30784488823.0,,,2,,RUB,
SNDX,MOEXREPOEQE,2021-01-11,MXREPOEQE,MOEXREPO акц 19:00,4.37,4.37,4.37,4.37,30276709759.0,,,2,,RUB,
SNDX,MOEXREPOUSD,2021-01-11,MOEXREPOUSD,MOEXREPO USD 12:30,0.29,0.29,0.29,0.29,1322879277.0,,,2,,USD,
SNDX,MOEXREPOUSDE,2021-01-11,MOEXREPOUSDE,MOEXREPO USD 19:00,0.28,0.28,0.28,0.28,490833184.0,,,2,,USD,
SNDX,MOEXTL,2021-01-11,Индекс телекоммуникаций,Индекс МосБиржи телекоммуникаций,2351.78,2365.3,2376.11,2343.86,1671487830.9,0,0.0,2,418617174029.3343,RUB,178000185.54
SNDX,MOEXTN,2021-01-11,Индекс транспорта,Индекс МосБиржи транспорта,1369.63,1362.39,1383.19,1360.12,2203930669.2,0,0.0,2,187687711855.9736,RUB,137035373.9192
SNDX,MRBC,2021-01-11,Индекс МосБиржи 15,Индекс МосБиржи 15,1755.3,1743.04,1774.86,1732.27,108718908662.1,0,0.0,2,11430400596843.797,RUB,6511921170.5989
RTSI,MRBCTR,2021-01-11,Индекс МосБиржи полн дох-ти 15,Индекс МосБиржи полной доходности 15,2122.31,2122.31,2122.31,2122.31,108842277785.0,0,0.0,2,0.0,RUB,0.0
RTSI,MRRT,2021-01-11,"Индекс ""Ответственность и открытость""",Индекс МосБиржи - РСПП Ответственность и открытость,2716.48,2716.48,2716.48,2716.48,117808343222.0,0,0.0,2,40255385627169.92,RUB,3925482061.8349
RTSI,MRSV,2021-01-11,"Индекс ""Вектор устойчивого развития""",Индекс МосБиржи - РСПП Вектор устойчивого развития,3039.11,3039.11,3039.11,3039.11,113913776625.0,0,0.0,2,39597569903453.766,RUB,78101132.9596
RTSI,MRSVT,2021-01-11,Индекс МосБиржи-РСПП Вектор TR,"Индекс МосБиржи - РСПП Вектор устойчивого развития, полной доходности брутто",3802.35,3802.35,3802.35,3802.35,113913776625.0,0,0.0,2,0.0,RUB,0.0
INAV,MTEKA,2021-01-11,iNAV Фридом - Лидеры Технологий,Расчетная цена одного пая Биржевого ПИФа «Фридом - Лидеры Технологий»,1856.96,1861.18,1881.4,1846.29,0.0,0,0.0,2,0.0,RUB,0.0
INAV,OPNWO,2021-01-11,iNAV «Открытие – Всепогодный»,Биржевой паевой инвестиционный фонд рыночных финансовых инструментов «Открытие – Всепогодный»,1.1097,1.1132,1.1132,1.1084,0.0,0,0.0,4,0.0,USD,0.0
INAV,RCMBD,2021-01-11,iNAV «Райффайзен –Еврооблигации»,Биржевой паевой инвестиционный фонд рыночных финансовых инструментов «Райффайзен – Еврооблигации»,12.98,12.98,12.98,12.97,0.0,0,0.0,2,0.0,USD,0.0
INAV,RFBC15,2021-01-11,iNAV «Raiffeisen-MOEX Index 15»,Расчетная цена одного пая Биржевого ПИФа «Райффайзен – Индекс МосБиржи полной доходности 15»,1307.47,1297.24,1320.11,1293.13,0.0,0,0.0,2,0.0,RUB,0.0
SNDX,RGBI,2021-01-11,Индекс Мосбиржи гос обл RGBI,Индекс Мосбиржи государственных облигаций ценовой,153.0,153.46,153.53,153.0,4251081024.6,1804,5.79,2,8891577375171.443,RUB,1.0
SNDX,RGBITR,2021-01-11,Индекс Мосбиржи гос обл RGBITR,Индекс Мосбиржи государственных облигаций,621.15,622.95,623.26,621.15,4251081024.6,1804,5.79,2,9063740571058.377,RUB,1.0
SNDX,RPGCC,2021-01-11,MOEXREPOGCC,MOEXREPO КСУ 12:30,4.38,4.38,4.38,4.38,225725560000.0,,,2,,RUB,
SNDX,RPGCC1W,2021-01-11,MOEXREPOGCC1W,MOEXREPO КСУ 1 неделя 12:30,4.43,4.43,4.43,4.43,3941445000.0,,,2,,RUB,
SNDX,RPGCC1WE,2021-01-11,MOEXREPOGCC1WE,MOEXREPO КСУ 1 неделя 19:00,4.35,4.35,4.35,4.35,5424845000.0,,,2,,RUB,
SNDX,RPGCCE,2021-01-11,MOEXREPOGCCE,MOEXREPO КСУ 19:00,4.38,4.38,4.38,4.38,165030663000.0,,,2,,RUB,
RTSI,RTSCH,2021-01-11,Индекс РТС химии и нефтехимии,Индекс РТС химии и нефтехимии,268.7,268.71,270.78,265.98,4068853.2059440035,0,0.0,2,2698847991.682352,USD,10043947.695
RTSI,RTSCR,2021-01-11,Индекс РТС потреб. сектора,Индекс РТС потребительских товаров и розничной торговли,261.58,264.75,265.4,260.61,54900506.13810878,0,0.0,2,2230551745.1431475,USD,8527282.6944
RTSI,RTSEU,2021-01-11,Индекс РТС электроэнергетики,Индекс РТС электроэнергетики,80.04,79.89,80.65,79.51,67784649.38613564,0,0.0,2,3932165538.8041883,USD,49124990.0073
RTSI,RTSFN,2021-01-11,Индекс РТС финансов,Индекс РТС финансов,218.32,215.64,221.69,215.64,537031208.4659007,0,0.0,2,12821111841.825172,USD,58724922.3762
RTSI,RTSI,2021-01-11,Индекс РТС,Индекс РТС,1466.56,1467.85,1488.56,1450.55,1915551868.086005,0,0.0,2,236459648831.84186,USD,161234282.6352
RTSI,RTSMM,2021-01-11,Индекс РТС металлов и добычи,Индекс РТС металлов и добычи,304.89,308.2,310.68,301.02,446877017.3980814,0,0.0,2,25751260568.78343,USD,84459553.1639
RTSI,RTSOG,2021-01-11,Индекс РТС нефти и газа,Индекс РТС нефти и газа,204.08,203.57,207.34,201.45,668744820.8457211,0,0.0,2,17104392785.595945,USD,83810552.5083
RTSI,RTSSM,2021-01-11,RTS SMID Index,Индекс РТС средней и малой капитализации,1254.21,1254.21,1254.21,1254.21,11622242562.0,0,0.0,2,846935625.8143662,USD,8817568.3892
RTSI,RTSTL,2021-01-11,Индекс РТС телекоммуникаций,Индекс РТС телекоммуникаций ,96.39,97.79,97.92,95.87,22344660.11405685,0,0.0,2,5596127174.04945,USD,58056740.3599
RTSI,RTSTN,2021-01-11,Индекс РТС транспорта,Индекс РТС транспорта,44.74,44.89,45.42,44.4,29462423.122580368,0,0.0,2,2509033001.304376,USD,56082557.4433
RTSI,RTSTR,2021-01-11,RTS Total Return,Индекс РТС полной доходности «брутто»,2655.41,2655.41,2655.41,2655.41,143441353710.0,0,0.0,2,0.0,USD,0.0
RTSI,RTSTRN,2021-01-11,RTS Net-TR-NR,Индекс РТС полной доходности «нетто» (по налоговым ставкам иностранных организаций),2429.62,2429.62,2429.62,2429.62,143441353710.0,0,0.0,2,0.0,USD,0.0
RTSI,RTSTRR,2021-01-11,RTS Net-TR-Res,Индекс РТС полной доходности «нетто» (по налоговым ставкам российских организаций),2482.9,2482.9,2482.9,2482.9,143441353710.0,0,0.0,2,0.0,USD,0.0
RTSI,RTSUSDCUR,2021-01-11,RTSUSDCUR,Курс доллара США на момент закрытия Индекса РТС,74.8048,74.8048,74.8048,74.8048,0.0,,,2,0.0,USD,
RTSI,RUABICP,2021-01-11,ABI CP,Композитный индекс облигаций ,115.79,115.79,115.79,115.79,4638021195.0,1677,5.5052,2,10587803400472.74,RUB,1000000000000.0
RTSI,RUABITR,2021-01-11,ABI TR,Композитный индекс облигаций — совокупный доход,225.66,225.66,225.66,225.66,4638021195.0,1677,5.5045,2,10784282911893.52,RUB,1000000000000.0
RTSI,RUBMI,2021-01-11,Индекс РТС широкого рынка,Индекс РТС широкого рынка,1069.66,1067.92,1085.4,1058.31,1953762435.6531932,0,0.0,2,258568169495.7113,USD,241729735.9223
RTSI,RUCBCP3A3YNS,2021-01-11,RUCBCP3A3YNS,Индекс МосБиржи Корпоративных Облигаций RUCBCP3A3YNS,105.99,105.99,105.99,105.99,7148345.0,614,5.0382,2,194978400000.0,RUB,195136000000.0
RTSI,RUCBCP3A5YNS,2021-01-11,RUCBCP3A5YNS,Индекс МосБиржи Корпоративных Облигаций RUCBCP3A5YNS,110.83,110.83,110.83,110.83,18774367.0,1381,5.9658,2,215730000000.0,RUB,216658000000.0
SNDX,RUCBCP3Y,2021-01-11,Индекс Мосбиржи корп обл CBICP 3-5,Индекс Мосбиржи корпоративных облигаций MOEX 1 - 3 ценовой,93.39,93.49,93.56,93.36,119463931.1,662,5.64,2,752403104298.3,RUB,1.0
RTSI,RUCBCP3YNS,2021-01-11,RUCBCP3YNS,Индекс МосБиржи Корпоративных Облигаций RUCBCP3YNS,104.13,104.13,104.13,104.13,104658488.0,663,5.4978,2,789505601412.0,RUB,763112213277.575
SNDX,RUCBCP5Y,2021-01-11,Индекс Мосбиржи корп обл CBICP 1-3,Индекс Мосбиржи корпоративных облигаций ценовой 3-5,123.77,124.0,124.02,123.73,68822565.7,1312,6.12,2,449445950000.0,RUB,1.0
RTSI,RUCBCP5YNS,2021-01-11,RUCBCP5YNS,Индекс МосБиржи Корпоративных Облигаций RUCBCP5YNS,110.61,110.61,110.61,110.61,67342848.0,1336,6.1526,2,432527450000.0,RUB,357540681831.8
RTSI,RUCBCPA3YNS,2021-01-11,RUCBCPA3YNS,Индекс МосБиржи Корпоративных Облигаций RUCBCPA3YNS,100.96,100.96,100.96,100.96,31512957.0,654,6.0926,2,158826900000.0,RUB,105254194648.33
RTSI,RUCBCPA5YNS,2021-01-11,RUCBCPA5YNS,Индекс МосБиржи Корпоративных Облигаций RUCBCPA5YNS,110.58,110.58,110.58,110.58,42412355.0,1352,6.6456,2,101833000000.0,RUB,101858500000.0
RTSI,RUCBCPAA3YNS,2021-01-11,RUCBCPAA3YNS,Индекс МосБиржи Корпоративных Облигаций RUCBCPAA3YNS,100.63,100.63,100.63,100.63,61079423.0,658,5.458,2,399944301412.0,RUB,256768400797.7302
RTSI,RUCBCPAA5YNS,2021-01-11,RUCBCPAA5YNS,Индекс МосБиржи Корпоративных Облигаций RUCBCPAA5YNS,111.78,111.78,111.78,111.78,6156126.0,1315,6.0262,2,114964450000.0,RUB,115073500000.0
RTSI,RUCBCPAAANS,2021-01-11,RUCBCPAAANS,Индекс МосБиржи Корпоративных Облигаций RUCBCPAAANS,108.82,108.82,108.82,108.82,42020507.0,1237,5.6016,2,547414400000.0,RUB,271757095580.4
RTSI,RUCBCPAANS,2021-01-11,RUCBCPAANS,Индекс МосБиржи Корпоративных Облигаций RUCBCPAANS,105.34,105.34,105.34,105.34,167295752.0,865,5.6088,2,545601751412.0,RUB,411308218538.5663
RTSI,RUCBCPANS,2021-01-11,RUCBCPANS,Индекс МосБиржи Корпоративных Облигаций RUCBCPANS,105.38,105.38,105.38,105.38,73925312.0,894,6.2596,2,260659900000.0,RUB,181323022420.43
RTSI,RUCBCPBBBNS,2021-01-11,RUCBCPBBBNS,Индекс МосБиржи Корпоративных Облигаций RUCBCPBBBNS,100.7,100.7,100.7,100.7,42589493.0,488,9.541,2,30614848000.0,RUB,30688772000.0
RTSI,RUCBCPNS,2021-01-11,RUCBCPNS,Индекс МосБиржи Корпоративных Облигаций RUCBCPNS,107.49,107.49,107.49,107.49,283241571.0,1013,5.7755,2,1353676051412.0,RUB,1000000000000.0
SNDX,RUCBICP,2021-01-11,Индекс Мосбиржи корп обл CBICP,Индекс Мосбиржи корпоративных облигаций ценовой,97.52,97.67,97.67,97.5,297049296.6,1010,5.98,2,1318342054298.3013,RUB,1.0
RTSI,RUCBICP1Y,2021-01-11,CBI CP 1Y,"Индекс корпоративных облигаций (≤ 1 года, рейтинг ≥ B-)",91.83,91.83,91.83,91.83,287694062.0,200,5.027,2,366115776839.5,RUB,366911505280.6
RTSI,RUCBICP3+,2021-01-11,CBI CP 3+,"Индекс корпоративных облигаций (< 1 года, рейтинг > B-)",126.1,126.1,126.1,126.1,177589478.0,1472,6.1461,2,565938950000.0,RUB,567222000000.0
RTSI,RUCBICPB,2021-01-11,CBI CP B,"Индекс корпоративных облигаций (> 1 года, B- ≤ рейтинг < BB-)",78.65,78.65,78.65,78.65,16829551.0,724,6.9007,2,59727122722.3,RUB,59844089954.2
RTSI,RUCBICPB3Y,2021-01-11,CBI CP B 3Y,"Индекс корпоративных облигаций (1-3 года, B- ≤ рейтинг < BB-)",79.84,79.84,79.84,79.84,16829551.0,724,6.9007,2,59727122722.3,RUB,59844089954.2
RTSI,RUCBICPBB,2021-01-11,CBI CP BB,"Индекс корпоративных облигаций (> 1 года, BB- ≤ рейтинг < BBB-)",94.37,94.37,94.37,94.37,214421875.0,887,6.0382,2,544626345235.0,RUB,545888045220.0
RTSI,RUCBICPBB3+,2021-01-11,CBI CP BB 3+,"Индекс корпоративных облигаций (> 3 лет, BB- ≤ рейтинг < BBB-)",120.94,120.94,120.94,120.94,141849438.0,1360,6.4011,2,169314500000.0,RUB,169640500000.0
RTSI,RUCBICPBB3Y,2021-01-11,CBI CP BBB 3Y,"Индекс корпоративных облигаций (1-3 года, BB- ≤ рейтинг < BBB-)",92.6,92.6,92.6,92.6,72572437.0,674,5.8745,2,375311845235.0,RUB,376247545220.0
RTSI,RUCBICPBB5Y,2021-01-11,CBI CP BB 5Y,"Индекс корпоративных облигаций (3-5 лет, BB- ≤ рейтинг < BBB-)",121.1,121.1,121.1,121.1,42890840.0,1312,6.4072,2,154007000000.0,RUB,154259500000.0
RTSI,RUCBICPBBB,2021-01-11,CBI CP BBB,"Индекс корпоративных облигаций (> 1 года, рейтинг ≥ BBB-)",100.49,100.49,100.49,100.49,65881236.0,1127,5.5919,2,713847586341.0,RUB,714654865902.0
RTSI,RUCBICPBBB3+,2021-01-11,CBI CP BBB 3+,"Индекс корпоративных облигаций (3-5 лет, рейтинг ≥ BBB-)",130.18,130.18,130.18,130.18,35740040.0,1520,6.0372,2,396624450000.0,RUB,397581500000.0
RTSI,RUCBICPBBB3Y,2021-01-11,CBI CP BBB 3Y,"Индекс корпоративных облигаций (1-3 года, рейтинг ≥ BBB-)",96.35,96.35,96.35,96.35,30141196.0,637,5.0351,2,317223136341.0,RUB,317073365902.0
RTSI,RUCBICPBBB5Y,2021-01-11,CBI CP BBB 5Y,"Индекс корпоративных облигаций (3-5 лет, рейтинг ≥ BBB-)",128.83,128.83,128.83,128.83,25935839.0,1311,5.9389,2,295438950000.0,RUB,295970000000.0
RTSI,RUCBICPL1,2021-01-11,CBI CP L1,Индекс корпоративных облигаций Котировальный лист 1 - ценовой,94.02,94.02,94.02,94.02,178396562.0,994,5.8053,2,602475772722.3,RUB,603855739954.2
RTSI,RUCBICPL2,2021-01-11,CBI CP L2,Индекс корпоративных облигаций Котировальный лист 2 - ценовой,105.68,105.68,105.68,105.68,81625963.0,963,5.7535,2,562377131576.0,RUB,563141061122.0
RTSI,RUCBICPL3,2021-01-11,CBI CP L3,Индекс корпоративных облигаций Котировальный лист 3 - ценовой,103.18,103.18,103.18,103.18,37110137.0,1244,6.2556,2,153348150000.0,RUB,153390200000.0
SNDX,RUCBITR,2021-01-11,Индекс Мосбиржи корп обл CBITR,Индекс Мосбиржи корпоративных облигаций,459.7,460.4,460.43,459.62,297049296.6,1010,5.98,2,1340460702131.0312,RUB,1.0
RTSI,RUCBITR1Y,2021-01-11,CBI TR 1Y,"Индекс корпоративных облигаций (≤ 1 года, рейтинг ≥ B-)— совокупный доход",235.44,235.44,235.44,235.44,287694062.0,200,5.0259,2,372408244043.0,RUB,373203972484.1
RTSI,RUCBITR3+,2021-01-11,CBI TR 3+,"Индекс корпоративных облигаций (> 3 лет, рейтинг ≥ B-) — совокупный доход",589.9,589.9,589.9,589.9,177589478.0,1472,6.1449,2,573406795000.0,RUB,574689845000.0
RTSI,RUCBITRB,2021-01-11,CBI TR B,"Индекс корпоративных облигаций (> 1 года, B- ≤ рейтинг < BB-) — совокупный доход",459.19,459.19,459.19,459.19,16829551.0,724,6.9021,2,60596132695.49,RUB,60713099927.39
RTSI,RUCBITRB3Y,2021-01-11,CBI TR B 3Y,"Индекс корпоративных облигаций (1-3 года, B- ≤ рейтинг < BB-) — совокупный доход",461.75,461.75,461.75,461.75,16829551.0,724,6.9021,2,60596132695.49,RUB,60713099927.39
RTSI,RUCBITRBB,2021-01-11,CBI TR BB,"Индекс корпоративных облигаций (> 1 года, BB- ≤ рейтинг < BBB-) — совокупный доход",472.77,472.77,472.77,472.77,214421875.0,886,6.0376,2,553014704996.0,RUB,554276404981.0
RTSI,RUCBITRBB3+,2021-01-11,CBI TR BB 3+,"Индекс корпоративных облигаций (> 3 лет, BB- ≤ рейтинг < BBB-) — совокупный доход",578.93,578.93,578.93,578.93,141849438.0,1360,6.4001,2,171572900000.0,RUB,171898900000.0
RTSI,RUCBITRBB3Y,2021-01-11,CBI TR BB 3Y,"Индекс корпоративных облигаций (1-3 года, BB- ≤ рейтинг < BBB-) — совокупный доход",461.49,461.49,461.49,461.49,72572437.0,674,5.8746,2,381441804996.0,RUB,382377504981.0
RTSI,RUCBITRBB5Y,2021-01-11,CBI TR BB 5Y,"Индекс корпоративных облигаций (3-5 лет, BB- ≤ рейтинг < BBB-) — совокупный доход",582.81,582.81,582.81,582.81,42890840.0,1312,6.406,2,156121700000.0,RUB,156374200000.0
RTSI,RUCBITRBBB,2021-01-11,CBI TR BBB,"Индекс корпоративных облигаций (> 1 года, рейтинг ≥ BBB-) — совокупный доход",475.52,475.52,475.52,475.52,65881236.0,1126,5.5897,2,725153012140.66,RUB,725960291701.66
RTSI,RUCBITRBBB3+,2021-01-11,CBI TR BBB 3+,"Индекс корпоративных облигаций (3-5 лет, рейтинг ≥ BBB-) — совокупный доход",593.24,593.24,593.24,593.24,35740040.0,1519,6.0359,2,401833895000.0,RUB,402790945000.0
RTSI,RUCBITRBBB3Y,2021-01-11,CBI TR BBB 3Y,"Индекс корпоративных облигаций (1-3 года, рейтинг ≥ BBB-) — совокупный доход",454.48,454.48,454.48,454.48,30141196.0,637,5.0352,2,323319117140.66,RUB,323169346701.66
RTSI,RUCBITRBBB5Y,2021-01-11,CBI TR BBB 5Y,"Индекс корпоративных облигаций (3-5 лет, рейтинг ≥ BBB-) — совокупный доход",593.11,593.11,593.11,593.11,25935839.0,1311,5.9371,2,299156595000.0,RUB,299687645000.0
RTSI,RUCBITRL1,2021-01-11,CBI TR L1,Индекс корпоративных облигаций Котировальный лист 1  — совокупный доход,221.22,221.22,221.22,221.22,178396562.0,994,5.8048,2,611040472695.49,RUB,612420439927.39
RTSI,RUCBITRL2,2021-01-11,CBI TR L2,Индекс корпоративных облигаций Котировальный лист 2  — совокупный доход,249.42,249.42,249.42,249.42,81625963.0,962,5.7512,2,572675542136.66,RUB,573439471682.66
RTSI,RUCBITRL3,2021-01-11,CBI TR L3,Индекс корпоративных облигаций Котировальный лист 3  — совокупный доход,239.01,239.01,239.01,239.01,37110137.0,1241,6.2562,2,155047835000.0,RUB,155089885000.0
RTSI,RUCBTR3A3YNS,2021-01-11,RUCBTR3A3YNS,Индекс МосБиржи Корпоративных Облигаций RUCBTR3A3YNS,119.87,119.87,119.87,119.87,7148345.0,615,5.0379,2,198024000000.0,RUB,198181600000.0
RTSI,RUCBTR3A5YNS,2021-01-11,RUCBTR3A5YNS,Индекс МосБиржи Корпоративных Облигаций RUCBTR3A5YNS,127.13,127.13,127.13,127.13,18774367.0,1380,5.9635,2,219107850000.0,RUB,220035850000.0
SNDX,RUCBTR3Y,2021-01-11,Индекс Мосбиржи корп обл CBITR 3-5,Индекс Мосбиржи корпоративных облигаций MOEX 1-3,440.55,440.98,441.33,440.38,119463931.1,662,5.64,2,766662507131.0302,RUB,1.0
RTSI,RUCBTR3YNS,2021-01-11,RUCBTR3YNS,Индекс МосБиржи Корпоративных Облигаций RUCBTR3YNS,120.01,120.01,120.01,120.01,104658488.0,663,5.4976,2,802683309119.66,RUB,775774359674.1361
SNDX,RUCBTR5Y,2021-01-11,Индекс Мосбиржи корп обл CBITR 1-3,Индекс Мосбиржи корпоративных облигаций 3-5,565.57,566.58,566.68,565.37,68822565.7,1312,6.12,2,455669695000.0,RUB,1.0
RTSI,RUCBTR5YNS,2021-01-11,RUCBTR5YNS,Индекс МосБиржи Корпоративных Облигаций RUCBTR5YNS,127.3,127.3,127.3,127.3,67342848.0,1335,6.1506,2,438550395000.0,RUB,362515626140.335
RTSI,RUCBTRA3YNS,2021-01-11,RUCBTRA3YNS,Индекс МосБиржи Корпоративных Облигаций RUCBTRA3YNS,121.46,121.46,121.46,121.46,31512957.0,654,6.0941,2,161094910000.0,RUB,106845720122.498
RTSI,RUCBTRA5YNS,2021-01-11,RUCBTRA5YNS,Индекс МосБиржи Корпоративных Облигаций RUCBTRA5YNS,129.6,129.6,129.6,129.6,42412355.0,1351,6.645,2,103042500000.0,RUB,103068000000.0
RTSI,RUCBTRAA3YNS,2021-01-11,RUCBTRAA3YNS,Индекс МосБиржи Корпоративных Облигаций RUCBTRAA3YNS,121.73,121.73,121.73,121.73,61079423.0,658,5.4579,2,406793399119.66,RUB,260924388020.5719
RTSI,RUCBTRAA5YNS,2021-01-11,RUCBTRAA5YNS,Индекс МосБиржи Корпоративных Облигаций RUCBTRAA5YNS,124.84,124.84,124.84,124.84,6156126.0,1315,6.026,2,116400045000.0,RUB,116509095000.0
RTSI,RUCBTRAAANS,2021-01-11,RUCBTRAAANS,Индекс МосБиржи Корпоративных Облигаций RUCBTRAAANS,123.22,123.22,123.22,123.22,42020507.0,1235,5.5985,2,556016000000.0,RUB,276243304580.84
RTSI,RUCBTRAANS,2021-01-11,RUCBTRAANS,Индекс МосБиржи Корпоративных Облигаций RUCBTRAANS,119.81,119.81,119.81,119.81,167295752.0,865,5.6086,2,554426444119.66,RUB,417719836733.733
RTSI,RUCBTRANS,2021-01-11,RUCBTRANS,Индекс МосБиржи Корпоративных Облигаций RUCBTRANS,124.26,124.26,124.26,124.26,73925312.0,893,6.2595,2,264137410000.0,RUB,183747442602.478
RTSI,RUCBTRBBBNS,2021-01-11,RUCBTRBBBNS,Индекс МосБиржи Корпоративных Облигаций RUCBTRBBBNS,129.61,129.61,129.61,129.61,42589493.0,485,9.5424,2,31100238000.0,RUB,31174162000.0
RTSI,RUCBTRNS,2021-01-11,RUCBTRNS,Индекс МосБиржи Корпоративных Облигаций RUCBTRNS,128.53,128.53,128.53,128.53,283241571.0,1012,5.7743,2,1374579854119.66,RUB,1000000000000.0
RTSI,RUCEU,2021-01-11,Индекс Корп. Рос. Еврооблигаций,Индекс МосБиржи Корпоративных Российских Еврооблигаций,137.68,137.66,137.73,137.65,0.0,3,225.5498,2,56033079417.0392,USD,56024491135.4137
RTSI,RUCHTR,2021-01-11,RTS Chemicals Total Return,Индекс РТС химии и нефтехимии полной доходности «брутто»,419.52,419.52,419.52,419.52,304694420.0,0,0.0,2,0.0,USD,0.0
RTSI,RUCHTRN,2021-01-11,RTS Chemicals Net TR-NR,Индекс РТС химии и нефтехимии полной доходности «нетто» (по налог.ставкам ин.орг-й),392.74,392.74,392.74,392.74,304694420.0,0,0.0,2,0.0,USD,0.0
RTSI,RUCHTRR,2021-01-11,RTS Chemicals Net TR-Res,Индекс РТС химии и нефтехимии полной доходности «нетто» (по налог.ставкам рос.орг-й),396.7,396.7,396.7,396.7,304694420.0,0,0.0,2,0.0,USD,0.0
RTSI,RUCNTR,2021-01-11,RTS Consumer Total Return,Индекс РТС потребительских товаров и розничной торговли полной доходности «брутто»,348.18,348.18,348.18,348.18,4108990439.0,0,0.0,2,0.0,USD,0.0
RTSI,RUCNTRN,2021-01-11,RTS Consumer Net TR-NR,Индекс РТС потребительского сектора полной доходности «нетто» (по налог.ставкам ин.орг-й),335.89,335.89,335.89,335.89,4108990439.0,0,0.0,2,0.0,USD,0.0
RTSI,RUCNTRR,2021-01-11,RTS Consumer Net TR-Res,Индекс РТС потребительского сектора полной доходности «нетто» (по налог.ставкам рос.орг-й),333.75,333.75,333.75,333.75,4108990439.0,0,0.0,2,0.0,USD,0.0
RTSI,RUEU10,2021-01-11,MOEX Еврооблигации 10,Индекс МосБиржи российских ликвидных еврооблигаций,124.21,124.22,124.25,124.14,0.0,4,161.4408,2,15502220573.5376,USD,15491941478.5776
RTSI,RUEURAIF,2021-01-11,Индекса МосБиржи еврооблигаций RUEURAIF,Индекса МосБиржи еврооблигаций RUEURAIF,124.21,124.21,124.21,124.21,0.0,4,161.4408,2,15502220573.5376,USD,15491941478.5776
RTSI,RUEUTR,2021-01-11,RTS El.Utilities Total Return,Индекс РТС электроэнергетики полной доходности «брутто»,116.02,116.02,116.02,116.02,5077078506.0,0,0.0,2,0.0,USD,0.0
RTSI,RUEUTRN,2021-01-11,RTS El. Utilities Net TR-NR,Индекс РТС электроэнергетики полной доходности «нетто» (по налог.ставкам ин.орг-й),109.37,109.37,109.37,109.37,5077078506.0,0,0.0,2,0.0,USD,0.0
RTSI,RUEUTRR,2021-01-11,RTS El. Utilities Net TR-Res,Индекс РТС электроэнергетики полной доходности «нетто» (по налог.ставкам рос.орг-й),110.54,110.54,110.54,110.54,5077078506.0,0,0.0,2,0.0,USD,0.0
RTSI,RUFNTR,2021-01-11,RTS Financials Total Return,Индекс РТС финансов полной доходности «брутто»,295.01,295.01,295.01,295.01,40216394025.0,0,0.0,2,0.0,USD,0.0
RTSI,RUFNTRN,2021-01-11,RTS Financials Net TR-NR,Индекс РТС финансов полной доходности «нетто» (по налог.ставкам ин.орг-й),281.81,281.81,281.81,281.81,40216394025.0,0,0.0,2,0.0,USD,0.0
RTSI,RUFNTRR,2021-01-11,RTS Financials Net TR-Res,Индекс РТС финансов полной доходности «нетто» (по налог.ставкам рос.орг-й),283.73,283.73,283.73,283.73,40216394025.0,0,0.0,2,0.0,USD,0.0
RTSI,RUGBICP10Y,2021-01-11,GBI CP 10Y,Индекс государственных облигаций (5-10 лет),157.49,157.49,157.49,157.49,2445111301.0,2567,5.9959,2,3641078188074.16,RUB,1000000000000.0
RTSI,RUGBICP1Y,2021-01-11,GBI CP 1Y,Индекс государственных облигаций (≤ 1 года),97.37,97.37,97.37,97.37,2413225252.0,172,4.1606,2,447076200000.0,RUB,447401400000.0
RTSI,RUGBICP3Y,2021-01-11,GBI CP 3Y,Индекс государственных облигаций (1-3 года),148.1,148.1,148.1,148.1,322571501.0,655,4.4879,2,1989983904467.22,RUB,1000000000000.0
RTSI,RUGBICP5+,2021-01-11,GBI CP 5+,Индекс государственных облигаций (> 5 лет),165.68,165.68,165.68,165.68,3004260890.0,2672,6.0416,2,3981722188074.16,RUB,1000000000000.0
RTSI,RUGBICP5Y,2021-01-11,GBI CP 5Y,Индекс государственных облигаций (3-5 лет),154.95,154.95,154.95,154.95,924417084.0,1403,5.2965,2,2919882500000.0,RUB,1000000000000.0
RTSI,RUGBITR10Y,2021-01-11,GBI TR 10Y,Индекс государственных облигаций (5-10 лет)— совокупный доход,593.2,593.2,593.2,593.2,2445111301.0,2566,5.9954,2,3709741906545.44,RUB,1000000000000.0
RTSI,RUGBITR1Y,2021-01-11,GBI TR 1Y,Индекс государственных облигаций (≤ 1 года)— совокупный доход,187.3,187.3,187.3,187.3,2413225252.0,173,4.1603,2,458497700000.0,RUB,458822900000.0
RTSI,RUGBITR3Y,2021-01-11,GBI TR 3Y,Индекс государственных облигаций (1-3 года) — совокупный доход,542.86,542.86,542.86,542.86,322571501.0,655,4.4878,2,2026226881882.87,RUB,1000000000000.0
RTSI,RUGBITR5+,2021-01-11,GBI TR 5+,Индекс государственных облигаций (> 5 лет)— совокупный доход,622.73,622.73,622.73,622.73,3004260890.0,2671,6.0411,2,4056460906545.44,RUB,1000000000000.0
RTSI,RUGBITR5Y,2021-01-11,GBI TR 5Y,Индекс государственных облигаций (3-5 лет)— совокупный доход,563.0,563.0,563.0,563.0,924417084.0,1402,5.296,2,2981064000000.0,RUB,1000000000000.0
RTSI,RUGROWCP,2021-01-11,RUGROWCP,Индекс МосБиржи Облигаций Сектора роста,103.74,103.74,103.74,103.74,16310420.0,510,9.8709,2,4789514110.0,RUB,1545313852.6536
RTSI,RUGROWTR,2021-01-11,RUGROWTR,Индекс МосБиржи Облигаций Сектора роста,116.24,116.24,116.24,116.24,16310420.0,511,9.8765,2,4824834341.7,RUB,1557248328.3091
RTSI,RUMBCP3+NS,2021-01-11,RUMBCP3+NS,Индекс МосБиржи Муниципальных Облигаций RUMBCP3+NS,107.5,107.5,107.5,107.5,83699621.0,1258,5.8964,2,174895620000.0,RUB,175642580000.0
RTSI,RUMBCP3A3+NS,2021-01-11,RUMBCP3A3+NS,Индекс МосБиржи Муниципальных Облигаций RUMBCP3A3+NS,110.77,110.77,110.77,110.77,560257.0,1246,5.8834,2,58516000000.0,RUB,58465500000.0
RTSI,RUMBCP3A3YNS,2021-01-11,RUMBCP3A3YNS,Индекс МосБиржи Муниципальных Облигаций RUMBCP3A3YNS,103.53,103.53,103.53,103.53,376052.0,545,4.7298,2,37972300000.0,RUB,38396800000.0
RTSI,RUMBCP3YNS,2021-01-11,RUMBCP3YNS,Индекс МосБиржи Муниципальных Облигаций RUMBCP3YNS,105.01,105.01,105.01,105.01,6137431.0,779,5.0686,2,199732795000.0,RUB,106909490523.898
RTSI,RUMBCPA3+NS,2021-01-11,RUMBCPA3+NS,Индекс МосБиржи Муниципальных Облигаций RUMBCPA3+NS,108.31,108.31,108.31,108.31,29924.0,1067,5.8313,2,21077000000.0,RUB,21017000000.0
RTSI,RUMBCPA3YNS,2021-01-11,RUMBCPA3YNS,Индекс МосБиржи Муниципальных Облигаций RUMBCPA3YNS,102.54,102.54,102.54,102.54,3064235.0,672,5.9532,2,24625570000.0,RUB,24763750000.0
RTSI,RUMBCPAA3+NS,2021-01-11,RUMBCPAA3+NS,Индекс МосБиржи Муниципальных Облигаций RUMBCPAA3+NS,107.5,107.5,107.5,107.5,83136259.0,1276,5.9169,2,106030620000.0,RUB,106867080000.0
RTSI,RUMBCPAA3YNS,2021-01-11,RUMBCPAA3YNS,Индекс МосБиржи Муниципальных Облигаций RUMBCPAA3YNS,105.19,105.19,105.19,105.19,2670325.0,809,5.1276,2,126406925000.0,RUB,126681645000.0
RTSI,RUMBCPAAANS,2021-01-11,RUMBCPAAANS,Индекс МосБиржи Муниципальных Облигаций RUMBCPAAANS,106.33,106.33,106.33,106.33,936309.0,970,5.4294,2,96488300000.0,RUB,96862300000.0
RTSI,RUMBCPAANS,2021-01-11,RUMBCPAANS,Индекс МосБиржи Муниципальных Облигаций RUMBCPAANS,106.74,106.74,106.74,106.74,85806584.0,1022,5.4877,2,232437545000.0,RUB,233548725000.0
RTSI,RUMBCPANS,2021-01-11,RUMBCPANS,Индекс МосБиржи Муниципальных Облигаций RUMBCPANS,105.61,105.61,105.61,105.61,3094159.0,854,5.897,2,45702570000.0,RUB,45780750000.0
RTSI,RUMBCPBBBNS,2021-01-11,RUMBCPBBBNS,Индекс МосБиржи Муниципальных Облигаций RUMBCPBBBNS,106.12,106.12,106.12,106.12,6296649.0,1191,6.1852,2,48580250000.0,RUB,48467750000.0
RTSI,RUMBCPNS,2021-01-11,RUMBCPNS,Индекс МосБиржи Муниципальных Облигаций RUMBCPNS,106.47,106.47,106.47,106.47,89837052.0,969,5.4218,2,374628415000.0,RUB,215373621037.788
SNDX,RUMBICP,2021-01-11,Индекс Мосбиржи мун обл MOEX MBICP,Индекс Мосбиржи муниципальных облигаций ценовой,101.86,101.82,102.55,101.78,89639056.67,1014,5.79,2,378012525000.0,RUB,1.0
RTSI,RUMBICP1Y,2021-01-11,MBI CP 1Y,"Индекс муниципальных облигаций (≤ 1 года, рейтинг ≥ BB-)",81.68,81.68,81.68,81.68,14634.0,181,4.421,2,5283100000.0,RUB,5380635000.0
RTSI,RUMBICP3+,2021-01-11,MBI CP 3Y+,"Индекс муниципальных облигаций (> 3 лет, рейтинг ≥ BB-)",106.91,106.91,106.91,106.91,83365564.0,1294,5.9835,2,183983200000.0,RUB,184367700000.0
RTSI,RUMBICP3Y,2021-01-11,MBI CP 3Y,"Индекс муниципальных облигаций (1-3 года, рейтинг ≥ BB-)",94.99,94.99,94.99,94.99,6273494.0,749,5.3761,2,194029325000.0,RUB,194397915000.0
RTSI,RUMBICPBB,2021-01-11,MBI CP BB,"Индекс муниципальных облигаций (> 1 года, BB- ≤ рейтинг < BBB-)",102.47,102.47,102.47,102.47,86071909.0,1074,5.8104,2,170067300000.0,RUB,170296020000.0
RTSI,RUMBICPBB3Y,2021-01-11,MBI CP BB 3Y,"Индекс муниципальных облигаций (1-3 года, BB- ≤ рейтинг < BBB-)",99.0,99.0,99.0,99.0,4000587.0,803,5.5335,2,93627500000.0,RUB,93338320000.0
RTSI,RUMBICPBBB,2021-01-11,MBI CP BBB,"Индекс муниципальных облигаций (> 1 года, рейтинг ≥ BBB-)",99.43,99.43,99.43,99.43,3567149.0,965,5.5582,2,207945225000.0,RUB,208469595000.0
RTSI,RUMBICPBBB3+,2021-01-11,MBI CP BBB 3+,"Индекс муниципальных облигаций (> 3 лет, рейтинг ≥ BB-)",108.43,108.43,108.43,108.43,1294242.0,1215,5.8653,2,107543400000.0,RUB,107410000000.0
RTSI,RUMBICPBBB3Y,2021-01-11,MBI TR BBB 3Y,"Индекс муниципальных облигаций (1-3 года, рейтинг ≥ BBB-)",90.97,90.97,90.97,90.97,2272907.0,698,5.2294,2,100401825000.0,RUB,101059595000.0
RTSI,RUMBICPL1,2021-01-11,MBI CP L1,Индекс муниципальных облигаций Котировальный лист 1 - ценовой,101.64,101.64,101.64,101.64,89639058.0,1014,5.6717,2,378012525000.0,RUB,378765615000.0
SNDX,RUMBITR,2021-01-11,Индекс Мосбиржи мун обл MBITR,Индекс Мосбиржи муниципальных облигаций,312.9,312.78,315.0,312.65,89639056.67,1014,5.79,2,381766045000.0,RUB,1.0
RTSI,RUMBITR1Y,2021-01-11,MBI TR 1Y,"Индекс муниципальных облигаций (≤ 1 года, рейтинг ≥ BB-) — совокупный доход",215.16,215.16,215.16,215.16,14634.0,181,4.4209,2,5379280000.0,RUB,5476815000.0
RTSI,RUMBITR3+,2021-01-11,MBI TR 3Y+,"Индекс муниципальных облигаций (> 3 лет, рейтинг ≥ BB-) — совокупный доход",374.37,374.37,374.37,374.37,83365564.0,1294,5.9837,2,185782335000.0,RUB,186166835000.0
RTSI,RUMBITR3Y,2021-01-11,MBI TR 3Y,"Индекс муниципальных облигаций (1-3 года, рейтинг ≥ BB-) — совокупный доход",354.56,354.56,354.56,354.56,6273494.0,749,5.3769,2,195983710000.0,RUB,196352300000.0
RTSI,RUMBITRBB,2021-01-11,MBI TR BB,"Индекс муниципальных облигаций (> 1 года, BB- ≤ рейтинг < BBB-) — совокупный доход",371.6,371.6,371.6,371.6,86071909.0,1073,5.8113,2,171868310000.0,RUB,172097030000.0
RTSI,RUMBITRBB3Y,2021-01-11,MBI TR BB 3Y,"Индекс муниципальных облигаций (1-3 года, BB- ≤ рейтинг < BBB-) — совокупный доход",372.32,372.32,372.32,372.32,4000587.0,803,5.5349,2,94611900000.0,RUB,94322720000.0
RTSI,RUMBITRBBB,2021-01-11,MBI TR BBB,"Индекс муниципальных облигаций (> 1 года, рейтинг ≥ BBB-) — совокупный доход",350.04,350.04,350.04,350.04,3567149.0,965,5.5583,2,209897735000.0,RUB,210422105000.0
RTSI,RUMBITRBBB3+,2021-01-11,MBI TR BBB 3+,"Индекс муниципальных облигаций (> 3 лет, рейтинг ≥ BBB-) — совокупный доход",375.37,375.37,375.37,375.37,1294242.0,1215,5.8655,2,108525925000.0,RUB,108392525000.0
RTSI,RUMBITRBBB3Y,2021-01-11,MBI TR BBB 3Y,"Индекс муниципальных облигаций (1-3 года, рейтинг ≥ BBB-) — совокупный доход",329.89,329.89,329.89,329.89,2272907.0,698,5.2295,2,101371810000.0,RUB,102029580000.0
RTSI,RUMBITRL1,2021-01-11,MBI TR L1,Индекс муниципальных облигаций Котировальный лист 1  — совокупный доход,239.9,239.9,239.9,239.9,89639058.0,1014,5.6722,2,381766045000.0,RUB,382519135000.0
RTSI,RUMBTR3+NS,2021-01-11,RUMBTR3+NS,Индекс МосБиржи Муниципальных Облигаций RUMBTR3+NS,122.79,122.79,122.79,122.79,83699621.0,1258,5.8966,2,176425145000.0,RUB,177172105000.0
RTSI,RUMBTR3A3+NS,2021-01-11,RUMBTR3A3+NS,Индекс МосБиржи Муниципальных Облигаций RUMBTR3A3+NS,125.1,125.1,125.1,125.1,560257.0,1246,5.8833,2,58931700000.0,RUB,58881200000.0
RTSI,RUMBTR3A3YNS,2021-01-11,RUMBTR3A3YNS,Индекс МосБиржи Муниципальных Облигаций RUMBTR3A3YNS,120.42,120.42,120.42,120.42,376052.0,545,4.7299,2,38154420000.0,RUB,38578920000.0
RTSI,RUMBTR3YNS,2021-01-11,RUMBTR3YNS,Индекс МосБиржи Муниципальных Облигаций RUMBTR3YNS,124.61,124.61,124.61,124.61,6137431.0,779,5.0682,2,201714295000.0,RUB,107913279073.557
RTSI,RUMBTRA3+NS,2021-01-11,RUMBTRA3+NS,Индекс МосБиржи Муниципальных Облигаций RUMBTRA3+NS,124.67,124.67,124.67,124.67,29924.0,1067,5.8312,2,21180300000.0,RUB,21120300000.0
RTSI,RUMBTRA3YNS,2021-01-11,RUMBTRA3YNS,Индекс МосБиржи Муниципальных Облигаций RUMBTRA3YNS,121.68,121.68,121.68,121.68,3064235.0,672,5.9502,2,24970140000.0,RUB,25108320000.0
RTSI,RUMBTRAA3+NS,2021-01-11,RUMBTRAA3+NS,Индекс МосБиржи Муниципальных Облигаций RUMBTRAA3+NS,124.68,124.68,124.68,124.68,83136259.0,1276,5.9172,2,107087145000.0,RUB,107923605000.0
RTSI,RUMBTRAA3YNS,2021-01-11,RUMBTRAA3YNS,Индекс МосБиржи Муниципальных Облигаций RUMBTRAA3YNS,126.05,126.05,126.05,126.05,2670325.0,809,5.127,2,127815735000.0,RUB,128090455000.0
RTSI,RUMBTRAAANS,2021-01-11,RUMBTRAAANS,Индекс МосБиржи Муниципальных Облигаций RUMBTRAAANS,121.14,121.14,121.14,121.14,936309.0,970,5.4301,2,97086120000.0,RUB,97460120000.0
RTSI,RUMBTRAANS,2021-01-11,RUMBTRAANS,Индекс МосБиржи Муниципальных Облигаций RUMBTRAANS,125.74,125.74,125.74,125.74,85806584.0,1022,5.4872,2,234902880000.0,RUB,236014060000.0
RTSI,RUMBTRANS,2021-01-11,RUMBTRANS,Индекс МосБиржи Муниципальных Облигаций RUMBTRANS,122.62,122.62,122.62,122.62,3094159.0,853,5.8956,2,46150440000.0,RUB,46228620000.0
RTSI,RUMBTRBBBNS,2021-01-11,RUMBTRBBBNS,Индекс МосБиржи Муниципальных Облигаций RUMBTRBBBNS,122.06,122.06,122.06,122.06,6296649.0,1192,6.1867,2,49274620000.0,RUB,49162120000.0
RTSI,RUMBTRNS,2021-01-11,RUMBTRNS,Индекс МосБиржи Муниципальных Облигаций RUMBTRNS,123.38,123.38,123.38,123.38,89837052.0,968,5.4216,2,378139440000.0,RUB,217248111062.636
RTSI,RUMMTR,2021-01-11,RTS Metals & Min Total Return,Индекс РТС металлов и добычи полной доходности «брутто»,499.11,499.11,499.11,499.11,33454787495.0,0,0.0,2,0.0,USD,0.0
RTSI,RUMMTRN,2021-01-11,RTS Metals & Mining Net TR-NR,Индекс РТС металлов и добычи полной доходности «нетто» (по налог.ставкам ин.орг-й),463.38,463.38,463.38,463.38,33454787495.0,0,0.0,2,0.0,USD,0.0
RTSI,RUMMTRR,2021-01-11,RTS Metals & Min Net TR-Res,Индекс РТС металлов и добычи полной доходности «нетто» (по налог.ставкам рос.орг-й),469.18,469.18,469.18,469.18,33454787495.0,0,0.0,2,0.0,USD,0.0
RTSI,RUOGTR,2021-01-11,RTS Oil & Gas Total Return,Индекс РТС нефти и газа полной доходности «брутто»,294.36,294.36,294.36,294.36,50093830843.0,0,0.0,2,0.0,USD,0.0
RTSI,RUOGTRN,2021-01-11,RTS Oil & Gas Net TR-NR,Индекс РТС нефти и газа полной доходности «нетто» (по налог.ставкам ин.орг-й),278.89,278.89,278.89,278.89,50093830843.0,0,0.0,2,0.0,USD,0.0
RTSI,RUOGTRR,2021-01-11,RTS Oil & Gas Net TR-Res,Индекс РТС нефти и газа полной доходности «нетто» (по налог.ставкам рос.орг-й),281.2,281.2,281.2,281.2,50093830843.0,0,0.0,2,0.0,USD,0.0
RTSI,RUPAI,2021-01-11,Агрессивный индекс,Индексы активов пенсионных накоплений - Агрессивный,2473.64,2473.64,2473.64,2473.64,148130633731.0,0,0.0,2,0.0,RUB,0.0
RTSI,RUPCI,2021-01-11,Консервативный индекс,Индексы активов пенсионных накоплений - Консервативный,2990.56,2990.56,2990.56,2990.56,4689280021.0,0,0.0,2,0.0,RUB,0.0
RTSI,RUPMI,2021-01-11,Сбалансированный индекс,Индексы активов пенсионных накоплений - Сбалансированный,2677.86,2677.86,2677.86,2677.86,148130633731.0,0,0.0,2,0.0,RUB,0.0
MMIX,RUSFAR,2021-01-11,RUSFAR,Russian Secured Funding Average Rate ON,4.36,4.36,4.36,4.36,,,,2,,RUB,
MMIX,RUSFAR1M,2021-01-11,RUSFAR 1M,Russian Secured Funding Average Rate 1M,4.49,4.49,4.49,4.49,,,,2,,RUB,
MMIX,RUSFAR1MRT,2021-01-11,RUSFAR1MRT,RUSFAR 1M REAL TIME,4.49,4.49,4.49,4.48,,,,2,,RUB,
MMIX,RUSFAR1W,2021-01-11,RUSFAR 1W,Russian Secured Funding Average Rate 1W,4.36,4.36,4.36,4.36,,,,2,,RUB,
MMIX,RUSFAR1WRT,2021-01-11,RUSFAR1WRT,RUSFAR 1W REAL TIME,4.36,4.36,4.41,4.32,,,,2,,RUB,
MMIX,RUSFAR2W,2021-01-11,RUSFAR 2W,Russian Secured Funding Average Rate 2W,4.3,4.3,4.3,4.3,,,,2,,RUB,
MMIX,RUSFAR2WRT,2021-01-11,RUSFAR2WRT,RUSFAR 2W REAL TIME,4.3,4.3,4.33,4.3,,,,2,,RUB,
MMIX,RUSFAR3M,2021-01-11,RUSFAR 3M,Russian Secured Funding Average Rate 3M,4.64,4.64,4.64,4.64,,,,2,,RUB,
MMIX,RUSFAR3MRT,2021-01-11,RUSFAR3MRT,RUSFAR 3M REAL TIME,4.64,4.64,4.65,4.64,,,,2,,RUB,
MMIX,RUSFARRT,2021-01-11,RUSFARRT,RUSFAR REAL TIME,4.36,4.36,4.41,4.32,,,,2,,RUB,
MMIX,RUSFARUSD,2021-01-11,RUSFARUSD,Russian Secured Funding Average Rate USD,0.31,0.31,0.31,0.31,,,,2,,USD,
RTSI,RUSMTR,2021-01-11,RTS SMID Total Return,Индекс РТС средней и малой капитализации полной доходности «брутто»,1766.63,1766.63,1766.63,1766.63,11622242562.0,0,0.0,2,0.0,USD,0.0
RTSI,RUSMTRN,2021-01-11,RTS SMID Net TR-NR,Индекс РТС средней капитализации полной доходности «нетто» (по нал.ставкам ин.орг-й),1678.02,1678.02,1678.02,1678.02,11622242562.0,0,0.0,2,0.0,USD,0.0
RTSI,RUSMTRR,2021-01-11,RTS SMID Net TR-Res,Индекс РТС средней капитализации полной доходности «нетто» (по нал.ставкам рос.орг-й),1693.34,1693.34,1693.34,1693.34,11622242562.0,0,0.0,2,0.0,USD,0.0
RTSI,RUTLTR,2021-01-11,RTS Telecom Total Return,Индекс РТС телекоммуникаций  полной доходности «брутто»,184.11,184.11,184.11,184.11,1672365306.0,0,0.0,2,0.0,USD,0.0
RTSI,RUTLTRN,2021-01-11,RTS Telecom Net TR-NR,Индекс РТС телекоммуникаций  полной доходности «нетто» (по налог.ставкам ин.орг-й),167.32,167.32,167.32,167.32,1672365306.0,0,0.0,2,0.0,USD,0.0
RTSI,RUTLTRR,2021-01-11,RTS Telecom Net TR-Res,Индекс РТС телекоммуникаций  полной доходности «нетто» (по налог.ставкам рос.орг-й),169.87,169.87,169.87,169.87,1672365306.0,0,0.0,2,0.0,USD,0.0
RTSI,RUTNTR,2021-01-11,RTS Transport Total Return,Индекс РТС транспорта полной доходности «брутто»,63.02,63.02,63.02,63.02,2205792368.0,0,0.0,2,0.0,USD,0.0
RTSI,RUTNTRN,2021-01-11,RTS Transport Net TR-NR,Индекс РТС транспорта полной доходности «нетто» (по налог.ставкам ин.орг-й),60.1,60.1,60.1,60.1,2205792368.0,0,0.0,2,0.0,USD,0.0
RTSI,RUTNTRR,2021-01-11,RTS Transport Net TR-Res,Индекс РТС транспорта полной доходности «нетто» (по налог.ставкам рос.орг-й),60.57,60.57,60.57,60.57,2205792368.0,0,0.0,2,0.0,USD,0.0
RTSI,RVI,2021-01-11,Индекс RVI,Индекс волатильности RVI,34.09,32.68,35.7,32.15,0.0,,,2,0.0,,
INAV,SBCBA,2021-01-11,iNAV Сбер-MOEX RUEB10,Расчетная цена одного пая Биржевого ПИФа «Сбер - Индекс МосБиржи российских ликвидных еврооблигаций»,17.31,17.31,17.31,17.3,0.0,0,0.0,2,0.0,USD,0.0
INAV,SBCBB,2021-01-11,iNAV Сбер-MOEX RUEB10,Расчетная цена одного пая Биржевого ПИФа «Сбер - Индекс МосБиржи российских ликвидных еврооблигаций»,1291.34,1283.48,1297.34,1283.47,0.0,0,0.0,2,0.0,RUB,0.0
INAV,SBGBA,2021-01-11,iNAV Сбер-MOEX RGBITR,Расчетная цена одного пая Биржевого ПИФа «Сбер - Индекс МосБиржи государственных облигаций»,1256.03,1259.84,1260.02,1256.03,0.0,0,0.0,2,0.0,RUB,0.0
INAV,SBMXA,2021-01-11,iNAV Сбер-МосБиржи брутто,Расчетная цена одного пая Биржевого ПИФа «Сбер - Индекс МосБиржи полной доходности «брутто»,1693.2705,1676.0818,1709.8784,1671.4801,0.0,0,0.0,4,0.0,RUB,0.0
INAV,SBRBA,2021-01-11,iNAV Сбер-Индекс Корп. Облигаций,Расчетная цена одного пая Биржевого ПИФа «Сбер - Индекс МосБиржи рублевых корпоративных облигаций»,1123.9,1125.67,1125.68,1123.84,0.0,0,0.0,2,0.0,RUB,0.0
INAV,SBRIA,2021-01-11,iNAV Сбер-Ответственные инв-ции,Биржевой паевой инвестиционный фонд РФИ «Сбер - Ответственные инвестиции»,12.3904,12.3333,12.5036,12.2698,0.0,0,0.0,4,0.0,RUB,0.0
INAV,SBSPA,2021-01-11,iNAV Сбер - Эс энд Пи 500,Расчетная цена одного пая Биржевого ПИФа «Сбер - Эс энд Пи 500»,20.14,20.25,20.25,20.08,0.0,0,0.0,2,0.0,USD,0.0
INAV,SBSPB,2021-01-11,iNAV Сбер - Эс энд Пи 500,Расчетная цена одного пая Биржевого ПИФа «Сбер - Эс энд Пи 500»,1506.63,1501.88,1518.65,1501.78,0.0,0,0.0,2,0.0,RUB,0.0
INAV,SCIPA,2021-01-11,БПИФ РФИ «Информатика+»,Расчетная цена одного пая Биржевого ПИФа рыночных финансовых инструментов «Информатика+»,19.91,20.04,20.04,19.66,0.0,0,0.0,2,0.0,USD,0.0
INAV,SUGBA,2021-01-11,iNAV «SUGB-RUGBICP3Y Index»,БПИФ РФИ «РЕГИОН – Индекс МосБиржи государственных облигаций (1-3 года)»,1012.25,1014.34,1014.34,1012.25,0.0,0,0.0,2,0.0,RUB,0.0
INAV,TBIOA,2021-01-11,TBIO iNAV,Расчетная цена одного пая Биржевого ПИФа РФИ «Тинькофф Насдак Биотехнологии»,0.1005,0.1011,0.1011,0.0999,0.0,0,0.0,4,0.0,USD,0.0
INAV,TECHA,2021-01-11,TECH iNAV,Расчетная цена одного пая Биржевого ПИФа РФИ «Тинькофф Насдак Технологии»,0.0987,0.099,0.099,0.0979,0.0,0,0.0,4,0.0,USD,0.0
INAV,TEURA,2021-01-11,TEUR iNAV,Расчетная цена одного пая Биржевого ПИФа «Тинькофф-Стратегия вечного портфеля в евро»,0.1043,0.1047,0.1049,0.1039,0.0,0,0.0,4,0.0,EUR,0.0
INAV,TGLDA,2021-01-11,TGLD iNAV,Расчетная цена одного пая Биржевого ПИФа РФИ «Тинькофф Золото»,0.0766,0.0766,0.0768,0.0761,0.0,0,0.0,4,0.0,USD,0.0
INAV,TIPOA,2021-01-11,TIPO iNAV,Расчетная цена одного пая Биржевого ПИФа РФИ «Тинькофф Индекс первичных публичных размещений»,0.0996,0.099,0.0998,0.0976,0.0,0,0.0,4,0.0,USD,0.0
INAV,TMOSA,2021-01-11,TMOS iNAV,Расчетная цена одного пая Биржевого ПИФа РФИ «Тинькофф Индекс МосБиржи»,5.8677,5.8084,5.9252,5.7927,0.0,0,0.0,4,0.0,RUB,0.0
INAV,TRURA,2021-01-11,TRUR iNAV,Расчетная цена одного пая Биржевого ПИФа «Тинькофф-Стратегия вечного портфеля в рублях»,6.0217,5.9971,6.0381,5.9925,0.0,0,0.0,4,0.0,RUB,0.0
INAV,TSPXA,2021-01-11,TSPX iNAV,Расчетная цена одного пая Биржевого ПИФа РФИ «Тинькофф Эс энд Пи 500»,0.0973,0.0977,0.0977,0.0969,0.0,0,0.0,4,0.0,USD,0.0
INAV,TUSDA,2021-01-11,TUSD iNAV,Расчетная цена одного пая Биржевого ПИФа «Тинькофф-Стратегия вечного портфеля в долларах США»,0.1066,0.1068,0.1069,0.1062,0.0,0,0.0,4,0.0,USD,0.0
INAV,VTBBA,2021-01-11,iNAV VTBB ETF,Расчетная цена одного пая Биржевого ПИФа «ВТБ Корпоративные облигации»,1217.8,1221.48,1221.48,1217.62,0.0,0,0.0,2,0.0,RUB,0.0
INAV,VTBEM,2021-01-11,iNAV ВТБ – Фонд акций развивающихся стран,Расчетная цена одного пая Биржевого ПИФа «ВТБ – Фонд акций развивающихся стран»,976.47,973.55,977.95,972.18,0.0,0,0.0,2,0.0,RUB,0.0
INAV,VTBEM2,2021-01-11,iNAV ВТБ – Фонд акций развивающихся стран,Расчетная цена одного пая Биржевого ПИФа «ВТБ – Фонд акций развивающихся стран»,13.06,13.09,13.11,13.0,0.0,0,0.0,2,0.0,USD,0.0
INAV,VTBGO,2021-01-11,iNAV VTBG ETF,Биржевой паевой инвестиционный фонд рыночных финансовых инструментов «ВТБ – Фонд Золото. Биржевой»,0.0155,0.0155,0.0156,0.0154,0.0,0,0.0,6,0.0,USD,0.0
INAV,VTBHY,2021-01-11,iNAV ВТБ  - Американский корп. долг,Расчетная цена одного пая Биржевого ПИФа «ВТБ – Фонд «Американский корпоративный долг»,805.48,797.75,807.33,797.04,0.0,0,0.0,2,0.0,RUB,0.0
INAV,VTBHY2,2021-01-11,iNAV ВТБ  - Американский корп. долг,Расчетная цена одного пая Биржевого ПИФа «ВТБ – Фонд «Американский корпоративный долг»,10.77,10.72,10.79,10.71,0.0,0,0.0,2,0.0,USD,0.0
INAV,VTBMM,2021-01-11,iNAV VTBM ETF,Расчетная цена одного пая Биржевого ПИФа «ВТБ – Ликвидность»,1.0427,1.0427,1.0427,1.0427,0.0,0,0.0,5,0.0,RUB,0.0
INAV,VTBSN,2021-01-11,iNAV VTBA ETF,Расчетная цена одного пая Биржевого ПИФа «ВТБ - Фонд Акций американских компаний»,984.35,973.81,984.64,972.95,0.0,0,0.0,2,0.0,RUB,0.0
INAV,VTBSN2,2021-01-11,iNAV VTBA ETF,Расчетная цена одного пая Биржевого ПИФа «ВТБ - Фонд Акций американских компаний»,13.16,13.09,13.17,13.07,0.0,0,0.0,2,0.0,USD,0.0
INAV,VTBUE,2021-01-11,iNAV VTBU ETF,Расчетная цена одного пая Биржевого ПИФа «ВТБ–Корпоративные российские еврооблигации смарт бета»,54.68,54.69,54.7,54.68,0.0,0,0.0,2,0.0,USD,0.0
INAV,VTBXE,2021-01-11,iNAV VTBX ETF,Расчетная цена одного пая Биржевого ПИФа «ВТБ – Индекс МосБиржи»,132.12,130.78,133.42,130.42,0.0,0,0.0,2,0.0,RUB,0.0
INAV,VTBYE,2021-01-11,iNAV VTBY ETF,Биржевой паевой инвестиционный фонд РФИ «ВТБ – Еврооблигации в евро смарт бета»,1.1148,1.1153,1.1158,1.1146,0.0,0,0.0,4,0.0,EUR,0.0
