BOARDID,TRADEDATE,SHORTNAME,SECID,NUMTRADES,VALUE,LOW,HIGH,CLOSE,LEGALCLOSEPRICE,ACCINT,WAPRICE,YIELDCLOSE,OPEN,VOLUME,MARKETPRICE2,MARKETPRICE3,ADMITTEDQUOTE,MP2VALTRD,MARKETPRICE3TRADESVALUE,ADMITTEDVALUE,MATDATE,DURATION,YIELDATWAP,IRICPICLOSE,BEICLOSE,COUPONPERCENT,COUPONVALUE,BUYBACKDATE,LASTTRADEDATE,FACEVALUE,CURRENCYID,CBRCLOSE,YIELDTOOFFER,YIELDLASTCOUPON,OFFERDATE,FACEUNIT
EQOB,2013-04-04,МГор39-об,RU000A0DASA0,2.0,1819000.0,100.0,100.0,100.0,100.0,14.0,100.0,7.11,100.0,1819.0,,100.03,,0.0,15274574.5,0.0,2014-07-21,455.0,7.11,,,,,,,1000.0,SUR,,,,,
EQOB,2013-04-04,МГор44-об,RU000A0E6TK0,2.0,14949540.3,99.87,99.87,99.87,99.87,19.37,99.87,7.18,99.87,14969.0,99.72,99.79,99.72,304944600.1,104015839.1,304944600.1,2015-06-24,751.0,7.18,,,,,,,1000.0,SUR,,,,,
EQNB,2013-04-04,ВТБ - 5 об,RU000A0GHL00,8.0,41547501.0,99.92,100.18,100.1,100.11,15.61,100.11,7.4,99.92,41502.0,100.12,100.12,100.12,49062051.6,47110742.8,49062051.6,2013-10-17,191.0,7.38,,,,,,,1000.0,SUR,,,,,
EQNO,2013-04-04,Детмир 01,RU000A0GKGF6,9.0,4835565.0,96.75,96.75,96.75,96.75,27.71,96.75,10.48,96.75,4998.0,96.83,96.75,96.83,7452130.0,4845265.0,7452130.0,2015-05-26,711.0,10.48,,,,,,,1000.0,SUR,,,,,
EQOB,2013-04-04,Мосэнерго2,RU000A0GN9B5,4.0,5956052.5,99.85,99.85,99.85,99.85,9.49,99.85,8.48,99.85,5965.0,,99.85,,0.0,6007752.0,0.0,2016-02-18,948.0,8.48,,,,,,,1000.0,SUR,,,,,
EQOB,2013-04-04,Мечел  2об,RU000A0GUBF6,1.0,498250.0,99.65,99.65,99.65,99.65,22.91,99.65,9.42,99.65,500.0,99.67,99.68,99.67,9466538.3,9019323.8,9466538.3,2013-06-12,69.0,9.42,,,,,,,1000.0,SUR,,,,,
EQOB,2013-04-04,ДОМ.РФ 8об,RU000A0JNPK5,4.0,13963800.0,100.0,100.0,100.0,100.0,2.51,100.0,7.85,100.0,23273.0,100.0,100.0,100.0,161709905.88,78147306.6,161709905.88,2018-06-15,892.0,7.85,,,,,,,600.0,SUR,,,,,RUB
EQOB,2013-04-04,МГор48-об,RU000A0JNYN1,4.0,5641.0,94.0,94.05,94.05,94.05,21.86,94.02,7.58,94.05,6.0,,94.54,,0.0,1033296.7,0.0,2022-06-11,2460.0,7.59,,,,,,,1000.0,SUR,,,,,RUB
EQOB,2013-04-04,Лукойл4обл,RU000A0JNYY8,2.0,18122750.7,100.51,100.52,100.52,100.52,24.13,100.52,6.68,100.51,18029.0,100.43,100.43,100.43,56500738.7,56448478.7,56500738.7,2013-12-05,239.0,6.68,,,,,,,1000.0,SUR,,,,,
EQNB,2013-04-04,ГАЗПРОМ А9,RU000A0JP203,1.0,30030.0,100.1,100.1,100.1,100.1,9.9,100.1,7.22,100.1,30.0,,100.32,,0.0,130445628.2,0.0,2014-02-12,308.0,7.22,,,,,,,1000.0,SUR,,,,,
EQOB,2013-04-04,РСХБ 3,RU000A0JP2G4,6.0,18128.8,100.0,102.5,101.35,101.35,12.42,100.72,7.73,102.5,18.0,101.38,101.42,101.38,7878296.3,3722946.3,7878296.3,2017-02-09,307.0,8.52,,,,,,,1000.0,SUR,,,,,RUR
EQOB,2013-04-04,Мос.обл.7в,RU000A0JP6R2,2.0,10000.5,100.0,100.01,100.01,100.01,37.04,100.01,8.14,100.0,10.0,100.44,100.44,100.44,8172103.0,7632794.4,8172103.0,2014-04-16,356.0,8.14,,,,,,,1000.0,SUR,,,,,
EQNO,2013-04-04,ИКС5Фин 01,RU000A0JPBN4,10.0,45028250.0,98.8,99.0,99.0,99.0,20.26,98.96,8.99,98.8,45500.0,98.96,98.96,98.96,45028250.0,45028250.0,45028250.0,2014-07-01,432.0,9.03,,,,,,,1000.0,SUR,,,,,
EQOB,2013-04-04,СОЛЛЕРС2,RU000A0JPCB7,3.0,1934932.4,101.14,101.15,101.15,101.15,26.71,101.15,8.39,101.14,1913.0,101.04,101.0,101.04,17580216.7,5108588.4,17580216.7,2013-07-17,104.0,8.39,,,,,,,1000.0,SUR,,,,,
EQOB,2013-04-04,ХКФ Банк-5,RU000A0JPQE1,1.0,5003500.0,100.07,100.07,100.07,100.07,18.16,100.07,6.62,100.07,5000.0,,100.1,,0.0,58485149.2,0.0,2013-04-17,13.0,6.62,,,,,,,1000.0,SUR,,,,,
EQNO,2013-04-04,ЛипецкОбл6,RU000A0JPTB1,3.0,3266111.2,100.16,100.28,100.28,100.28,7.38,100.28,7.31,100.16,13028.0,,100.32,,0.0,8122774.45,0.0,2013-06-05,62.0,7.31,,,,,,,250.0,SUR,,,,,
EQNB,2013-04-04,Мос.обл.8в,RU000A0JPTP1,3.0,681537.78,100.11,100.3,100.3,100.3,7.03,100.3,7.37,100.11,2718.0,100.27,100.28,100.27,2118622.46,1012091.13,2118622.46,2013-06-11,68.0,7.37,,,,,,,250.0,SUR,,,,,
EQOB,2013-04-04,Промсвб-06,RU000A0JPTU1,5.0,991989.8,100.04,100.1,100.1,100.1,24.41,100.1,7.8,100.04,991.0,100.06,100.09,100.06,5844758.6,3694468.6,5844758.6,2013-06-17,74.0,7.8,,,,,,,1000.0,SUR,,,,,
EQNB,2013-04-04,КалужОбл-4,RU000A0JPVB7,3.0,140918.4,100.8,100.8,100.8,100.8,0.43,100.8,6.49,100.8,699.0,100.19,100.19,100.19,826391.46,826190.18,826391.46,2013-06-26,83.0,6.49,,,,,,,200.0,SUR,,,,,
EQNB,2013-04-04,НижЛенИнв3,RU000A0JPWJ8,4.0,100000.0,100.0,100.0,100.0,100.0,15.15,100.0,14.26,100.0,200.0,99.98,99.98,99.98,933352.6,813314.6,933352.6,2013-07-16,103.0,14.26,,,,,,,500.0,SUR,,,,,
EQDB,2013-04-04,ПромТр03об,RU000A0JPWU5,1.0,930.0,93.0,93.0,93.0,93.0,21.88,93.0,40.73,93.0,1.0,,93.96,,0.0,1251482.0,0.0,2013-07-24,111.0,40.73,,,,,,,1000.0,SUR,,,,,
EQNO,2013-04-04,ВК-Инвест1,RU000A0JPX45,3.0,2750042.5,100.55,100.55,100.55,100.55,19.26,100.55,7.36,100.55,2735.0,100.58,100.58,100.58,29959804.5,29958798.5,29959804.5,2013-07-19,106.0,7.36,,,,,,,1000.0,SUR,,,,,
EQNB,2013-04-04,МОЭК-01,RU000A0JPXE7,2.0,512117.5,99.44,99.45,99.45,99.44,12.18,99.44,8.43,99.44,515.0,99.35,99.35,99.35,497399476.5,265893200.5,497399476.5,2013-07-25,111.0,8.46,,,,,,,1000.0,SUR,,,,,
EQOB,2013-04-04,МГор53-об,RU000A0JPXV1,1.0,255382.5,100.15,100.15,100.15,100.15,6.52,100.15,6.71,100.15,255.0,,100.02,,0.0,74475390.7,0.0,2013-09-01,150.0,6.71,,,,,,,1000.0,SUR,,,,,
EQOB,2013-04-04,МГор56-об,RU000A0JPZ50,2.0,2515395.5,99.07,99.15,99.15,99.15,2.49,99.15,7.41,99.07,2537.0,,99.2,,0.0,108192024.4,0.0,2016-09-22,1143.0,7.41,,,,,,,1000.0,SUR,,,,,RUR
EQOB,2013-04-04,АК БАРС-04,RU000A0JPZZ7,3.0,50117045.9,100.15,104.44,100.15,102.3,41.92,100.23,8.88,100.23,50002.0,100.21,100.23,100.21,101784257.6,85462827.6,101784257.6,2013-10-15,186.0,8.72,,,,,,,1000.0,SUR,,,,,
EQNO,2013-04-04,РЖД-11обл,RU000A0JQ177,2.0,20135000.0,100.6,100.75,100.75,100.75,28.64,100.68,7.61,100.6,20000.0,100.41,100.45,100.41,131539385.2,72426966.2,131539385.2,2015-11-18,861.0,7.64,,,,,,,1000.0,SUR,,,,,
EQNB,2013-04-04,РСХБ 5,RU000A0JQ1H3,4.0,7670342.0,100.75,100.85,100.8,100.8,29.01,100.77,7.61,100.85,7612.0,100.77,100.76,100.77,8777706.4,8142628.0,8777706.4,2018-11-27,235.0,7.66,,,,,,,1000.0,SUR,,,,,RUB
EQNB,2013-04-04,КубНива 01,RU000A0JQ4A2,2.0,1277108.0,101.2,101.6,101.6,101.6,17.84,101.6,13.92,101.2,1257.0,,101.07,,0.0,14009868.0,0.0,2014-02-20,309.0,13.92,,,,,,,1000.0,SUR,,,,,
EQNB,2013-04-04,МТС-Банк04,RU000A0JQ4D6,14.0,30233000.0,100.77,100.79,100.77,100.77,9.11,100.78,8.76,100.79,30000.0,100.78,100.78,100.78,30233000.0,30233000.0,30233000.0,2014-02-27,321.0,8.75,,,,,,,1000.0,SUR,,,,,
EQNO,2013-04-04,Ротор 03,RU000A0JQ4E4,1.0,62255.0,124.51,124.51,124.51,124.51,67.81,124.51,-70.55,124.51,5.0,124.46,124.47,124.46,696951.0,622335.0,696951.0,2014-03-04,61.0,-70.55,,,,,,,10000.0,SUR,,,,,
EQNO,2013-04-04,РЖД-10обл,RU000A0JQ4F1,2.0,13391780.0,107.0,107.1,107.1,107.1,11.51,107.1,7.01,107.0,12504.0,107.06,107.04,107.06,38544063.9,27874871.6,38544063.9,2014-03-06,324.0,7.01,,,,,,,1000.0,SUR,,,,,
EQNO,2013-04-04,Газпрнефт4,RU000A0JQ557,4.0,100915000.0,100.9,100.93,100.93,100.92,38.19,100.92,8.13,100.9,100000.0,100.85,100.92,100.85,289498353.0,101648297.4,289498353.0,2019-04-09,1484.0,8.13,,,,,,,1000.0,SUR,,,,,RUB
EQOB,2013-04-04,МГор61-об,RU000A0JQ5K8,5.0,45853662.4,101.59,101.59,101.59,101.59,13.15,101.59,5.29,101.59,45136.0,101.61,101.61,101.61,78658310.7,71540642.0,78658310.7,2013-06-03,60.0,5.29,,,,,,,1000.0,SUR,,,,,
EQOB,2013-04-04,МГор62-об,RU000A0JQ5L6,2.0,6151180.0,106.0,106.0,106.0,106.0,9.62,106.0,6.98,106.0,5803.0,105.95,105.99,105.95,30773160.0,6679623.0,30773160.0,2014-06-08,404.0,6.98,,,,,,,1000.0,SUR,,,,,
EQNO,2013-04-04,РЖД-12обл,RU000A0JQ5Q5,14.0,139915199.5,101.94,102.75,102.7,102.7,30.79,102.64,7.72,102.7,136311.0,102.64,102.64,102.64,139915199.5,139915199.5,139915199.5,2019-05-16,1136.0,7.74,,,,,,,1000.0,SUR,,,,,RUB
EQNO,2013-04-04,РЖД-16 обл,RU000A0JQ656,4.0,28768608.0,100.8,101.0,101.0,101.0,24.89,100.9,7.68,100.8,28512.0,100.72,100.72,100.72,238184328.0,233149328.0,238184328.0,2017-06-05,1024.0,7.71,,,,,,,1000.0,SUR,,,,,RUR
EQOB,2013-04-04,ХКФ Банк-6,RU000A0JQ6A7,1.0,1494060.0,100.95,100.95,100.95,100.95,5.89,100.95,8.77,100.95,1480.0,100.89,100.93,100.89,5471343.5,2544429.0,5471343.5,2014-06-10,412.0,8.77,,,,,,,1000.0,SUR,,,,,
EQNO,2013-04-04,РЖД-15 обл,RU000A0JQ6S9,18.0,112753691.2,99.76,101.7,101.6,101.6,22.55,101.63,7.72,99.76,110942.0,101.63,101.63,101.63,112751696.0,112751696.0,112751696.0,2016-06-20,1035.0,7.71,,,,,,,1000.0,SUR,,,,,RUR
EQOB,2013-04-04,ГазпромА11,RU000A0JQ6T7,7.0,70059106.0,107.75,108.03,108.03,108.03,37.67,107.75,6.88,107.75,65020.0,107.8,107.79,107.8,85776401.3,85560001.3,85776401.3,2014-06-24,413.0,7.12,,,,,,,1000.0,SUR,,,,,
EQNO,2013-04-04,РЖД-19 обл,RU000A0JQ7Z2,7.0,36938740.5,101.75,101.95,101.95,101.94,16.3,101.85,7.84,101.75,36268.0,101.79,101.79,101.79,58803740.5,58447440.5,58803740.5,2024-07-08,1584.0,7.86,,,,,,,1000.0,SUR,,,,,RUB
EQOB,2013-04-04,МТС 05,RU000A0JQ8Q9,2.0,2013.8,100.69,100.69,100.69,100.69,60.89,100.69,8.48,100.69,2.0,,100.62,,0.0,44444405.5,0.0,2016-07-19,1037.0,8.48,,,,,,,1000.0,SUR,,,,,RUR
EQOB,2013-04-04,СамарОбл 6,RU000A0JQ9T1,1.0,1512.45,100.83,100.83,100.83,100.83,16.95,100.83,6.58,100.83,2.0,,100.94,,0.0,15658634.18,0.0,2013-05-10,36.0,6.58,,,,,,,750.0,SUR,,,,,
EQOB,2013-04-04,АИЖК 12об,RU000A0JQAF0,12.0,62147574.0,101.7,102.4,101.8,101.95,32.4,101.8,1.55,102.25,61051.0,101.8,101.8,101.8,62147574.0,62147574.0,62147574.0,2013-12-15,72.0,1.55,,,,,,,1000.0,SUR,,,,,
EQOB,2013-04-04,РГС Банк-3,RU000A0JQAK0,2.0,4501500.0,100.0,100.1,100.1,100.1,9.83,100.03,10.41,100.0,4500.0,100.0,100.0,100.0,91052500.0,76220500.0,91052500.0,2014-08-31,488.0,10.47,,,,,,,1000.0,SUR,,,,,
EQNO,2013-04-04,Транснф 03,RU000A0JQCR1,4.0,1433867.6,106.28,106.46,106.46,106.37,54.14,106.37,-2.8,106.28,1348.0,106.37,106.37,106.37,3269813.8,3269813.8,3269813.8,2019-09-18,174.0,-2.63,,,,,,,1000.0,SUR,,,,,RUB
EQNO,2013-04-04,Сибметин01,RU000A0JQFU8,1.0,481362979.6,106.66,106.66,106.66,106.66,62.14,106.66,8.95,106.66,451306.0,106.51,106.51,106.51,2197480210.7,2080355864.2,2197480210.7,2019-10-10,497.0,8.95,,,,,,,1000.0,SUR,,,,,
EQNO,2013-04-04,Сибметин02,RU000A0JQFZ7,3.0,480605289.4,106.66,107.11,107.11,107.02,62.14,106.66,8.64,106.66,450595.0,106.51,106.66,106.51,2078273323.7,480714254.2,2078273323.7,2019-10-10,497.0,8.95,,,,,,,1000.0,SUR,,,,,
EQNO,2013-04-04,Трансаэро1,RU000A0JQG94,34.0,12180061.6,100.26,100.4,100.39,100.39,55.48,100.4,12.06,100.26,12132.0,100.4,100.4,100.4,12180061.6,12180061.6,12180061.6,2013-10-23,191.0,12.04,,,,,,,1000.0,SUR,,,,,
EQNB,2013-04-04,ТехнЛизИ01,RU000A0JQGU6,1.0,5002.5,100.05,100.05,100.05,100.05,37.26,100.05,8.64,100.05,5.0,,100.0,,0.0,14071015.0,0.0,2014-10-24,525.0,8.64,,,,,,,1000.0,SUR,,,,,
EQNB,2013-04-04,А-ИнжИнв 1,RU000A0JQGW2,1.0,1000.2,100.02,100.02,100.02,100.02,35.86,100.02,8.66,100.02,1.0,,100.0,,0.0,23131010.1,0.0,2014-10-30,531.0,8.66,,,,,,,1000.0,SUR,,,,,
EQOB,2013-04-04,МГор64-об,RU000A0JQHJ7,1.0,5615.0,112.3,112.3,112.3,112.3,49.51,112.3,7.14,112.3,5.0,,112.84,,0.0,1602397.6,0.0,2015-11-16,816.0,7.14,,,,,,,1000.0,SUR,,,,,
EQOB,2013-04-04,РСХБ 8,RU000A0JQK64,1.0,3024000.0,100.8,100.8,100.8,100.8,30.61,100.8,7.78,100.8,3000.0,,100.71,,0.0,42423132.3,0.0,2019-11-14,391.0,7.78,,,,,,,1000.0,SUR,,,,,RUB
EQOB,2013-04-04,РСХБ 9,RU000A0JQK72,1.0,146015.0,100.7,100.7,100.7,100.7,30.61,100.7,7.88,100.7,145.0,,100.69,,0.0,523605.9,0.0,2019-11-14,391.0,7.88,,,,,,,1000.0,SUR,,,,,RUB
EQOB,2013-04-04,Акрон 03,RU000A0JQK80,1.0,1750241.0,101.17,101.17,101.17,101.17,36.16,101.17,8.04,101.17,1730.0,101.23,101.19,101.23,4804535.7,2168477.6,4804535.7,2013-11-20,222.0,8.04,,,,,,,1000.0,SUR,,,,,
EQNO,2013-04-04,Система-03,RU000A0JQL30,4.0,533991011.0,100.7,101.1,100.75,100.75,30.21,100.75,8.68,101.1,530001.0,100.78,100.76,100.78,714306340.0,607970696.0,714306340.0,2016-11-24,1135.0,8.68,,,,,,,1000.0,SUR,,,,,RUR
EQNB,2013-04-04,ВТБ24 1-ИП,RU000A0JQMG3,1.0,1541506.5,100.95,100.95,100.95,100.95,5.21,100.95,8.29,100.95,1527.0,,100.87,,0.0,8615004.3,0.0,2014-12-10,576.0,8.29,,,,,,,1000.0,SUR,,,,,
EQNB,2013-04-04,ХМАО-Югры8,RU000A0JQP51,2.0,2572293.0,102.85,104.3,104.3,102.85,31.07,102.85,4.6,102.85,2501.0,,103.08,,0.0,32105027.5,0.0,2013-12-19,250.0,6.7,,,,,,,1000.0,SUR,,,,,
EQNO,2013-04-04,ДельФин01,RU000A0JQPD3,1.0,47000000.0,100.0,100.0,100.0,100.0,23.51,100.0,8.15,100.0,47000.0,100.19,100.19,100.19,131819371.0,131819371.0,131819371.0,2015-12-18,260.0,8.15,,,,,,,1000.0,SUR,,,,,
EQOB,2013-04-04,РСХБ 10,RU000A0JQS09,2.0,5080300.0,100.75,100.8,100.75,100.8,12.81,100.8,7.9,100.8,5040.0,,100.62,,0.0,39019811.8,0.0,2020-01-29,629.0,7.86,,,,,,,1000.0,SUR,,,,,RUB
EQOB,2013-04-04,РСХБ 11,RU000A0JQS74,4.0,58973664.0,100.7,100.85,100.8,100.8,12.58,100.81,7.87,100.84,58502.0,100.83,100.83,100.83,151149917.7,151145857.7,151149917.7,2020-01-30,630.0,7.86,,,,,,,1000.0,SUR,,,,,RUB
EQNO,2013-04-04,АВАНГАРД-3,RU000A0JQSV9,2.0,52109.2,100.21,100.21,100.21,100.21,37.0,100.21,7.07,100.21,52.0,100.18,100.16,100.18,24203524.2,4692439.2,24203524.2,2013-05-10,36.0,7.07,,,,,,,1000.0,SUR,,,,,
EQNO,2013-04-04,ВТБ24 06,RU000A0JQUV5,3.0,7161630.5,100.3,100.45,100.35,100.35,37.97,100.32,8.04,100.3,7139.0,100.3,100.33,100.3,42935457.6,16553473.4,42935457.6,2014-04-17,357.0,8.07,,,,,,,1000.0,SUR,,,,,
EQOB,2013-04-04,СоллерсБО2,RU000A0JQUW3,4.0,75095.6,100.02,100.15,100.02,100.03,39.28,100.13,8.99,100.15,75.0,100.15,100.15,100.15,829235.6,829235.6,829235.6,2013-05-01,27.0,7.44,,,,,,,1000.0,SUR,,,,,
EQNB,2013-04-04,РБК 01,RU000A0JQVB5,4.0,173936.04,79.4,79.45,79.45,79.44,0.0,79.44,,79.4,218956.0,,77.18,,0.0,804091.38,0.0,2015-04-23,749.0,0.0,,,,,,,1.0,SUR,,,,,
EQNB,2013-04-04,РБК 04,RU000A0JQVD1,5.0,96000.0,47.0,49.0,49.0,49.0,0.0,48.0,,47.0,200000.0,,50.16,,0.0,501987.12,0.0,2018-04-19,1841.0,0.0,,,,,,,1.0,SUR,,,,,RUB
EQNO,2013-04-04,АЛРОСА 20,RU000A0JQVK6,1.0,1020.0,102.0,102.0,102.0,102.0,2.21,102.0,8.2,102.0,1.0,101.9,101.9,101.9,136210640.4,136208615.4,136210640.4,2015-06-23,743.0,8.2,,,,,,,1000.0,SUR,,,,,
EQOB,2013-04-04,ЯрОбл-09,RU000A0JQVS9,1.0,1302.08,100.16,100.16,100.16,100.16,6.98,100.16,6.72,100.16,2.0,100.16,100.16,100.16,34835386.43,26078898.43,34835386.43,2013-05-16,42.0,6.72,,,,,,,650.0,SUR,,,,,
EQOB,2013-04-04,ТрансКонт2,RU000A0JQWJ6,1.0,202400.0,101.2,101.2,101.2,101.2,28.69,101.2,8.02,101.2,200.0,,100.94,,0.0,4772231.0,0.0,2015-06-04,482.0,8.02,,,,,,,1000.0,SUR,,,,,
EQOB,2013-04-04,ОГК-5 БО15,RU000A0JQWY5,12.0,55303758.0,100.15,100.25,100.25,100.25,24.92,100.25,7.29,100.25,55166.0,100.25,100.25,100.25,55303758.0,55303758.0,55303758.0,2013-06-18,75.0,7.29,,,,,,,1000.0,SUR,,,,,
EQNO,2013-04-04,СИТРОН.БО1,RU000A0JQWZ2,2.0,5007.5,100.15,100.15,100.15,100.15,35.18,100.15,11.35,100.15,5.0,,100.05,,0.0,10308391.0,0.0,2013-06-18,75.0,11.35,,,,,,,1000.0,SUR,,,,,
EQNB,2013-04-04,АЛРОСА 21,RU000A0JQX02,3.0,7613012.5,100.3,100.35,100.35,100.35,3.16,100.32,6.83,100.3,7589.0,100.31,100.31,100.31,91269097.8,91250044.6,91269097.8,2015-06-18,82.0,6.97,,,,,,,1000.0,SUR,,,,,
EQNB,2013-04-04,АЛРОСА 23,RU000A0JQX10,3.0,11211.0,101.89,102.2,101.89,101.89,3.43,101.92,8.25,102.2,11.0,101.86,101.96,101.86,515539925.0,122370273.8,515539925.0,2015-06-18,738.0,8.23,,,,,,,1000.0,SUR,,,,,
EQOB,2013-04-04,РГС Банк-4,RU000A0JQX36,1.0,4995000.0,99.9,99.9,99.9,99.9,22.77,99.9,9.28,99.9,5000.0,99.89,99.89,99.89,16794319.3,16793319.7,16794319.3,2015-07-03,88.0,9.28,,,,,,,1000.0,SUR,,,,,
EQNB,2013-04-04,ТомскАдм 3,RU000A0JQX85,1.0,703.99,100.57,100.57,100.57,100.57,1.94,100.57,9.32,100.57,1.0,100.97,101.0,100.97,8750383.74,7180073.74,8750383.74,2014-06-23,277.0,9.32,,,,,,,700.0,SUR,,,,,
EQNB,2013-04-04,СУЭК-Фин01,RU000A0JQXR7,5.0,60094642.4,100.36,100.48,100.48,100.43,23.05,100.36,7.44,100.36,59879.0,100.36,100.36,100.36,60646473.6,60606337.6,60646473.6,2020-06-26,92.0,7.94,,,,,,,1000.0,SUR,,,,,RUB
EQOB,2013-04-04,Краснодар1,RU000A0JQXT3,2.0,4558657.5,100.3,100.35,100.3,100.3,19.28,100.3,7.31,100.35,5050.0,,100.32,,0.0,21574788.84,0.0,2013-07-03,90.0,7.31,,,,,,,900.0,SUR,,,,,
EQNO,2013-04-04,РосбанкБО2,RU000A0JQXU1,2.0,380570.0,100.15,100.15,100.15,100.15,18.85,100.15,7.47,100.15,380.0,,100.22,,0.0,14286671.3,0.0,2013-07-08,95.0,7.47,,,,,,,1000.0,SUR,,,,,
EQNO,2013-04-04,ПрофМедиа1,RU000A0JQY92,4.0,257664.6,99.78,99.96,99.96,99.87,22.15,99.87,10.81,99.78,258.0,99.87,99.87,99.87,778986.0,557274.6,778986.0,2015-07-16,105.0,11.15,,,,,,,1000.0,SUR,,,,,
EQNO,2013-04-04,ГлобэксБО2,RU000A0JQYB9,5.0,23649238.5,100.56,100.59,100.59,100.59,19.53,100.57,7.94,100.57,23515.0,100.53,100.53,100.53,72803387.3,53801256.5,72803387.3,2013-07-22,109.0,8.01,,,,,,,1000.0,SUR,,,,,
EQNB,2013-04-04,Сахатрнфг2,RU000A0JQYG8,4.0,2058099.8,100.22,100.8,100.26,100.26,23.06,100.79,11.51,100.8,2042.0,100.61,100.71,100.61,4032557.4,2551916.9,4032557.4,2013-07-26,113.0,9.66,,,,,,,1000.0,SUR,,,,,
EQOB,2013-04-04,ТКСБанк 02,RU000A0JQYH6,4.0,69122.5,102.15,103.25,103.25,103.25,37.26,103.17,9.34,102.15,67.0,103.35,103.39,103.35,5330883.6,4002056.1,5330883.6,2013-07-28,115.0,9.6,,,,,,,1000.0,SUR,,,,,
EQOB,2013-04-04,ЛОКОБанк 5,RU000A0JQYJ2,1.0,14565250.0,100.45,100.45,100.45,100.45,19.37,100.45,8.68,100.45,14500.0,,100.42,,0.0,39075265.9,0.0,2015-07-23,112.0,8.68,,,,,,,1000.0,SUR,,,,,
EQNO,2013-04-04,КопейкаБО1,RU000A0JQYL8,4.0,3454136.5,99.6,99.61,99.6,99.6,13.81,99.6,8.61,99.6,3468.0,99.5,99.53,99.5,4979076.9,4801246.9,4979076.9,2013-07-23,108.0,8.61,,,,,,,1000.0,SUR,,,,,
EQNO,2013-04-04,НефГазХол3,RU000A0JQYU9,2.0,60180.0,100.3,100.3,100.3,100.3,17.36,100.3,8.9,100.3,60.0,100.25,100.25,100.25,20142271.4,20142271.4,20142271.4,2020-07-21,117.0,8.9,,,,,,,1000.0,SUR,,,,,RUB
EQOB,2013-04-04,НорНик БО3,RU000A0JQYY1,1.0,5005000.0,100.1,100.1,100.1,100.1,12.47,100.1,6.75,100.1,5000.0,100.09,100.09,100.09,166288175.2,146164345.2,166288175.2,2013-07-30,117.0,6.75,,,,,,,1000.0,SUR,,,,,
EQNO,2013-04-04,Атомэнпр06,RU000A0JQZ59,2.0,9954996.0,99.54,99.6,99.6,99.6,47.67,99.54,7.77,99.54,10001.0,99.41,99.41,99.41,116318294.0,116318294.0,116318294.0,2014-08-15,472.0,7.82,,,,,,,1000.0,SUR,,,,,
EQNO,2013-04-04,РТК-ЛизБО1,RU000A0JQZ83,9.0,4584254.2,100.1,100.16,100.1,100.1,4.77,100.11,11.91,100.16,18317.0,100.12,100.11,100.12,4756230.0,4584504.35,4756230.0,2013-08-06,124.0,11.88,,,,,,,250.0,SUR,,,,,
EQNO,2013-04-04,ТПлюс 03,RU000A0JQZB6,2.0,1994.4,99.63,99.81,99.81,99.72,11.54,99.72,8.79,99.63,2.0,,99.61,,0.0,534897.2,0.0,2017-08-07,130.0,9.06,,,,,,,1000.0,SUR,,,,,RUR
EQOB,2013-04-04,ОткрФКБ12,RU000A0JQZT8,3.0,61034992.5,100.05,100.15,100.15,100.12,9.32,100.06,8.23,100.05,61000.0,100.1,100.1,100.1,115707582.3,111507582.3,115707582.3,2017-08-28,143.0,8.47,,,,,,,1000.0,SUR,,,,,RUR
EQOB,2013-04-04,ЕАБР02,RU000A0JR043,1.0,5078500.0,101.57,101.57,101.57,101.57,8.15,101.57,7.82,101.57,5000.0,,101.23,,0.0,52191740.0,0.0,2019-02-21,643.0,7.82,,,,,,,1000.0,SUR,,,,,RUB
EQNO,2013-04-04,ТПлюс 02,RU000A0JR0E1,3.0,40468410.0,99.49,99.6,99.6,99.6,7.96,99.49,9.51,99.49,40675.0,,99.49,,0.0,96212402.4,0.0,2017-08-24,147.0,9.81,,,,,,,1000.0,SUR,,,,,RUR
EQOB,2013-04-04,Мечел 14об,RU000A0JR0J0,4.0,142422.7,88.45,88.48,88.48,88.46,8.22,88.46,16.56,88.45,161.0,88.5,88.49,88.5,1045148.6,845999.7,1045148.6,2020-02-25,791.0,16.57,,,,,,,1000.0,SUR,,,,,RUB
EQOB,2013-04-04,Мечел 13об,RU000A0JR0K8,1.0,884.3,88.43,88.43,88.43,88.43,8.22,88.43,16.59,88.43,1.0,88.91,88.93,88.91,717467.5,552266.0,717467.5,2020-02-25,791.0,16.59,,,,,,,1000.0,SUR,,,,,RUB
EQOB,2013-04-04,ЮнКрБанк-5,RU000A0JR0R3,1.0,30030000.0,100.1,100.1,100.1,100.1,6.16,100.1,7.36,100.1,30000.0,,100.15,,0.0,261503950.8,0.0,2015-09-01,152.0,7.36,,,,,,,1000.0,SUR,,,,,
EQNO,2013-04-04,ИРКУТ БО-1,RU000A0JR0Z6,1.0,185925.0,100.5,100.5,100.5,100.5,5.83,100.5,8.2,100.5,185.0,,100.39,,0.0,21887365.4,0.0,2013-09-10,159.0,8.2,,,,,,,1000.0,SUR,,,,,
EQOB,2013-04-04,МагнитБО-1,RU000A0JR118,2.0,7842150.0,96.1,100.15,100.15,100.15,5.42,98.13,8.03,96.1,7992.0,,98.92,,0.0,13471013.0,0.0,2013-09-09,158.0,13.2,,,,,,,1000.0,SUR,,,,,
EQOB,2013-04-04,МагнитБО-3,RU000A0JR142,2.0,622117.9,100.18,100.19,100.19,100.19,5.42,100.18,7.93,100.18,621.0,,100.19,,0.0,31235376.4,0.0,2013-09-09,158.0,7.95,,,,,,,1000.0,SUR,,,,,
EQOB,2013-04-04,МагнитБО-4,RU000A0JR159,3.0,10020001.8,100.18,100.19,100.18,100.18,5.42,100.19,7.95,100.19,10001.0,100.15,100.17,100.15,196861440.1,193629962.8,196861440.1,2013-09-09,158.0,7.93,,,,,,,1000.0,SUR,,,,,
EQOB,2013-04-04,ЛСР БО-2,RU000A0JR1B5,4.0,1007008.1,100.35,100.5,100.5,100.5,6.3,100.5,8.97,100.35,1002.0,100.41,100.49,100.41,1682872.4,1079303.7,1682872.4,2013-09-10,159.0,8.97,,,,,,,1000.0,SUR,,,,,
EQNO,2013-04-04,ТГК-2 БО-1,RU000A0JR1F6,36.0,1404187.8,88.2,89.0,88.49,88.5,3.95,88.59,42.7,88.9,1585.0,88.59,88.59,88.59,1404187.8,1404187.8,1404187.8,,166.0,42.35,,,,,,,1000.0,SUR,,,,,
EQNB,2013-04-04,Русфинанс9,RU000A0JR1H2,6.0,90487000.0,100.5,100.6,100.5,100.52,4.05,100.54,8.26,100.6,90000.0,100.55,100.55,100.55,110619060.5,110608000.0,110619060.5,2015-09-15,166.0,8.16,,,,,,,1000.0,SUR,,,,,
EQNB,2013-04-04,СПб-Б БО-2,RU000A0JR1P5,1.0,1003.0,100.3,100.3,100.3,100.3,2.47,100.3,8.5,100.3,1.0,100.33,100.33,100.33,5396543.0,5396543.0,5396543.0,2013-09-23,172.0,8.5,,,,,,,1000.0,SUR,,,,,
EQOB,2013-04-04,ТатнфтБО-1,RU000A0JR1T7,5.0,610425592.9,99.93,100.0,100.0,99.98,2.58,99.97,7.37,99.98,610583.0,99.97,99.97,99.97,612553878.9,612354078.9,612553878.9,2013-09-20,169.0,7.44,,,,,,,1000.0,SUR,,,,,
EQOB,2013-04-04,КраснодКр3,RU000A0JR225,1.0,50400.0,100.8,100.8,100.8,100.8,1.76,100.8,7.31,100.8,50.0,100.33,100.31,100.33,112239767.6,101904410.5,112239767.6,2014-09-27,348.0,7.31,,,,,,,1000.0,SUR,,,,,
EQNO,2013-04-04,КопейкаБО2,RU000A0JR2D9,4.0,77931.0,99.87,99.95,99.95,99.92,0.49,99.91,9.42,99.87,78.0,99.94,99.92,99.94,4733104.6,1734604.6,4733104.6,2013-10-01,178.0,9.51,,,,,,,1000.0,SUR,,,,,
EQNB,2013-04-04,Технопром1,RU000A0JR2E7,1.0,5001.5,100.03,100.03,100.03,100.03,0.23,100.03,8.61,100.03,5.0,,100.0,,0.0,24580013.3,0.0,2016-09-28,181.0,8.61,,,,,,,1000.0,SUR,,,,,RUR
EQOB,2013-04-04,НижгорОбл6,RU000A0JR2H0,1.0,37098048.0,100.2,100.2,100.2,100.2,0.0,100.2,8.09,100.2,37024.0,,100.19,,0.0,111116450.0,0.0,2015-10-07,518.0,8.09,,,,,,,1000.0,SUR,,,,,
EQNO,2013-04-04,ВК-Инвест7,RU000A0JR381,1.0,1197600.0,99.8,99.8,99.8,99.8,38.66,99.8,8.56,99.8,1200.0,99.9,99.9,99.9,136249037.0,93835492.0,136249037.0,2015-10-13,819.0,8.56,,,,,,,1000.0,SUR,,,,,
EQNO,2013-04-04,ВЭБ.РФ 08,RU000A0JR3G0,3.0,4995496.6,99.85,99.9,99.85,99.85,30.81,99.85,7.3,99.9,5003.0,99.86,99.86,99.86,10576608.0,9077109.9,10576608.0,2020-10-13,195.0,7.3,,,,,,,1000.0,SUR,,,,,RUB
EQNO,2013-04-04,ЕврХолдФ 2,RU000A0JR3P1,6.0,110410600.0,102.2,102.4,102.4,102.4,42.8,102.33,9.07,102.3,107900.0,102.35,102.35,102.35,128858975.2,127824952.0,128858975.2,2020-10-19,816.0,9.1,,,,,,,1000.0,SUR,,,,,
EQNB,2013-04-04,РосселхБО6,RU000A0JR3V9,4.0,151925568.7,100.15,100.53,100.44,100.44,35.05,100.53,7.52,100.15,151126.0,100.52,100.53,100.52,163754402.7,153713402.7,163754402.7,2013-10-29,201.0,7.35,,,,,,,1000.0,SUR,,,,,
EQOB,2013-04-04,УрлсбЛКБО3,RU000A0JR3W7,5.0,5066224.56,100.2,100.3,100.25,100.25,4.23,100.23,8.98,100.2,20195.0,100.15,100.15,100.15,15314883.21,15314883.21,15314883.21,2013-10-29,114.0,9.05,,,,,,,250.3,SUR,,,,,
EQNO,2013-04-04,Росгосстр2,RU000A0JR472,1.0,5560500.0,101.1,101.1,101.1,101.1,42.29,101.1,8.72,101.1,5500.0,100.98,100.98,100.98,679784503.9,671096047.0,679784503.9,2017-11-02,208.0,8.72,,,,,,,1000.0,SUR,,,,,RUR
EQNO,2013-04-04,РВКФинанс3,RU000A0JR498,4.0,570083.8,99.61,99.72,99.72,99.67,35.26,99.67,9.68,99.61,572.0,99.53,99.61,99.53,1228257.5,729169.1,1228257.5,2015-11-09,213.0,9.77,,,,,,,1000.0,SUR,,,,,
EQOB,2013-04-04,МТС 07,RU000A0JR4H6,1.0,2020.2,101.01,101.01,101.01,101.01,33.85,101.01,8.6,101.01,2.0,101.44,101.47,101.44,200286781.8,146566079.2,200286781.8,2017-11-07,1375.0,8.6,,,,,,,1000.0,SUR,,,,,RUR
EQNB,2013-04-04,Русфинан11,RU000A0JR4K0,3.0,5983083.4,99.7,99.72,99.72,99.72,30.52,99.72,8.53,99.7,6000.0,99.61,99.61,99.61,137277786.0,137277786.0,137277786.0,2015-11-11,216.0,8.53,,,,,,,1000.0,SUR,,,,,
EQNO,2013-04-04,Райфб-БО7,RU000A0JR563,2.0,2004.6,100.22,100.24,100.24,100.24,26.1,100.23,7.22,100.22,2.0,,100.22,,0.0,37985636.4,0.0,2013-11-27,230.0,7.24,,,,,,,1000.0,SUR,,,,,
EQOB,2013-04-04,ВнешпрБО-1,RU000A0JR597,6.0,10065505.5,100.1,100.65,100.65,100.65,40.24,100.63,10.93,100.1,10002.0,100.47,100.49,100.47,42223006.4,27940891.4,42223006.4,2013-11-30,230.0,10.96,,,,,,,1000.0,SUR,,,,,
EQNB,2013-04-04,ТКСБанкБО2,RU000A0JR5A8,10.0,656243.0,103.6,103.75,103.75,103.75,57.86,103.67,10.55,103.6,633.0,103.67,103.67,103.67,656243.0,656243.0,656243.0,2013-11-26,223.0,10.68,,,,,,,1000.0,SUR,,,,,
EQNB,2013-04-04,ТКСБанкБО6,RU000A0JR5B6,4.0,218201.2,100.8,101.15,101.01,101.01,30.08,101.02,10.28,100.8,216.0,101.13,101.13,101.13,4971714.7,4971714.7,4971714.7,2015-07-14,103.0,10.25,,,,,,,1000.0,SUR,,,,,
EQOB,2013-04-04,РязОбл 01,RU000A0JR5G5,2.0,8470032.9,100.05,100.05,100.05,100.05,20.06,100.05,8.29,100.05,12094.0,,100.07,,0.0,56784384.58,0.0,2014-11-27,419.0,8.29,,,,,,,700.0,SUR,,,,,
EQNO,2013-04-04,КрЕврБ-06,RU000A0JR5K7,1.0,503000.0,100.6,100.6,100.6,100.6,11.45,100.6,8.94,100.6,500.0,,100.36,,0.0,807858.7,0.0,2014-02-18,312.0,8.94,,,,,,,1000.0,SUR,,,,,
EQNO,2013-04-04,ГлобэксБО3,RU000A0JR5Q4,4.0,10037005.5,100.2,100.35,100.35,100.35,28.85,100.35,8.6,100.35,10002.0,100.19,100.2,100.19,114725762.9,98201012.9,114725762.9,2013-12-08,240.0,8.6,,,,,,,1000.0,SUR,,,,,
EQNB,2013-04-04,СПб-Б БО-4,RU000A0JR5T8,1.0,5025.0,100.5,100.5,100.5,100.5,27.62,100.5,8.38,100.5,5.0,,100.11,,0.0,17084063.4,0.0,2013-12-12,244.0,8.38,,,,,,,1000.0,SUR,,,,,
EQNB,2013-04-04,ВодФинанс1,RU000A0JR5V4,3.0,2998895.9,90.0,99.9,99.9,99.9,27.24,99.9,9.03,90.0,3002.0,,99.64,,0.0,8409834.9,0.0,2015-12-09,870.0,9.03,,,,,,,1000.0,SUR,,,,,
EQNB,2013-04-04,ТверОбл 10,RU000A0JR639,2.0,30205587.5,99.9,100.25,100.25,100.25,3.73,99.9,8.65,99.9,30235.0,99.93,99.93,99.93,65228067.5,65144109.5,65228067.5,2015-12-15,781.0,8.82,,,,,,,1000.0,SUR,,,,,
EQOB,2013-04-04,ЮТэйрФБО-3,RU000A0JR6G3,1.0,1015.0,101.5,101.5,101.5,101.5,3.62,101.5,7.46,101.5,1.0,,101.31,,0.0,124215840.1,0.0,2013-12-19,253.0,7.46,,,,,,,1000.0,SUR,,,,,
EQOB,2013-04-04,Волгогр 05,RU000A0JR6K5,1.0,927.0,103.0,103.0,103.0,103.0,3.24,103.0,7.89,103.0,1.0,103.08,103.06,103.08,71866070.64,55991285.64,71866070.64,2015-12-17,645.0,7.89,,,,,,,900.0,SUR,,,,,
EQNO,2013-04-04,АльфаБанк1,RU000A0JR7S6,3.0,16459970.0,100.3,100.35,100.35,100.35,13.11,100.3,7.94,100.3,16410.0,100.29,100.32,100.29,50225967.9,29034122.9,50225967.9,2016-02-02,299.0,8.01,,,,,,,1000.0,SUR,,,,,
EQNO,2013-04-04,АльянсБО1,RU000A0JR7T4,6.0,22762921.1,100.4,100.55,100.51,100.46,14.7,100.53,8.76,100.55,22642.0,100.37,100.51,100.37,57177579.6,26962918.9,57177579.6,2014-02-04,298.0,8.74,,,,,,,1000.0,SUR,,,,,
EQNB,2013-04-04,ПромсвбБО3,RU000A0JR845,8.0,20847575.4,100.2,100.5,100.5,100.5,13.67,100.35,8.11,100.2,20775.0,100.34,100.35,100.34,22720732.9,22255785.0,22720732.9,2014-02-04,299.0,8.3,,,,,,,1000.0,SUR,,,,,
EQNB,2013-04-04,Газпрнефт8,RU000A0JR852,1.0,1024.9,102.49,102.49,102.49,102.49,13.51,102.49,7.64,102.49,1.0,,101.81,,0.0,116647702.4,0.0,2016-02-02,930.0,7.64,,,,,,,1000.0,SUR,,,,,
EQNB,2013-04-04,Газпрнефт9,RU000A0JR860,1.0,1029.1,102.91,102.91,102.91,102.91,13.51,102.91,7.48,102.91,1.0,101.91,101.97,101.91,6628551.1,3573051.1,6628551.1,2021-01-26,935.0,7.48,,,,,,,1000.0,SUR,,,,,
EQOB,2013-04-04,ЛОКОБнкБО1,RU000A0JR894,1.0,5022500.0,100.45,100.45,100.45,100.45,15.19,100.45,9.52,100.45,5000.0,100.41,100.41,100.41,11029770.5,9971078.0,11029770.5,2014-02-06,299.0,9.52,,,,,,,1000.0,SUR,,,,,
EQOB,2013-04-04,МКБ БО-01,RU000A0JR8T2,2.0,12060000.0,100.5,100.5,100.5,100.5,10.67,100.5,9.08,100.5,12000.0,100.42,100.42,100.42,47096781.6,47078659.2,47096781.6,2014-02-22,316.0,9.08,,,,,,,1000.0,SUR,,,,,
EQOB,2013-04-04,НОМОС БО1,RU000A0JR9A0,5.0,82414010.0,100.0,101.0,100.6,100.6,9.72,100.5,8.55,101.0,82002.0,100.42,100.48,100.42,133249975.0,105277095.0,133249975.0,2014-02-24,318.0,8.67,,,,,,,1000.0,SUR,,,,,
EQNO,2013-04-04,НацСтанд01,RU000A0JR9F9,1.0,1000300.0,100.03,100.03,100.03,100.03,6.85,100.03,10.2,100.03,1000.0,,100.01,,0.0,55216669.5,0.0,2014-03-11,332.0,10.2,,,,,,,1000.0,SUR,,,,,
EQOB,2013-04-04,СудострБО1,RU000A0JR9J1,4.0,23993.0,99.9,100.2,99.9,99.94,9.86,99.97,11.64,100.2,24.0,100.9,100.9,100.9,1028204.5,1028204.5,1028204.5,2014-03-03,323.0,11.55,,,,,,,1000.0,SUR,,,,,
EQNO,2013-04-04,РУСАЛБАл07,RU000A0JR9K9,23.0,31505052.5,96.45,96.59,96.5,96.5,7.96,96.5,12.85,96.59,32649.0,96.5,96.5,96.5,31505052.5,31505052.5,31505052.5,2018-02-22,325.0,12.85,,,,,,,1000.0,SUR,,,,,RUB
EQOB,2013-04-04,УрлсбЛКБО1,RU000A0JR9L7,2.0,32311.66,99.85,99.86,99.85,99.85,2.95,99.85,10.15,99.86,97.0,100.16,100.25,100.16,49132123.29,34595021.23,49132123.29,2014-02-28,188.0,10.15,,,,,,,333.6,SUR,,,,,
EQOB,2013-04-04,ММК БО-4,RU000A0JR9M5,2.0,3047300.0,99.8,100.14,100.14,100.14,7.34,99.91,7.61,99.8,3050.0,99.56,99.73,99.56,107800995.2,8250995.2,107800995.2,2014-02-27,322.0,7.89,,,,,,,1000.0,SUR,,,,,
EQOB,2013-04-04,МагнитБО-5,RU000A0JR9N3,1.0,1001.0,100.1,100.1,100.1,100.1,7.45,100.1,8.03,100.1,1.0,100.04,100.04,100.04,12273381.0,12273381.0,12273381.0,2014-02-28,323.0,8.03,,,,,,,1000.0,SUR,,,,,
EQNO,2013-04-04,Система-04,RU000A0JRBU5,2.0,13060082.0,99.2,99.35,99.35,99.35,2.32,99.29,8.25,99.2,19000.0,,99.29,,0.0,105134277.61,0.0,2016-03-15,560.0,8.29,,,,,,,692.31,SUR,,,,,
EQOB,2013-04-04,ЛСР БО-3,RU000A0JRCC1,8.0,60053009.1,100.11,100.36,100.36,100.31,3.64,100.17,9.3,100.17,59951.0,100.17,100.17,100.17,61191131.0,60454770.7,61191131.0,2014-03-20,342.0,9.52,,,,,,,1000.0,SUR,,,,,
EQNO,2013-04-04,ОТПБанк 02,RU000A0JRCU3,4.0,321581.4,99.78,99.96,99.96,99.87,2.03,99.87,8.46,99.78,322.0,99.87,99.87,99.87,1711771.8,1320281.4,1711771.8,2014-03-25,348.0,8.57,,,,,,,1000.0,SUR,,,,,
EQNO,2013-04-04,ВЭБ.РФ 09,RU000A0JRCX7,1.0,1003.5,100.35,100.35,100.35,100.35,1.52,100.35,7.92,100.35,1.0,100.01,100.01,100.01,200016001.7,200014002.7,200016001.7,2021-03-18,987.0,7.92,,,,,,,1000.0,SUR,,,,,RUB
EQOB,2013-04-04,ЮТэйрФБО-4,RU000A0JRDB1,4.0,246005.0,98.0,98.01,98.01,98.01,1.97,98.01,11.66,98.0,251.0,98.49,98.45,98.49,20122077.5,5239712.5,20122077.5,2014-03-26,344.0,11.66,,,,,,,1000.0,SUR,,,,,
EQOB,2013-04-04,ЮТэйрФБО-5,RU000A0JRDC9,1.0,983.0,98.3,98.3,98.3,98.3,1.97,98.3,11.31,98.3,1.0,,98.27,,0.0,1029835.2,0.0,2014-03-26,344.0,11.31,,,,,,,1000.0,SUR,,,,,
EQNB,2013-04-04,Ростел 10,RU000A0JRDQ9,14.0,4102608.0,100.0,100.3,100.25,100.25,5.53,100.04,7.35,100.0,8202.0,100.04,100.04,100.04,4102608.0,4102608.0,4102608.0,2013-05-21,47.0,9.09,,,,,,,500.0,SUR,,,,,
EQOB,2013-04-04,МКБ БО-04,RU000A0JRER5,7.0,34927574.0,100.9,101.2,101.2,101.2,48.02,101.16,9.2,100.9,34527.0,101.11,101.13,101.11,42004718.0,38979218.0,42004718.0,2014-04-15,350.0,9.24,,,,,,,1000.0,SUR,,,,,
EQOB,2013-04-04,НФК БО-01,RU000A0JREV7,7.0,3473352.0,100.2,100.25,100.2,100.2,57.62,100.21,12.44,100.25,3466.0,100.22,100.21,100.22,4085880.9,3476360.9,4085880.9,2014-04-15,345.0,12.43,,,,,,,1000.0,SUR,,,,,
EQNO,2013-04-04,ВЭБлизинг3,RU000A0JREW5,1.0,113632155.5,99.95,99.95,99.95,99.95,35.75,99.95,7.69,99.95,113689.0,99.96,99.96,99.96,163445075.7,163424132.4,163445075.7,2021-04-02,353.0,7.69,,,,,,,1000.0,SUR,,,,,RUB
EQNB,2013-04-04,ВЭБлизинг4,RU000A0JREX3,1.0,282800.0,101.0,101.0,101.0,101.0,41.0,101.0,8.39,101.0,280.0,,100.67,,0.0,49816827.7,0.0,2021-04-02,954.0,8.39,,,,,,,1000.0,SUR,,,,,RUB
EQNO,2013-04-04,РУСАЛБАл08,RU000A0JRF11,3.0,468440.0,93.68,93.69,93.69,93.69,39.82,93.69,12.46,93.68,500.0,93.7,93.7,93.7,20549774.3,20309902.3,20549774.3,2021-04-05,666.0,12.46,,,,,,,1000.0,SUR,,,,,RUB
EQOB,2013-04-04,ТатфондБО2,RU000A0JRF94,9.0,4406197.5,100.35,100.45,100.45,100.45,56.38,100.44,12.11,100.35,4387.0,100.44,100.44,100.44,4432307.5,4418251.5,4432307.5,2014-04-17,347.0,12.12,,,,,,,1000.0,SUR,,,,,
EQNO,2013-04-04,КомосГрБО1,RU000A0JRFA8,5.0,1019200.8,98.56,99.5,99.26,99.26,17.4,99.48,12.22,99.48,1366.0,98.65,99.04,98.65,26293370.18,3213385.8,26293370.18,2014-07-17,306.0,11.93,,,,,,,750.0,SUR,,,,,
EQNB,2013-04-04,ГСС БО-03,RU000A0JRFH3,8.0,10583955.8,99.78,100.0,100.0,100.0,36.84,100.0,8.28,99.78,10584.0,99.99,100.0,99.99,12356377.1,11320734.7,12356377.1,2014-04-22,19.0,8.28,,,,,,,1000.0,SUR,,,,,
EQOB,2013-04-04,ХКФБанкБ01,RU000A0JRFK7,5.0,65155500.0,100.2,100.25,100.25,100.25,18.29,100.24,4.37,100.2,65000.0,100.24,100.22,100.24,131134040.1,84203639.0,131134040.1,2014-04-22,19.0,4.55,,,,,,,1000.0,SUR,,,,,
EQNB,2013-04-04,КрЕврБ-БО1,RU000A0JRFR2,5.0,1096108.7,98.63,98.85,98.85,98.85,35.28,98.84,9.47,98.63,1109.0,98.61,98.61,98.61,16100544.4,16100544.4,16100544.4,2014-04-27,367.0,9.48,,,,,,,1000.0,SUR,,,,,
EQNO,2013-04-04,Разг.БО-16,RU000A0JRFS0,3.0,15945.6,99.66,99.66,99.66,99.66,48.66,99.66,12.7,99.66,16.0,,98.91,,0.0,989119.0,0.0,2014-05-07,368.0,12.7,,,,,,,1000.0,SUR,,,,,
EQOB,2013-04-04,Зенит БО-6,RU000A0JRHD8,6.0,23466864.5,100.15,100.21,100.15,100.15,30.92,100.16,7.7,100.2,23430.0,100.16,100.16,100.16,26857621.5,26857621.5,26857621.5,2014-05-26,52.0,7.63,,,,,,,1000.0,SUR,,,,,
EQNB,2013-04-04,Кокс БО-2,RU000A0JRJ09,19.0,42895993.0,96.6,100.0,97.1,97.1,30.27,97.01,11.77,99.99,44218.0,97.01,97.01,97.01,42895993.0,42895993.0,42895993.0,2014-05-28,396.0,11.86,,,,,,,1000.0,SUR,,,,,
EQNO,2013-04-04,iРОСНАНО 1,RU000A0JRJN3,2.0,50225250.0,100.25,100.25,100.25,100.25,24.14,100.25,9.02,100.25,50100.0,100.09,100.24,100.09,77814629.0,54274529.0,77814629.0,2017-12-20,1410.0,9.02,,,,,,,1000.0,SUR,,,,,RUB
EQNO,2013-04-04,iРОСНАНО 2,RU000A0JRJP8,9.0,155176505.0,100.0,100.25,100.25,100.25,24.14,100.24,9.02,100.0,154802.0,100.24,100.24,100.24,155178515.0,155177510.0,155178515.0,2017-12-20,1410.0,9.03,,,,,,,1000.0,SUR,,,,,RUB
EQNO,2013-04-04,iРОСНАНО 3,RU000A0JRJQ6,1.0,100250000.0,100.25,100.25,100.25,100.25,24.14,100.25,9.02,100.25,100000.0,,100.42,,0.0,168494876.8,0.0,2017-12-20,1410.0,9.02,,,,,,,1000.0,SUR,,,,,RUB
EQNO,2013-04-04,РМК-ФИН 04,RU000A0JRJR4,4.0,4187106.0,95.4,95.4,95.4,95.4,29.34,95.4,13.79,95.4,4389.0,95.41,95.41,95.41,7272137.0,7272137.0,7272137.0,2016-06-02,403.0,13.79,,,,,,,1000.0,SUR,,,,,RUR
EQOB,2013-04-04,Мечел 17об,RU000A0JRJS2,3.0,818999.9,81.89,81.9,81.9,81.9,27.39,81.9,16.51,81.89,1000.0,81.83,81.83,81.83,2720005.4,2677465.4,2720005.4,2021-05-27,992.0,16.51,,,,,,,1000.0,SUR,,,,,RUB
EQOB,2013-04-04,Мечел 18об,RU000A0JRJT0,6.0,702239.0,81.4,81.96,81.96,81.96,27.39,81.85,16.48,81.7,858.0,81.92,81.92,81.92,1587623.0,1587623.0,1587623.0,2021-05-27,992.0,16.54,,,,,,,1000.0,SUR,,,,,RUB
EQOB,2013-04-04,Мечел 19об,RU000A0JRJY0,17.0,930331.7,80.01,81.79,81.79,81.77,26.24,80.41,16.54,81.4,1157.0,80.41,80.41,80.41,930331.7,930331.7,930331.7,2021-06-01,995.0,17.24,,,,,,,1000.0,SUR,,,,,RUB
EQNO,2013-04-04,Дельта06,RU000A0JRK55,5.0,79514928.5,99.35,99.4,99.4,99.4,20.91,99.38,7.87,99.35,80011.0,,99.38,,0.0,79543738.0,0.0,2016-06-15,421.0,7.88,,,,,,,1000.0,SUR,,,,,RUR
EQNO,2013-04-04,РСГ-Фин 1,RU000A0JRK63,1.0,731340.0,102.0,102.0,102.0,102.0,5.45,102.0,11.94,102.0,717.0,102.12,102.13,102.12,26510417.0,24425540.0,26510417.0,2014-06-18,412.0,11.94,,,,,,,1000.0,SUR,,,,,
EQNB,2013-04-04,ЦентрИнБО1,RU000A0JRK89,3.0,3011.4,100.15,100.6,100.39,100.39,28.44,100.38,9.28,100.6,3.0,,100.21,,0.0,4934343.2,0.0,2014-06-17,249.0,9.3,,,,,,,1000.0,SUR,,,,,
EQOB,2013-04-04,МКБ БО-05,RU000A0JRKG5,13.0,29618056.0,100.1,100.25,100.11,100.11,25.71,100.21,9.29,100.1,29555.0,100.21,100.21,100.21,29618056.0,29618056.0,29618056.0,2014-06-23,421.0,9.19,,,,,,,1000.0,SUR,,,,,
EQNO,2013-04-04,СПбТел 03,RU000A0JRKM3,4.0,19994.0,99.88,100.06,100.06,99.98,23.93,99.97,8.55,99.88,20.0,,100.1,,0.0,17282111.4,0.0,2021-06-11,1026.0,8.58,,,,,,,1000.0,SUR,,,,,RUB
EQOB,2013-04-04,ОГК-5 БО18,RU000A0JRKW2,4.0,29745000.0,99.15,99.15,99.15,99.15,19.26,99.15,7.98,99.15,30000.0,99.12,99.14,99.12,142768771.0,112063271.0,142768771.0,2014-06-25,428.0,7.98,,,,,,,1000.0,SUR,,,,,
EQNB,2013-04-04,БКЕвразия1,RU000A0JRKX0,2.0,15819.2,98.78,98.96,98.96,98.96,22.78,98.87,8.96,98.78,16.0,98.96,99.0,98.96,4710560.2,2038320.2,4710560.2,2018-06-20,1030.0,9.0,,,,,,,1000.0,SUR,,,,,RUR
EQNB,2013-04-04,РусфинБО-1,RU000A0JRL70,1.0,14970000.0,99.8,99.8,99.8,99.8,17.63,99.8,8.06,99.8,15000.0,,99.75,,0.0,29950923.2,0.0,2014-07-04,91.0,8.06,,,,,,,1000.0,SUR,,,,,
EQOB,2013-04-04,УрлсбЛКБО4,RU000A0JRLL3,8.0,2046388.06,99.3,99.5,99.3,99.3,0.0,99.36,9.83,99.4,4940.0,99.28,99.29,99.28,4790616.08,4280770.21,4790616.08,2014-07-03,265.0,9.74,,,,,,,416.9,SUR,,,,,
EQOB,2013-04-04,ММК БО-6,RU000A0JRM87,1.0,2963400.0,98.78,98.78,98.78,98.78,16.57,98.78,8.39,98.78,3000.0,,98.73,,0.0,110865240.6,0.0,2014-07-10,443.0,8.39,,,,,,,1000.0,SUR,,,,,
EQNB,2013-04-04,АИЖК-11 А1,RU000A0JRMV0,1.0,100721280.0,100.4,100.4,100.4,100.4,1.37,100.4,8.27,100.4,330000.0,,100.35,,0.0,248936115.13,0.0,2043-09-15,661.0,8.27,,,,,,,304.0,SUR,,,,,
EQOB,2013-04-04,ОТПБанкБО1,RU000A0JRN37,10.0,167989466.3,98.73,98.86,98.73,98.73,14.16,98.75,9.18,98.73,170121.0,98.75,98.75,98.75,167989466.3,167989466.3,167989466.3,2014-07-29,460.0,9.16,,,,,,,1000.0,SUR,,,,,
EQOB,2013-04-04,ЛСР БО-5,RU000A0JRN45,5.0,9869524.4,98.64,98.7,98.7,98.7,16.24,98.7,9.76,98.64,10000.0,98.61,98.61,98.61,13124395.6,13124395.6,13124395.6,2014-07-24,454.0,9.76,,,,,,,1000.0,SUR,,,,,
EQNO,2013-04-04,МедведьФ2,RU000A0JRPK6,1.0,2006000.0,100.3,100.3,100.3,100.3,13.01,100.3,12.2,100.3,2000.0,100.42,100.42,100.42,4368275.0,4117230.0,4368275.0,2016-08-22,141.0,12.2,,,,,,,1000.0,SUR,,,,,RUR
EQNB,2013-04-04,ВЭБлизинг8,RU000A0JRUY7,1.0,76065000.0,101.42,101.42,101.42,101.42,37.61,101.42,7.97,101.42,75000.0,101.39,101.39,101.39,327540426.0,327540426.0,327540426.0,2021-10-19,528.0,7.97,,,,,,,1000.0,SUR,,,,,RUB
EQNB,2013-04-04,ВЭБлизинг9,RU000A0JRV52,1.0,43610600.0,101.42,101.42,101.42,101.42,37.37,101.42,7.97,101.42,43000.0,101.4,101.4,101.4,163973749.5,113251561.5,163973749.5,2021-10-20,529.0,7.97,,,,,,,1000.0,SUR,,,,,RUB
EQNO,2013-04-04,ОТПБанкБО2,RU000A0JRV86,11.0,55381700.8,101.55,101.7,101.67,101.67,8.63,101.62,8.73,101.55,54500.0,101.62,101.62,101.62,55381700.8,55381700.8,55381700.8,2015-03-03,325.0,8.79,,,,,,,1000.0,SUR,,,,,
EQNB,2013-04-04,КрЕврБ-БО2,RU000A0JRVA5,2.0,5115510.0,100.6,100.6,100.6,100.6,14.52,100.6,9.44,100.6,5085.0,100.53,100.55,100.53,19867410.3,14500710.3,19867410.3,2015-02-10,303.0,9.44,,,,,,,1000.0,SUR,,,,,
EQOB,2013-04-04,РСХБ 15,RU000A0JRVN8,12.0,195173540.8,100.79,100.82,100.82,100.82,35.72,100.81,7.42,100.79,193612.0,100.81,100.81,100.81,195173540.8,195173540.8,195173540.8,2021-10-26,207.0,7.43,,,,,,,1000.0,SUR,,,,,RUB
EQNB,2013-04-04,Дельта08ИП,RU000A0JRVQ1,2.0,16008000.0,100.05,100.05,100.05,100.05,33.78,100.05,8.46,100.05,16000.0,,100.01,,0.0,88012000.0,0.0,2016-11-02,538.0,8.46,,,,,,,1000.0,SUR,,,,,RUR
EQNB,2013-04-04,СПбТел 07,RU000A0JRVU3,1.0,354900.0,101.4,101.4,101.4,101.4,42.38,101.4,8.36,101.4,350.0,101.51,101.51,101.51,14518870.0,14518870.0,14518870.0,2022-04-05,665.0,8.36,,,,,,,1000.0,SUR,,,,,RUB
EQNO,2013-04-04,РусСтд БО1,RU000A0JRVZ2,4.0,216745.2,100.29,100.4,100.4,100.35,37.6,100.35,8.86,100.29,216.0,100.35,100.35,100.35,517780.2,517780.2,517780.2,2014-11-07,210.0,8.95,,,,,,,1000.0,SUR,,,,,
EQNO,2013-04-04,РосбанкБО3,RU000A0JRW85,9.0,18716373.0,100.21,100.23,100.21,100.21,34.08,100.22,7.09,100.22,18675.0,100.22,100.22,100.22,24730073.0,19718573.0,24730073.0,2014-11-16,42.0,7.0,,,,,,,1000.0,SUR,,,,,
EQNO,2013-04-04,РосбанкБО5,RU000A0JRW93,3.0,6696713.7,101.37,101.45,101.45,101.45,15.19,101.45,8.38,101.37,6601.0,101.4,101.43,101.4,41733440.4,37687440.4,41733440.4,2016-01-31,924.0,8.38,,,,,,,1000.0,SUR,,,,,
EQOB,2013-04-04,НижгорОбл7,RU000A0JRWA3,3.0,1644255.8,103.3,103.58,103.58,103.58,38.16,103.35,8.01,103.35,1591.0,103.49,103.29,103.49,55364261.6,2865289.6,55364261.6,2016-11-16,679.0,8.14,,,,,,,1000.0,SUR,,,,,RUR
EQNB,2013-04-04,АбсолютБО1,RU000A0JRXT1,10.0,504500.0,100.9,100.9,100.9,100.9,30.21,100.9,9.9,100.9,500.0,100.9,100.9,100.9,504500.0,504500.0,504500.0,2015-12-20,415.0,9.9,,,,,,,1000.0,SUR,,,,,
EQOB,2013-04-04,ТатфондБО3,RU000A0JRY75,2.0,16089600.0,100.55,100.57,100.57,100.56,42.29,100.56,11.58,100.55,16000.0,100.59,100.63,100.59,45824238.8,33028303.8,45824238.8,2014-11-27,228.0,11.59,,,,,,,1000.0,SUR,,,,,
EQNB,2013-04-04,КраснЯрКр5,RU000A0JRYP7,1.0,101430000.0,101.43,101.43,101.43,101.43,30.66,101.43,7.86,101.43,100000.0,101.4,101.41,101.4,296914902.9,212244284.0,296914902.9,2016-11-29,405.0,7.86,,,,,,,1000.0,SUR,,,,,RUR
EQNO,2013-04-04,ФСК ЕЭС-18,RU000A0JRZK5,5.0,157225203.0,101.3,101.35,101.35,101.35,26.78,101.35,7.4,101.35,155131.0,101.35,101.35,101.35,182766167.4,182766167.4,182766167.4,2023-11-27,409.0,7.4,,,,,,,1000.0,SUR,,,,,RUB
EQOB,2013-04-04,БинбанкБ01,RU000A0JS116,10.0,28791183.0,99.9,100.0,99.9,99.9,31.21,99.91,11.25,99.9,28817.0,99.91,99.91,99.91,28791183.0,28791183.0,28791183.0,2014-12-20,251.0,11.23,,,,,,,1000.0,SUR,,,,,
EQNO,2013-04-04,ГПБ БО-04,RU000A0JS173,4.0,45535.5,100.0,101.25,101.25,101.25,24.45,101.19,7.84,100.0,45.0,101.22,101.22,101.22,3148883.3,3147872.3,3148883.3,2014-12-20,582.0,7.88,,,,,,,1000.0,SUR,,,,,
EQOB,2013-04-04,НЛМК БО-3,RU000A0JS1D0,1.0,752250.0,100.3,100.3,100.3,100.3,25.41,100.3,7.31,100.3,750.0,,100.49,,0.0,21896404.1,0.0,2014-12-17,76.0,7.31,,,,,,,1000.0,SUR,,,,,
EQNB,2013-04-04,ПрГарант 1,RU000A0JS1G3,1.0,150300.0,100.2,100.2,100.2,100.2,19.95,100.2,6.84,100.2,150.0,,101.43,,0.0,735350.0,0.0,2014-12-21,602.0,6.84,,,,,,,1000.0,SUR,,,,,
EQNB,2013-04-04,ИНВЕКТОР 1,RU000A0JS1H1,1.0,75150.0,100.2,100.2,100.2,100.2,19.95,100.2,6.84,100.2,75.0,,101.51,,0.0,614140.0,0.0,2014-12-21,602.0,6.84,,,,,,,1000.0,SUR,,,,,
EQNO,2013-04-04,ВТБ БО-03,RU000A0JS1M1,1.0,1003.0,100.3,100.3,100.3,100.3,3.51,100.3,7.89,100.3,1.0,,100.58,,0.0,385827341.9,0.0,2015-03-17,337.0,7.89,,,,,,,1000.0,SUR,,,,,
EQNO,2013-04-04,ВТБ БО-04,RU000A0JS1P4,1.0,10100.0,101.0,101.0,101.0,101.0,3.51,101.0,7.09,101.0,10.0,100.58,100.59,100.58,175940005.1,125660005.1,175940005.1,2015-03-17,338.0,7.09,,,,,,,1000.0,SUR,,,,,
EQNO,2013-04-04,ВТБ БО-06,RU000A0JS1T6,3.0,162130000.0,101.2,101.35,101.35,101.35,2.97,101.33,7.71,101.2,160000.0,101.32,101.32,101.32,179044163.0,173722608.0,179044163.0,2014-12-19,587.0,7.73,,,,,,,1000.0,SUR,,,,,
EQNO,2013-04-04,ВТБ БО-07,RU000A0JS1U4,2.0,656175.0,100.95,100.95,100.95,100.95,15.41,100.95,7.8,100.95,650.0,100.83,100.82,100.83,16344201.0,12565572.0,16344201.0,2015-01-23,611.0,7.8,,,,,,,1000.0,SUR,,,,,
EQOB,2013-04-04,ОткрХОЛ 2,RU000A0JS264,1.0,4000.0,100.0,100.0,100.0,100.0,28.86,100.0,10.99,100.0,4.0,100.0,100.0,100.0,1240952.0,612971.1,1240952.0,2026-12-10,257.0,10.99,,,,,,,1000.0,SUR,,,,,RUB
EQNO,2013-04-04,ГПБ БО-03,RU000A0JS322,4.0,5007.0,99.0,100.9,100.9,100.9,14.44,100.14,7.49,99.0,5.0,100.78,100.77,100.78,18769205.0,628805.0,18769205.0,2015-02-01,299.0,8.47,,,,,,,1000.0,SUR,,,,,
EQNB,2013-04-04,РСХБ БО2,RU000A0JS371,2.0,2510506.0,100.2,100.3,100.2,100.3,13.03,100.3,7.69,100.3,2503.0,,100.3,,0.0,33632015.8,0.0,2015-02-03,124.0,7.37,,,,,,,1000.0,SUR,,,,,
EQNB,2013-04-04,ВЭБлизинг6,RU000A0JS389,1.0,652800.0,102.0,102.0,102.0,102.0,11.44,102.0,8.18,102.0,800.0,101.9,101.97,101.9,107705072.0,1280712.0,107705072.0,2017-01-31,765.0,8.18,,,,,,,800.0,SUR,,,,,RUR
EQNB,2013-04-04,Газпрнеф11,RU000A0JS3B0,1.0,1012.5,101.25,101.25,101.25,101.25,13.11,101.25,7.64,101.25,1.0,,101.08,,0.0,35743346.0,0.0,2022-01-25,628.0,7.64,,,,,,,1000.0,SUR,,,,,
EQNB,2013-04-04,РСХБ БО3,RU000A0JS3D6,3.0,4014004.0,100.15,100.3,100.25,100.25,12.58,100.3,7.54,100.3,4002.0,100.32,100.32,100.32,51558654.9,51557654.9,51558654.9,2015-02-05,126.0,7.39,,,,,,,1000.0,SUR,,,,,
EQOB,2013-04-04,Мечел БО-4,RU000A0JS3R6,6.0,3293195.9,96.8,97.03,97.03,97.03,14.32,97.03,14.49,96.8,3394.0,97.03,97.03,97.03,3704475.9,3397955.9,3704475.9,2015-02-10,304.0,14.49,,,,,,,1000.0,SUR,,,,,
EQNO,2013-04-04,НОТА-Банк1,RU000A0JS3S4,1.0,1006.9,100.69,100.69,100.69,100.69,15.41,100.69,10.63,100.69,1.0,,100.18,,0.0,27817061.9,0.0,2014-02-12,304.0,10.63,,,,,,,1000.0,SUR,,,,,
EQNO,2013-04-04,ГИДРОМАШС2,RU000A0JS3V8,2.0,2031.8,101.5,101.68,101.68,101.59,14.14,101.59,9.96,101.5,2.0,101.65,101.6,101.65,8284749.8,2182463.6,8284749.8,2015-02-13,627.0,10.02,,,,,,,1000.0,SUR,,,,,
EQOB,2013-04-04,ТатфондБО4,RU000A0JS3X4,10.0,69194294.8,100.45,100.88,100.65,100.65,14.77,100.51,11.74,100.55,68844.0,100.51,100.51,100.51,69194294.8,69194294.8,69194294.8,2015-02-17,310.0,11.92,,,,,,,1000.0,SUR,,,,,
EQNB,2013-04-04,НПК БО-01,RU000A0JS4S2,4.0,51000000.0,102.0,102.0,102.0,102.0,8.22,102.0,9.03,102.0,50000.0,101.96,101.97,101.96,61466362.0,57511800.0,61466362.0,2015-03-03,648.0,9.03,,,,,,,1000.0,SUR,,,,,
EQNB,2013-04-04,НПК БО-02,RU000A0JS4T0,5.0,21004863.4,102.0,102.26,102.26,102.17,8.22,102.0,8.87,102.0,20593.0,102.0,102.0,102.0,21038549.6,21034464.6,21038549.6,2015-03-03,648.0,9.03,,,,,,,1000.0,SUR,,,,,
EQNB,2013-04-04,РусфинБО-2,RU000A0JS4U8,4.0,100415050.4,100.26,100.42,100.4,100.4,6.95,100.4,7.9,100.26,100015.0,100.38,100.39,100.38,109431109.1,104472682.7,109431109.1,2015-03-06,155.0,7.9,,,,,,,1000.0,SUR,,,,,
EQOB,2013-04-04,ПетрокомБ1,RU000A0JS4V6,1.0,1003.0,100.3,100.3,100.3,100.3,7.32,100.3,8.29,100.3,1.0,,100.24,,0.0,31578754.5,0.0,2015-03-03,152.0,8.29,,,,,,,1000.0,SUR,,,,,
EQNO,2013-04-04,ТрансаэрБ1,RU000A0JS4W4,11.0,4611447.9,100.36,100.47,100.4,100.4,10.27,100.4,11.76,100.47,4593.0,100.4,100.4,100.4,4611447.9,4611447.9,4611447.9,2015-03-03,152.0,11.76,,,,,,,1000.0,SUR,,,,,
EQNB,2013-04-04,ЮнКрБанкБ3,RU000A0JS4X2,1.0,10048000.0,100.48,100.48,100.48,100.48,6.75,100.48,7.43,100.48,10000.0,100.41,100.47,100.41,218909326.8,62296819.2,218909326.8,2015-03-04,153.0,7.43,,,,,,,1000.0,SUR,,,,,
EQOB,2013-04-04,УралСиб 04,RU000A0JS561,3.0,5007499.3,100.03,100.2,100.15,100.15,4.79,100.15,8.56,100.2,5000.0,100.15,100.15,100.15,5418880.3,5418880.3,5418880.3,2017-03-10,162.0,8.56,,,,,,,1000.0,SUR,,,,,RUR
EQDB,2013-04-04,МирСтрТех1,RU000A0JS587,2.0,1357.5,16.73,18.64,16.73,16.97,1.15,16.97,58.27,18.64,8.0,,18.12,,0.0,502518.4,0.0,2019-06-25,1403.0,57.68,,,,,,,1000.0,SUR,,,,,RUR
EQNO,2013-04-04,МЕТАЛИНВ 5,RU000A0JS5A7,1.0,12150000.0,101.25,101.25,101.25,101.25,4.19,101.25,8.46,101.25,12000.0,101.2,101.2,101.2,171676815.5,168074383.0,171676815.5,2022-03-07,666.0,8.46,,,,,,,1000.0,SUR,,,,,RUB
EQNO,2013-04-04,МЕТАЛИНВ 1,RU000A0JS5B5,4.0,239079.8,101.25,101.36,101.36,101.31,4.19,101.31,8.4,101.25,236.0,,101.21,,0.0,2955416.6,0.0,2022-03-07,666.0,8.43,,,,,,,1000.0,SUR,,,,,RUB
EQNO,2013-04-04,ВымпелКом4,RU000A0JS5F6,2.0,20220000.0,101.1,101.1,101.1,101.1,3.88,101.1,8.39,101.1,20000.0,101.1,101.16,101.1,175583576.3,98484998.0,175583576.3,2022-03-08,667.0,8.39,,,,,,,1000.0,SUR,,,,,RUB
EQNO,2013-04-04,МЕТАЛИНВ 6,RU000A0JS5L4,5.0,3745237.5,101.25,101.25,101.25,101.25,3.45,101.25,8.46,101.25,3699.0,101.25,101.25,101.25,3767491.4,3766481.5,3767491.4,2022-03-10,669.0,8.46,,,,,,,1000.0,SUR,,,,,RUB
EQNB,2013-04-04,АбсолютБО2,RU000A0JS5N0,8.0,24249976.2,100.75,100.85,100.8,100.81,2.42,100.79,9.12,100.75,24059.0,100.77,100.77,100.77,29370820.4,29283476.2,29370820.4,2015-03-26,348.0,9.13,,,,,,,1000.0,SUR,,,,,
EQNO,2013-04-04,РусСтд БО2,RU000A0JS5P5,7.0,7348030.2,100.25,100.35,100.34,100.34,2.4,100.29,9.78,100.25,7327.0,100.13,100.23,100.13,234015914.3,42426030.2,234015914.3,2015-03-24,670.0,9.81,,,,,,,1000.0,SUR,,,,,
EQOV,2013-04-04,ИнтезаБ-3,RU000A0JS6B3,3.0,11016.8,100.0,100.33,100.0,100.0,43.4,100.15,9.19,100.33,11.0,100.13,100.13,100.13,5083690.2,5060663.9,5083690.2,2015-04-13,182.0,8.88,,,,,,,1000.0,SUR,,,,,
EQNO,2013-04-04,iРОСНАНО 4,RU000A0JS6S7,1.0,180774000.0,100.43,100.43,100.43,100.43,38.89,100.43,,100.43,180000.0,,100.47,,0.0,452905335.8,0.0,2019-04-10,2109.0,0.0,,,,,,,1000.0,SUR,,,,,RUB
EQNO,2013-04-04,iРОСНАНО 5,RU000A0JS6T5,7.0,164606989.3,100.43,101.9,101.9,101.9,38.89,100.43,,100.43,163898.0,100.44,100.44,100.44,355477569.3,169648449.3,355477569.3,2019-04-10,2109.0,0.0,,,,,,,1000.0,SUR,,,,,RUB
EQNB,2013-04-04,ИнтрБанк1,RU000A0JS6V1,1.0,19938.0,99.69,99.69,99.69,99.69,57.53,99.69,20.85,99.69,20.0,99.57,99.65,99.57,34310124.1,29231241.6,34310124.1,2015-04-21,15.0,20.85,,,,,,,1000.0,SUR,,,,,
EQNB,2013-04-04,ЦентрИнБО2,RU000A0JS702,1.0,5005000.0,100.1,100.1,100.1,100.1,44.65,100.1,7.01,100.1,5000.0,100.1,100.1,100.1,29461332.1,28260252.9,29461332.1,2015-04-16,14.0,7.01,,,,,,,1000.0,SUR,,,,,
EQNB,2013-04-04,ТКСБанкБО4,RU000A0JS728,41.0,15439664.2,100.1,100.14,100.14,100.11,60.99,100.13,9.43,100.1,15420.0,100.13,100.13,100.13,15439664.2,15439664.2,15439664.2,2015-04-16,14.0,9.7,,,,,,,1000.0,SUR,,,,,
EQNO,2013-04-04,Каркаде 02,RU000A0JS744,3.0,211588.48,100.88,100.98,100.98,100.98,21.65,100.95,12.42,100.98,262.0,100.97,100.97,100.97,734229.2,708402.0,734229.2,2015-04-17,323.0,12.46,,,,,,,800.0,SUR,,,,,
EQOB,2013-04-04,ЮТэйрФБО-6,RU000A0JS7B1,3.0,9961000.0,100.0,100.0,100.0,100.0,19.45,100.0,10.32,100.0,9961.0,100.0,100.0,100.0,38141000.0,31776000.0,38141000.0,2015-04-22,26.0,10.32,,,,,,,1000.0,SUR,,,,,
EQOB,2013-04-04,ЮТэйрФБО-7,RU000A0JS7C9,3.0,4804000.0,100.0,100.0,100.0,100.0,19.45,100.0,10.32,100.0,4804.0,100.0,100.0,100.0,403262441.5,15630994.5,403262441.5,2015-04-22,26.0,10.32,,,,,,,1000.0,SUR,,,,,
EQOV,2013-04-04,СУ-155 4об,RU000A0JS7D7,12.0,3330929.0,100.55,100.89,100.58,100.58,51.23,100.57,13.09,100.55,3312.0,100.57,100.57,100.57,3330929.0,3330929.0,3330929.0,2015-05-18,216.0,13.11,,,,,,,1000.0,SUR,,,,,
EQOB,2013-04-04,АзТихБанк1,RU000A0JS7F2,1.0,5006.0,100.12,100.12,100.12,100.12,44.65,100.12,8.37,100.12,5.0,100.05,100.05,100.05,13517561.1,13212374.1,13517561.1,2015-04-30,24.0,8.37,,,,,,,1000.0,SUR,,,,,
EQOB,2013-04-04,МКБ БО-03,RU000A0JS7G0,1.0,5004000.0,100.08,100.08,100.08,100.08,40.29,100.08,7.95,100.08,5000.0,100.09,100.09,100.09,17858363.7,17368925.2,17858363.7,2015-04-27,23.0,7.95,,,,,,,1000.0,SUR,,,,,
EQNO,2013-04-04,НМТП БО-2,RU000A0JS7L0,5.0,30374900.0,101.24,101.25,101.25,101.25,38.22,101.25,8.5,101.24,30000.0,101.18,101.21,101.18,75856540.0,63730540.0,75856540.0,2015-04-29,681.0,8.5,,,,,,,1000.0,SUR,,,,,
EQNO,2013-04-04,РусСтд БО6,RU000A0JS7N6,4.0,18035684.3,100.13,100.7,100.5,100.5,39.15,100.5,8.66,100.7,17946.0,100.35,100.37,100.35,176455747.3,82496702.3,176455747.3,2015-05-03,205.0,8.66,,,,,,,1000.0,SUR,,,,,
EQOB,2013-04-04,ВолгогОб11,RU000A0JS7P1,2.0,25226009.0,100.9,100.9,100.9,100.9,15.27,100.9,8.32,100.9,25001.0,,100.9,,0.0,26326840.2,0.0,2017-05-28,702.0,8.32,,,,,,,1000.0,SUR,,,,,RUR
EQOB,2013-04-04,СамарОбл 8,RU000A0JS9J0,17.0,91172882.0,101.74,102.0,102.0,101.9,3.7,101.87,7.73,101.74,89502.0,101.87,101.87,101.87,91172882.0,91172882.0,91172882.0,2017-12-13,499.0,7.83,,,,,,,1000.0,SUR,,,,,RUB
EQNB,2013-04-04,РусАкваБО1,RU000A0JS9W3,9.0,6809066.4,99.9,100.99,100.01,100.01,34.25,99.99,12.62,100.99,6810.0,99.99,99.99,99.99,7359066.4,7359066.4,7359066.4,2015-06-23,82.0,12.71,,,,,,,1000.0,SUR,,,,,
EQNB,2013-04-04,ГПБ 06,RU000A0JSD38,3.0,51090050.0,101.35,101.46,101.35,101.35,20.37,101.37,7.85,101.46,50400.0,101.38,101.38,101.38,70616948.4,55447456.9,70616948.4,2016-07-07,443.0,7.84,,,,,,,1000.0,SUR,,,,,RUR
EQOB,2013-04-04,ОткрФКББ03,RU000A0JSQF2,5.0,5033907.0,100.33,100.4,100.4,100.4,13.54,100.4,8.06,100.33,5014.0,100.37,100.4,100.37,85973065.3,5417416.6,85973065.3,2015-08-09,127.0,8.06,,,,,,,1000.0,SUR,,,,,
EQOB,2013-04-04,СвязнойБ-1,RU000A0JSQK2,19.0,25617575.5,100.79,101.1,100.85,100.85,21.86,100.86,11.87,101.0,25399.0,100.86,100.86,100.86,25587275.5,25587275.5,25587275.5,2015-08-06,126.0,11.84,,,,,,,1000.0,SUR,,,,,
EQOB,2013-04-04,ЛОКОБнкБО3,RU000A0JSRR5,2.0,8156700.0,100.7,100.7,100.7,100.7,15.02,100.7,8.85,100.7,8100.0,100.69,100.69,100.69,14210809.3,14210809.3,14210809.3,2015-08-11,131.0,8.85,,,,,,,1000.0,SUR,,,,,
EQOB,2013-04-04,ОткрФКББ3,RU000A0JSTQ3,5.0,15151010.7,101.0,101.07,101.07,101.0,10.63,101.0,8.58,101.0,15001.0,101.01,101.01,101.01,167725039.8,130230456.8,167725039.8,2015-08-23,317.0,8.67,,,,,,,1000.0,SUR,,,,,
EQOB,2013-04-04,НижгорОбл8,RU000A0JSVD7,3.0,53133932.0,103.2,104.8,104.7,104.7,9.72,104.8,8.39,103.2,50701.0,104.73,104.81,104.73,141981129.7,71942433.0,141981129.7,2017-08-29,1127.0,8.36,,,,,,,1000.0,SUR,,,,,RUR
EQOB,2013-04-04,Зенит 8обл,RU000A0JSVF2,11.0,51826180.8,100.51,100.53,100.53,100.53,9.07,100.52,7.95,100.51,51558.0,100.52,100.52,100.52,51826180.8,51826180.8,51826180.8,2017-08-23,146.0,7.97,,,,,,,1000.0,SUR,,,,,RUR
EQOB,2013-04-04,УралСиб 05,RU000A0JSW84,1.0,108972.0,100.9,100.9,100.9,100.9,9.04,100.9,8.81,100.9,108.0,100.93,100.94,100.93,38197235.4,33937384.9,38197235.4,2017-08-25,322.0,8.81,,,,,,,1000.0,SUR,,,,,RUR
EQNO,2013-04-04,ВТБ БО-08,RU000A0JSX00,6.0,7384417.3,100.25,100.4,100.36,100.36,6.53,100.4,7.25,100.25,7355.0,100.39,100.39,100.39,270863153.8,268925033.3,270863153.8,2015-09-01,150.0,7.14,,,,,,,1000.0,SUR,,,,,
EQNB,2013-04-04,МирМИ-01,RU000A0JSX91,12.0,1057194.1,99.72,100.15,100.06,100.06,12.33,99.83,15.3,100.15,1059.0,99.83,99.83,99.83,1057194.1,1057194.1,1057194.1,2015-09-01,152.0,15.93,,,,,,,1000.0,SUR,,,,,
EQOB,2013-04-04,ЛСР 03 обл,RU000A0JSZM9,4.0,35801311.0,101.8,101.85,101.85,101.85,6.3,101.82,9.61,101.8,35160.0,,101.79,,0.0,58537111.0,0.0,2017-09-08,334.0,9.64,,,,,,,1000.0,SUR,,,,,RUR
EQOB,2013-04-04,МОЭСК БО-1,RU000A0JT0U5,1.0,10140000.0,101.4,101.4,101.4,101.4,3.13,101.4,8.32,101.4,10000.0,101.32,101.36,101.32,228474423.5,87677923.5,228474423.5,2015-09-18,824.0,8.32,,,,,,,1000.0,SUR,,,,,
EQOB,2013-04-04,МагнитБО-7,RU000A0JT171,3.0,23462739.0,101.35,101.4,101.4,101.4,2.44,101.35,8.43,101.35,23150.0,101.29,101.29,101.29,97110622.5,97110622.5,97110622.5,2015-09-21,826.0,8.45,,,,,,,1000.0,SUR,,,,,
EQNB,2013-04-04,ПервБ БО-3,RU000A0JT1E7,4.0,9342285.1,100.41,100.51,100.51,100.51,2.71,100.44,10.1,100.41,9301.0,100.47,100.47,100.47,20128689.1,20127682.8,20128689.1,2015-09-22,173.0,10.26,,,,,,,1000.0,SUR,,,,,
EQOB,2013-04-04,МКБ БО-02,RU000A0JT1F4,5.0,1212194.5,100.3,101.0,100.43,100.43,2.67,100.43,8.99,101.0,1207.0,100.39,100.39,100.39,40365190.2,31649970.5,40365190.2,2015-09-25,174.0,8.99,,,,,,,1000.0,SUR,,,,,
EQOB,2013-04-04,ТулОбл2012,RU000A0JT1G2,3.0,5712155.0,100.5,100.6,100.6,100.59,2.12,100.58,8.44,100.5,5679.0,100.31,100.3,100.31,75369375.0,69921330.0,75369375.0,2015-09-25,534.0,8.45,,,,,,,1000.0,SUR,,,,,
EQNO,2013-04-04,ФСК ЕЭС-25,RU000A0JT2K2,6.0,30732050.0,102.4,102.6,102.6,102.6,0.47,102.43,7.88,102.4,30002.0,102.4,102.4,102.4,39223825.5,39223825.5,39223825.5,2027-09-14,1127.0,7.94,,,,,,,1000.0,SUR,,,,,RUB
EQNO,2013-04-04,УБРиР БО-1,RU000A0JT2N6,1.0,505250.0,101.05,101.05,101.05,101.05,0.68,101.05,10.52,101.05,500.0,100.94,100.94,100.94,6058676.0,6058676.0,6058676.0,2015-09-29,180.0,10.52,,,,,,,1000.0,SUR,,,,,
EQNB,2013-04-04,ИКС5ФинБО1,RU000A0JT387,4.0,24177001.5,100.65,100.95,100.8,100.8,0.0,100.74,9.34,100.95,24000.0,100.79,101.01,100.79,568446563.8,160616034.9,568446563.8,2015-10-01,832.0,9.37,,,,,,,1000.0,SUR,,,,,
EQNB,2013-04-04,СПб-Б БО-8,RU000A0JT3P9,2.0,2119495.0,100.45,100.45,100.45,100.45,46.33,100.45,8.76,100.45,2110.0,,100.5,,0.0,114169157.8,0.0,2015-10-05,178.0,8.76,,,,,,,1000.0,SUR,,,,,
EQNB,2013-04-04,ВЭБ.РФ 18,RU000A0JT403,1.0,3052500.0,101.75,101.75,101.75,101.75,40.76,101.75,7.92,101.75,3000.0,102.15,102.15,102.15,30652193.4,30651177.5,30652193.4,2032-09-17,814.0,7.92,,,,,,,1000.0,SUR,,,,,RUB
EQOB,2013-04-04,НоватэкБО2,RU000A0JT502,1.0,675475.0,102.5,102.5,102.5,102.5,39.12,102.5,7.38,102.5,659.0,,101.42,,0.0,52230503.5,0.0,2015-10-12,819.0,7.38,,,,,,,1000.0,SUR,,,,,
EQNO,2013-04-04,РСГ-Фин 2,RU000A0JT5L3,1.0,37703.0,101.9,101.9,101.9,101.9,64.04,101.9,12.07,101.9,37.0,102.09,102.1,102.09,23151611.0,22773287.0,23151611.0,2015-10-13,342.0,12.07,,,,,,,1000.0,SUR,,,,,
EQOB,2013-04-04,ТатфондБО6,RU000A0JT5M1,1.0,75712.5,100.95,100.95,100.95,100.95,60.55,100.95,11.4,100.95,75.0,100.89,100.89,100.89,26061871.6,24750821.6,26061871.6,2015-10-13,183.0,11.4,,,,,,,1000.0,SUR,,,,,
EQOS,2013-04-04,МРСКЦенБО1,RU000A0JT601,7.0,77946273.9,101.34,101.5,101.45,101.45,41.44,101.47,8.47,101.34,76820.0,101.46,101.47,101.46,78181771.9,78180908.9,78181771.9,2015-10-14,814.0,8.46,,,,,,,1000.0,SUR,,,,,
EQOB,2013-04-04,АкБарс-БО1,RU000A0JT692,2.0,2011.0,100.3,100.8,100.3,100.3,44.42,100.55,9.26,100.8,2.0,100.64,100.64,100.64,22846788.9,22814582.4,22846788.9,2015-10-15,188.0,8.75,,,,,,,1000.0,SUR,,,,,
EQNB,2013-04-04,ВЭБ.РФ 19,RU000A0JT6B2,3.0,4100010.0,101.7,101.75,101.75,101.75,39.35,101.74,7.92,101.7,4030.0,101.68,101.69,101.68,10204087.9,10203072.9,10204087.9,2032-09-23,820.0,7.93,,,,,,,1000.0,SUR,,,,,RUB
EQNB,2013-04-04,ГПБ 07,RU000A0JT767,5.0,3239899.0,99.95,101.19,101.19,101.19,38.19,101.18,8.13,99.95,3202.0,101.18,101.19,101.18,6776329.2,6265806.0,6776329.2,2016-10-17,825.0,8.14,,,,,,,1000.0,SUR,,,,,RUR
EQOB,2013-04-04,РСХБ 17,RU000A0JT7M7,4.0,73639514.5,100.25,101.2,100.25,100.73,37.29,100.87,8.34,100.95,73002.0,100.87,100.87,100.87,81933234.3,81931215.3,81933234.3,2022-10-11,523.0,7.89,,,,,,,1000.0,SUR,,,,,RUB
EQNO,2013-04-04,ФСК ЕЭС-21,RU000A0JT7T2,2.0,30916030.0,103.0,103.05,103.05,103.05,38.84,103.05,8.01,103.0,30001.0,102.86,102.87,102.86,344591324.5,277770296.5,344591324.5,2027-10-06,1232.0,8.01,,,,,,,1000.0,SUR,,,,,RUB
EQNO,2013-04-04,ФСК ЕЭС Б1,RU000A0JT7U0,2.0,5051.0,101.0,101.1,101.0,101.0,35.95,101.02,7.7,101.1,5.0,100.9,100.9,100.9,126045336.7,50358229.0,126045336.7,2015-10-21,681.0,7.69,,,,,,,1000.0,SUR,,,,,
EQOB,2013-04-04,РСХБ 18,RU000A0JT874,1.0,3028500.0,100.95,100.95,100.95,100.95,36.83,100.95,7.83,100.95,3000.0,,100.82,,0.0,107372634.7,0.0,2022-10-13,525.0,7.83,,,,,,,1000.0,SUR,,,,,RUB
EQNB,2013-04-04,Интеза БО1,RU000A0JT8E2,3.0,2010979.0,100.5,100.55,100.55,100.55,43.01,100.55,9.39,100.5,2000.0,100.41,100.5,100.41,37357954.4,27142000.4,37357954.4,2015-10-25,361.0,9.39,,,,,,,1000.0,SUR,,,,,
EQNB,2013-04-04,КраснЯрКр6,RU000A0JT8G7,5.0,3973168.5,101.85,101.85,101.85,101.85,39.7,101.85,8.04,101.85,3901.0,101.85,101.85,101.85,4034095.0,4034095.0,4034095.0,2017-10-19,896.0,8.04,,,,,,,1000.0,SUR,,,,,RUR
EQNB,2013-04-04,ПочтаРос03,RU000A0JT8R4,5.0,170379789.2,101.08,101.15,101.08,101.13,38.14,101.12,8.39,101.1,168499.0,101.24,101.24,101.24,281968859.3,281963813.3,281968859.3,2019-10-18,825.0,8.37,,,,,,,1000.0,SUR,,,,,RUB
EQNB,2013-04-04,ПочтаРос04,RU000A0JT8T0,5.0,17386965.2,100.11,101.49,101.08,101.08,38.14,101.08,8.39,101.49,17201.0,101.08,101.08,101.08,17392008.2,17392008.2,17392008.2,2019-10-18,825.0,8.39,,,,,,,1000.0,SUR,,,,,RUB
EQOB,2013-04-04,ВнешпрБО-2,RU000A0JT8X2,2.0,2016.3,100.75,100.88,100.88,100.88,52.6,100.82,10.58,100.75,2.0,,100.77,,0.0,3491671.0,0.0,2015-10-26,195.0,10.7,,,,,,,1000.0,SUR,,,,,
EQNO,2013-04-04,Роснефть04,RU000A0JT940,13.0,125190139.0,102.8,103.0,103.0,103.0,36.99,102.92,7.95,102.8,121641.0,102.92,102.92,102.92,125190139.0,125190139.0,125190139.0,2022-10-17,1366.0,7.98,,,,,,,1000.0,SUR,,,,,RUB
EQNO,2013-04-04,Роснефть05,RU000A0JT965,19.0,343970824.0,102.71,102.95,102.95,102.95,36.99,102.84,7.97,102.8,334483.0,102.84,102.84,102.84,343970824.0,343970824.0,343970824.0,2022-10-17,1366.0,8.0,,,,,,,1000.0,SUR,,,,,RUB
EQNB,2013-04-04,Европлан-3,RU000A0JT9S0,4.0,18167.4,100.84,101.02,101.02,100.94,45.92,100.93,10.8,100.84,18.0,,101.11,,0.0,1611646.8,0.0,2017-10-31,523.0,10.86,,,,,,,1000.0,SUR,,,,,RUR
EQNB,2013-04-04,СвязБанкБ1,RU000A0JT9Y8,1.0,50100000.0,100.2,100.2,100.2,100.2,37.97,100.2,8.8,100.2,50000.0,100.1,100.1,100.1,268254389.5,268247389.5,268254389.5,2015-11-01,203.0,8.8,,,,,,,1000.0,SUR,,,,,
EQOB,2013-04-04,АЛРОСА БО1,RU000A0JTA48,1.0,406800.0,101.7,101.7,101.7,101.7,15.03,101.7,8.36,101.7,400.0,101.71,101.71,101.71,27878660.9,27874609.4,27878660.9,2015-10-30,839.0,8.36,,,,,,,1000.0,SUR,,,,,
EQNB,2013-04-04,РусфинБО-3,RU000A0JTA89,1.0,468970.0,101.95,101.95,101.95,101.95,41.92,101.95,8.83,101.95,460.0,102.21,102.04,102.21,516924600.1,114808028.7,516924600.1,2015-11-02,527.0,8.83,,,,,,,1000.0,SUR,,,,,
EQNB,2013-04-04,КраснодКр4,RU000A0JTBA3,10.0,14143046.5,102.4,102.5,102.5,102.5,12.02,102.43,7.98,102.45,13808.0,102.43,102.43,102.43,14143046.5,14143046.5,14143046.5,2017-11-09,766.0,8.02,,,,,,,1000.0,SUR,,,,,RUR
EQOB,2013-04-04,ЮТэйрФБО-9,RU000A0JTBH8,2.0,2009.9,100.0,100.99,100.0,100.0,15.45,100.5,12.26,100.99,2.0,100.03,100.05,100.03,150890961.1,95330961.1,150890961.1,2015-11-13,217.0,11.33,,,,,,,1000.0,SUR,,,,,
EQOB,2013-04-04,ЮТэйрФБO10,RU000A0JTBM8,19.0,86164987.0,99.55,100.14,100.0,100.0,15.45,99.97,12.26,100.0,86192.0,99.97,99.97,99.97,86164987.0,86164987.0,86164987.0,2015-11-13,217.0,12.31,,,,,,,1000.0,SUR,,,,,
EQNO,2013-04-04,ГлобэксБО7,RU000A0JTDW3,2.0,9013165.6,100.2,100.28,100.28,100.28,29.84,100.28,8.71,100.2,8988.0,100.0,100.3,100.0,208357280.0,40175367.1,208357280.0,2015-12-04,236.0,8.71,,,,,,,1000.0,SUR,,,,,
EQOB,2013-04-04,ДОМ.РФ24об,RU000A0JTDX1,5.0,162843000.0,101.75,101.81,101.78,101.78,27.12,101.78,7.62,101.81,160000.0,101.15,101.15,101.15,323693009.5,323693009.5,323693009.5,2022-11-01,845.0,7.62,,,,,,,1000.0,SUR,,,,,RUB
EQNB,2013-04-04,Газпрнеф12,RU000A0JTDY9,9.0,41047051.8,102.45,102.73,102.73,102.73,27.95,102.61,7.94,102.5,40002.0,102.54,102.6,102.54,73317801.8,43096051.8,73317801.8,2022-11-23,1405.0,7.97,,,,,,,1000.0,SUR,,,,,RUB
EQNB,2013-04-04,СвердлОб2,RU000A0JTDZ6,1.0,1027.5,102.75,102.75,102.75,102.75,7.11,102.75,8.0,102.75,1.0,102.53,102.66,102.53,432133191.0,111171768.0,432133191.0,2017-12-04,807.0,8.0,,,,,,,1000.0,SUR,,,,,RUB
EQNO,2013-04-04,НЛМК 08,RU000A0JTED1,3.0,12155.6,100.21,101.85,101.35,101.35,27.16,101.3,7.97,101.85,12.0,101.4,101.4,101.4,39561009.9,39561009.9,39561009.9,2022-11-25,871.0,8.0,,,,,,,1000.0,SUR,,,,,
EQNO,2013-04-04,АгроКомБО1,RU000A0JTEM2,1.0,2000000.0,100.0,100.0,100.0,100.0,31.51,100.0,9.84,100.0,2000.0,100.21,100.05,100.21,61208715.0,6484445.0,61208715.0,2022-12-08,250.0,9.84,,,,,,,1000.0,SUR,,,,,RUB
EQNB,2013-04-04,Правоурми1,RU000A0JTER1,1.0,57000000.0,100.0,100.0,100.0,100.0,28.11,100.0,9.16,100.0,57000.0,,100.1,,0.0,340495000.0,0.0,2019-12-26,884.0,9.16,,,,,,,1000.0,SUR,,,,,RUB
EQNB,2013-04-04,Дельта09ИП,RU000A0JTF43,3.0,40341099.0,100.75,101.35,100.75,100.75,28.58,100.83,9.01,101.35,40011.0,100.87,100.67,100.87,433692684.5,100630569.5,433692684.5,2017-12-05,866.0,8.98,,,,,,,1000.0,SUR,,,,,RUB
EQNB,2013-04-04,ВологодОб3,RU000A0JTF68,5.0,101407313.0,103.15,103.3,103.3,103.3,6.14,103.27,8.62,103.15,98197.0,103.16,103.16,103.16,442565180.4,442565180.4,442565180.4,2017-12-05,865.0,8.63,,,,,,,1000.0,SUR,,,,,RUB
EQNB,2013-04-04,ЛенССМУ 02,RU000A0JTFX6,1.0,3640000.0,104.0,104.0,104.0,104.0,5.65,104.0,12.06,104.0,3500.0,103.49,103.58,103.49,20398459.5,9099325.0,20398459.5,2017-12-12,1091.0,12.06,,,,,,,1000.0,SUR,,,,,RUB
EQOB,2013-04-04,МРСК БО-01,RU000A0JTG26,3.0,61200000.0,102.0,102.0,102.0,102.0,26.82,102.0,8.47,102.0,60000.0,101.75,101.75,101.75,250881507.7,250658427.7,250881507.7,2015-12-15,874.0,8.47,,,,,,,1000.0,SUR,,,,,
EQOV,2013-04-04,ОткрФКБ 01,RU000A0JTG83,6.0,52176000.0,100.3,100.35,100.35,100.35,31.22,100.34,10.43,100.3,52000.0,100.29,100.32,100.29,120950180.0,63204000.0,120950180.0,2017-12-13,249.0,10.45,,,,,,,1000.0,SUR,,,,,RUB
EQNB,2013-04-04,ЮУ КЖСИ 01,RU000A0JTGC8,1.0,27407700.0,101.51,101.51,101.51,101.51,10.14,101.51,9.6,101.51,27000.0,101.45,101.55,101.45,58598875.0,48083615.0,58598875.0,2016-02-23,934.0,9.6,,,,,,,1000.0,SUR,,,,,
EQNB,2013-04-04,ТверОбл 12,RU000A0JTGN5,1.0,1024.0,102.4,102.4,102.4,102.4,2.66,102.4,9.04,102.4,1.0,102.46,102.69,102.46,330748299.9,4222479.3,330748299.9,2017-12-18,935.0,9.04,,,,,,,1000.0,SUR,,,,,RUB
EQNB,2013-04-04,ВосЭксБО10,RU000A0JTGU0,3.0,3068.1,102.09,102.54,102.54,102.54,32.88,102.27,10.6,102.09,3.0,102.22,102.33,102.22,28742213.9,5235149.9,28742213.9,2015-12-22,569.0,10.78,,,,,,,1000.0,SUR,,,,,
EQNO,2013-04-04,ВТБ БО-21,RU000A0JTK20,5.0,20454749.0,100.74,100.8,100.8,100.8,16.08,100.76,8.06,100.74,20300.0,100.75,100.76,100.75,39249854.1,31940048.6,39249854.1,2016-01-19,909.0,8.08,,,,,,,1000.0,SUR,,,,,
EQNO,2013-04-04,ФСК ЕЭС-24,RU000A0JTKA4,1.0,992.0,99.2,99.2,99.2,99.2,15.12,99.2,8.32,99.2,1.0,99.29,99.32,99.29,98305421.8,1991429.9,98305421.8,2028-01-07,1929.0,8.32,,,,,,,1000.0,SUR,,,,,RUB
EQNB,2013-04-04,ГТЛК 01,RU000A0JTKB2,3.0,21644480.0,102.03,102.1,102.05,102.04,17.81,102.1,9.36,102.1,21200.0,102.09,102.1,102.09,83717052.3,73209010.3,83717052.3,2018-01-23,907.0,9.33,,,,,,,1000.0,SUR,,,,,RUB
EQOB,2013-04-04,Ростел 18,RU000A0JTKC0,8.0,531380001.3,100.0,100.3,100.0,100.0,14.38,100.26,8.36,100.13,530005.0,100.24,100.26,100.24,593404003.6,531382003.7,593404003.6,2018-01-24,1403.0,8.29,,,,,,,1000.0,SUR,,,,,RUB
EQOB,2013-04-04,Ростел 15,RU000A0JTKD8,4.0,149893106.9,100.15,100.3,100.15,100.15,14.38,100.26,8.32,100.18,149504.0,100.18,100.18,100.18,350143111.8,350141110.6,350143111.8,2018-01-24,1403.0,8.29,,,,,,,1000.0,SUR,,,,,RUB
EQNO,2013-04-04,РосбанкБО6,RU000A0JTKE6,1.0,5072500.0,101.45,101.45,101.45,101.45,15.43,101.45,8.37,101.45,5000.0,101.38,101.44,101.38,49882032.5,36056602.5,49882032.5,2016-01-30,923.0,8.37,,,,,,,1000.0,SUR,,,,,
EQOS,2013-04-04,МРСКУр Б01,RU000A0JTKL1,7.0,239729826.0,99.51,100.0,100.0,100.0,14.5,99.85,8.57,99.6,240100.0,99.85,99.85,99.85,239771736.6,239770741.6,239771736.6,2016-01-28,925.0,8.63,,,,,,,1000.0,SUR,,,,,
EQNB,2013-04-04,ГТЛК 02,RU000A0JTKM9,1.0,2758050.0,102.15,102.15,102.15,102.15,16.99,102.15,9.31,102.15,2700.0,102.0,102.03,102.0,205223753.3,180283105.8,205223753.3,2018-01-26,907.0,9.31,,,,,,,1000.0,SUR,,,,,RUB
EQNB,2013-04-04,МикоянБО1,RU000A0JTKN7,1.0,1010.0,101.0,101.0,101.0,101.0,21.23,101.0,11.46,101.0,1.0,100.79,100.9,100.79,76093820.0,21632601.1,76093820.0,2016-01-29,291.0,11.46,,,,,,,1000.0,SUR,,,,,
EQNB,2013-04-04,ГИДРОМАШС3,RU000A0JTKY4,3.0,3969131.6,100.18,100.18,100.18,100.18,16.05,100.18,10.27,100.18,3962.0,100.17,100.2,100.17,87609631.6,52761017.6,87609631.6,2018-01-30,911.0,10.27,,,,,,,1000.0,SUR,,,,,
EQNB,2013-04-04,ТатфондБО7,RU000A0JTLE4,4.0,3423800.0,100.7,100.7,100.7,100.7,19.21,100.7,12.16,100.7,3400.0,100.69,100.69,100.69,4462507.0,4462507.0,4462507.0,2016-02-05,298.0,12.16,,,,,,,1000.0,SUR,,,,,
EQNB,2013-04-04,МЕТАЛИНВ 2,RU000A0JTLJ3,2.0,5865955.2,100.17,100.17,100.17,100.17,13.41,100.17,9.05,100.17,5856.0,100.12,100.12,100.12,445227472.2,444996241.2,445227472.2,2023-01-27,1454.0,9.05,,,,,,,1000.0,SUR,,,,,RUB
EQNB,2013-04-04,Башнефть06,RU000A0JTM28,6.0,75077002.5,100.0,100.25,100.1,100.1,12.09,100.1,8.81,100.1,75002.0,100.1,100.1,100.1,275272002.5,200197002.5,275272002.5,2023-01-31,1465.0,8.81,,,,,,,1000.0,SUR,,,,,RUB
EQNB,2013-04-04,Башнефть07,RU000A0JTM36,4.0,187807015.0,99.55,99.7,99.6,99.6,12.37,99.64,9.13,99.55,188495.0,99.56,99.59,99.56,267994564.5,238183602.7,267994564.5,2023-01-31,1902.0,9.12,,,,,,,1000.0,SUR,,,,,RUB
EQNB,2013-04-04,Башнефть08,RU000A0JTM44,12.0,20021000.0,100.0,100.1,100.0,100.1,12.09,100.1,8.83,100.1,20001.0,100.1,100.1,100.1,20021000.0,20021000.0,20021000.0,2023-01-31,1465.0,8.81,,,,,,,1000.0,SUR,,,,,RUB
EQNB,2013-04-04,Башнефть09,RU000A0JTM51,5.0,34871994.0,99.5,99.9,99.7,99.7,12.37,99.63,9.1,99.55,35002.0,99.3,99.59,99.3,198604467.8,49799974.0,198604467.8,2023-01-31,1901.0,9.12,,,,,,,1000.0,SUR,,,,,RUB
EQOB,2013-04-04,РусГидро07,RU000A0JTMG7,13.0,68441005.9,100.0,100.7,100.7,100.7,11.41,100.65,8.49,100.0,68002.0,100.65,100.65,100.65,68441005.9,68441005.9,68441005.9,2023-02-02,1473.0,8.5,,,,,,,1000.0,SUR,,,,,RUB
EQOB,2013-04-04,РусГидро08,RU000A0JTMK9,9.0,12078011.4,100.0,100.65,100.65,100.65,11.41,100.62,8.5,100.0,12003.0,100.62,100.62,100.62,12080024.5,12079018.9,12080024.5,2023-02-02,1473.0,8.51,,,,,,,1000.0,SUR,,,,,RUB
EQNB,2013-04-04,ЮнКрБанкБ6,RU000A0JTMN3,9.0,74391423.8,99.55,100.86,100.8,100.8,11.55,100.71,8.44,99.55,73870.0,100.64,100.71,100.64,174992444.9,74392444.9,174992444.9,2016-02-11,937.0,8.48,,,,,,,1000.0,SUR,,,,,
EQNB,2013-04-04,ЮнКрБанкБ7,RU000A0JTMP8,5.0,151743787.1,100.4,100.87,100.72,100.72,11.55,100.62,8.48,100.64,150804.0,100.62,100.63,100.62,192152242.1,186966287.1,192152242.1,2016-02-11,937.0,8.52,,,,,,,1000.0,SUR,,,,,
EQNB,2013-04-04,ЛОКОБнкБО2,RU000A0JTMR4,9.0,29151395.5,100.44,100.55,100.55,100.55,13.96,100.51,9.93,100.44,29003.0,100.48,100.51,100.48,70335695.5,30155695.5,70335695.5,2016-02-11,306.0,9.98,,,,,,,1000.0,SUR,,,,,
EQNB,2013-04-04,КрЕврБ-БО4,RU000A0JTMY0,2.0,2027022.0,100.1,100.25,100.25,100.25,11.57,100.25,9.49,100.1,2022.0,100.16,100.16,100.16,24650907.0,23298882.0,24650907.0,2016-02-19,313.0,9.49,,,,,,,1000.0,SUR,,,,,
EQNO,2013-04-04,ВТБ БО-22,RU000A0JTN01,1.0,5007500.0,100.15,100.15,100.15,100.15,9.52,100.15,8.07,100.15,5000.0,100.17,100.11,100.17,574161962.0,51674920.0,574161962.0,2016-02-16,939.0,8.07,,,,,,,1000.0,SUR,,,,,
EQNB,2013-04-04,АзТихБ01,RU000A0JTN43,2.0,8419543.0,100.24,100.34,100.24,100.24,12.54,100.29,10.45,100.34,8395.0,100.27,100.27,100.27,18871462.4,15612280.0,18871462.4,2016-02-19,476.0,10.41,,,,,,,1000.0,SUR,,,,,
EQNB,2013-04-04,ГазпромК04,RU000A0JTNB6,1.0,59850000.0,99.75,99.75,99.75,99.75,8.69,99.75,7.76,99.75,60000.0,99.75,99.75,99.75,59871949.4,59867952.4,59871949.4,2018-02-15,1507.0,7.76,,,,,,,1000.0,SUR,,,,,RUB
EQNB,2013-04-04,ГазпромК05,RU000A0JTNC4,3.0,142770000.0,99.8,99.84,99.8,99.8,8.69,99.84,7.75,99.84,143000.0,99.71,99.73,99.71,377916006.2,328114005.0,377916006.2,2017-02-16,1242.0,7.74,,,,,,,1000.0,SUR,,,,,RUR
EQNB,2013-04-04,СУ-155 5об,RU000A0JTNX0,3.0,2181057.4,100.37,100.38,100.38,100.38,13.43,100.37,13.16,100.37,2173.0,100.34,100.34,100.34,5862769.5,5190357.5,5862769.5,2016-02-23,316.0,13.17,,,,,,,1000.0,SUR,,,,,
EQOB,2013-04-04,Магнит 01,RU000A0JTP09,4.0,100177005.0,100.16,100.25,100.25,100.25,8.62,100.18,8.57,100.16,100002.0,100.17,100.17,100.17,240587796.0,240587796.0,240587796.0,2016-02-23,950.0,8.6,,,,,,,1000.0,SUR,,,,,
EQNB,2013-04-04,ЮнКрБанкБ8,RU000A0JTP33,14.0,232352000.0,100.1,100.2,100.2,100.2,8.26,100.15,8.19,100.1,232000.0,100.15,100.15,100.15,232352000.0,232352000.0,232352000.0,2016-02-23,649.0,8.22,,,,,,,1000.0,SUR,,,,,
EQNB,2013-04-04,Альфа БО-8,RU000A0JTP41,7.0,43237509.4,100.44,100.57,100.5,100.5,8.77,100.55,8.62,100.45,43002.0,100.54,100.55,100.54,445397017.1,395145009.4,445397017.1,2016-02-26,951.0,8.6,,,,,,,1000.0,SUR,,,,,
EQNB,2013-04-04,ЮнКрБанкБ9,RU000A0JTP58,18.0,277351921.5,100.0,100.2,100.2,100.2,8.26,100.14,8.19,100.0,276967.0,100.14,100.14,100.14,277351921.5,277351921.5,277351921.5,2016-02-23,649.0,8.22,,,,,,,1000.0,SUR,,,,,
EQNB,2013-04-04,МКБ 12 обл,RU000A0JTPD7,1.0,20000000.0,100.0,100.0,100.0,100.0,12.08,100.0,12.62,100.0,20000.0,,100.0,,0.0,275989790.0,0.0,2018-08-22,1479.0,12.62,,,,,,,1000.0,SUR,,,,,RUB
EQNB,2013-04-04,РФАИнвест3,RU000A0JTPE5,1.0,1000.5,100.05,100.05,100.05,100.05,11.84,100.05,12.52,100.05,1.0,100.0,100.0,100.0,603003.5,502003.5,603003.5,2016-02-24,795.0,12.52,,,,,,,1000.0,SUR,,,,,
EQNB,2013-04-04,РусСтд БО3,RU000A0JTPJ4,1.0,1004.0,100.4,100.4,100.4,100.4,9.67,100.4,9.7,100.4,1.0,100.26,100.26,100.26,21102795.0,21102795.0,21102795.0,2016-02-27,485.0,9.7,,,,,,,1000.0,SUR,,,,,
EQNB,2013-04-04,РусСтд БО4,RU000A0JTPL0,15.0,215956000.0,100.24,100.68,100.68,100.68,9.86,100.44,9.82,100.24,215000.0,100.44,100.44,100.44,215956000.0,215956000.0,215956000.0,2016-02-27,644.0,9.97,,,,,,,1000.0,SUR,,,,,
EQNB,2013-04-04,ХКФБанкБ02,RU000A0JTPN6,1.0,50775000.0,101.55,101.55,101.55,101.55,9.27,101.55,9.08,101.55,50000.0,,101.22,,0.0,189281599.0,0.0,2016-02-24,930.0,9.08,,,,,,,1000.0,SUR,,,,,
EQNB,2013-04-04,ЗапСиб БО3,RU000A0JTPS5,11.0,23391385.0,100.65,100.7,100.65,100.65,11.03,100.65,11.4,100.7,23240.0,100.65,100.65,100.65,23391385.0,23391385.0,23391385.0,2016-02-25,636.0,11.4,,,,,,,1000.0,SUR,,,,,
EQOS,2013-04-04,НорНик БО1,RU000A0JTPV9,5.0,75362290.6,100.45,100.53,100.53,100.53,7.58,100.49,7.84,100.45,74998.0,100.47,100.47,100.47,181849989.6,179835990.6,181849989.6,2016-02-25,959.0,7.85,,,,,,,1000.0,SUR,,,,,
EQOS,2013-04-04,НорНик БО2,RU000A0JTPX5,1.0,50265000.0,100.53,100.53,100.53,100.53,7.58,100.53,7.84,100.53,50000.0,100.46,100.46,100.46,137635015.2,103080401.2,137635015.2,2016-02-25,959.0,7.84,,,,,,,1000.0,SUR,,,,,
EQOS,2013-04-04,НорНик БО4,RU000A0JTPY3,3.0,62329013.0,100.5,101.3,100.53,100.53,7.58,100.53,7.84,101.3,62001.0,100.39,100.45,100.39,374682510.5,224001511.5,374682510.5,2016-02-25,959.0,7.84,,,,,,,1000.0,SUR,,,,,
EQNB,2013-04-04,СДМ-01,RU000A0JTQ16,6.0,762033.9,100.0,100.5,100.5,100.46,11.55,100.4,12.12,100.4,759.0,100.33,100.36,100.33,1215939.0,964436.5,1215939.0,2016-03-01,319.0,12.24,,,,,,,1000.0,SUR,,,,,
EQNO,2013-04-04,РосбанкБО7,RU000A0JTQ32,13.0,54705604.0,100.35,101.0,100.45,100.45,7.96,100.4,8.54,101.0,54485.0,100.4,100.4,100.4,54705604.0,54705604.0,54705604.0,2016-03-01,956.0,8.56,,,,,,,1000.0,SUR,,,,,
EQNB,2013-04-04,Лента 3 об,RU000A0JTQB9,6.0,15763326.7,100.42,101.55,101.5,101.5,8.22,101.55,9.61,100.42,15523.0,101.35,101.52,101.35,60064064.7,17671818.7,60064064.7,2020-02-25,941.0,9.59,,,,,,,1000.0,SUR,,,,,RUB
EQNB,2013-04-04,МорскойБ 1,RU000A0JTQJ2,19.0,7152578.2,100.0,100.06,100.0,100.0,10.13,100.02,13.13,100.0,7151.0,100.02,100.02,100.02,7152578.2,7152578.2,7152578.2,2016-03-09,324.0,13.1,,,,,,,1000.0,SUR,,,,,
EQNB,2013-04-04,ВЭБЛиз 10,RU000A0JTQS3,3.0,3004.0,99.9,100.6,99.9,100.13,6.52,100.13,8.71,99.9,3.0,,100.04,,0.0,120057011.0,0.0,2018-03-01,1338.0,8.64,,,,,,,1000.0,SUR,,,,,RUB
EQNB,2013-04-04,ВЭБЛиз 11,RU000A0JTQU9,1.0,1000.5,100.05,100.05,100.05,100.05,6.52,100.05,8.66,100.05,1.0,100.38,100.1,100.38,63266625.9,25046015.9,63266625.9,2018-03-01,1338.0,8.66,,,,,,,1000.0,SUR,,,,,RUB
EQOB,2013-04-04,Ростел 19,RU000A0JTR15,5.0,80125000.0,100.1,100.2,100.18,100.18,5.1,100.16,8.19,100.1,80000.0,99.97,100.04,99.97,1843469996.4,360145000.0,1843469996.4,2018-03-06,968.0,8.2,,,,,,,1000.0,SUR,,,,,RUB
EQNB,2013-04-04,МегафонФ06,RU000A0JTR98,1.0,9650530.0,99.49,99.49,99.49,99.49,4.82,99.49,8.29,99.49,9700.0,99.84,99.93,99.84,5161463423.0,3866629028.0,5161463423.0,2023-03-01,1513.0,8.29,,,,,,,1000.0,SUR,,,,,RUB
EQNB,2013-04-04,ЦентрИнБО3,RU000A0JTSG4,3.0,5035.1,100.59,100.74,100.7,100.65,2.25,100.7,9.96,100.74,5.0,100.34,100.37,100.34,279350534.8,144137409.1,279350534.8,2016-03-23,512.0,9.96,,,,,,,1000.0,SUR,,,,,
EQNB,2013-04-04,ЦентрИнБО6,RU000A0JTSH2,1.0,15082500.0,100.55,100.55,100.55,100.55,2.25,100.55,10.08,100.55,15000.0,100.37,100.55,100.37,130517612.9,15112608.5,130517612.9,2016-03-23,512.0,10.08,,,,,,,1000.0,SUR,,,,,
EQOB,2013-04-04,МТС БО-01,RU000A0JTTA5,10.0,150719968.0,99.8,100.0,99.8,99.8,0.23,99.8,8.47,99.81,151017.0,99.8,99.8,99.8,150719968.0,150719968.0,150719968.0,2023-03-22,1527.0,8.47,,,,,,,1000.0,SUR,,,,,RUB
EQOB,2013-04-04,ОФЗ 25068,SU25068RMFS6,8.0,77329580.0,108.3,108.35,108.35,108.35,14.14,108.3351,5.69,108.35,71380.0,108.3193,108.335,108.3193,140542124.0,77428133.0,140542124.0,2014-08-20,474.0,5.7,,,,,,,1000.0,SUR,,,,,
EQOB,2013-04-04,ОФЗ 25071,SU25071RMFS0,4.0,18328492.7,103.55,103.6927,103.55,103.5508,28.18,103.5508,5.89,103.6927,17700.0,103.7123,103.6585,103.7123,59047547.2,36490895.66,59047547.2,2014-11-26,561.0,5.88,,,,,,,1000.0,SUR,,,,,
EQOB,2013-04-04,ОФЗ 25076,SU25076RMFS9,73.0,606838769.71,101.29,101.32,101.3,101.3,4.08,101.2998,5.73,101.29,599052.0,101.2998,101.2998,101.2998,606838769.71,606838769.71,606838769.71,2014-03-13,337.0,5.73,,,,,,,1000.0,SUR,,,,,
EQOB,2013-04-04,ОФЗ 25079,SU25079RMFS3,29.0,2001380960.96,102.3,102.4,102.4,102.4,23.01,102.3959,5.88,102.3,1954552.0,102.3959,102.3959,102.3959,2002404160.96,2002404160.96,2002404160.96,2015-06-03,732.0,5.88,,,,,,,1000.0,SUR,,,,,
TQOB,2013-04-04,ОФЗ 25079,SU25079RMFS3,1.0,1023200.0,102.32,102.32,102.32,102.4,23.01,102.32,5.92,102.32,1000.0,102.3959,102.3959,102.3959,2002404160.96,2002404160.96,2002404160.96,2015-06-03,732.0,5.92,,,,,,,1000.0,SUR,,,,,
EQOB,2013-04-04,ОФЗ 25080,SU25080RMFS1,4.0,63764500.0,104.35,104.5,104.5,104.5,32.85,104.3609,6.22,104.4,61100.0,104.3884,104.3884,104.3884,215143456.0,215142412.0,215143456.0,2017-04-19,1267.0,6.26,,,,,,,1000.0,SUR,,,,,RUR
EQOB,2013-04-04,ОФЗ 26200,SU26200RMFS4,2.0,52589250.0,100.17,100.17,100.17,100.17,13.04,100.17,5.6,100.17,52500.0,100.1834,100.1633,100.1834,96607901.7,68165162.7,96607901.7,2013-07-17,103.0,5.6,,,,,,,1000.0,SUR,,,,,
EQOB,2013-04-04,ОФЗ 26201,SU26201RMFS2,8.0,5498773.2,100.36,100.6,100.6,100.6,14.0,100.4526,5.51,100.36,5474.0,100.4984,100.4503,100.4984,8269005.6,5612159.6,8269005.6,2013-10-16,191.0,5.8,,,,,,,1000.0,SUR,,,,,
EQOB,2013-04-04,ОФЗ 26202,SU26202RMFS0,8.0,131828895.0,108.9,108.9,108.9,108.9,4.6,108.9,5.8,108.9,121055.0,108.9453,108.9006,108.9453,248123033.0,132809715.0,248123033.0,2014-12-17,575.0,5.8,,,,,,,1000.0,SUR,,,,,
EQOB,2013-04-04,ОФЗ 26203,SU26203RMFS8,12.0,160025901.7,102.6,102.65,102.6,102.6,10.78,102.6452,6.12,102.6499,155902.0,102.6452,102.6452,102.6452,160025901.7,160025901.7,160025901.7,2016-08-03,1099.0,6.1,,,,,,,1000.0,SUR,,,,,RUR
EQOB,2013-04-04,ОФЗ 26204,SU26204RMFS6,11.0,64329939.4,105.0,105.45,105.0,105.2707,2.88,105.3881,6.41,105.3,61041.0,105.3881,105.3881,105.3881,64329939.4,64329939.4,64329939.4,2018-03-15,1546.0,6.31,,,,,,,1000.0,SUR,,,,,RUB
EQOB,2013-04-04,ОФЗ 26205,SU26205RMFS3,14.0,109381692.5,105.1,105.45,105.1,105.4492,33.74,105.3753,6.88,105.2,103802.0,105.3753,105.3753,105.3753,109381692.5,109381692.5,109381692.5,2021-04-14,2197.0,6.84,,,,,,,1000.0,SUR,,,,,RUB
EQOB,2013-04-04,ОФЗ 26206,SU26206RMFS1,8.0,142128390.5,104.35,104.6,104.6,104.6,21.49,104.5654,6.23,104.35,135923.0,104.5629,104.5629,104.5629,145263982.61,145262939.2,145263982.61,2017-06-14,1323.0,6.24,,,,,,,1000.0,SUR,,,,,RUR
EQOB,2013-04-04,ОФЗ 26207,SU26207RMFS9,48.0,554605623.46,104.7502,108.75,108.7,108.6999,9.6,108.4661,7.28,104.7502,511317.0,108.4654,108.4654,108.4654,555684528.46,555684528.46,555684528.46,2027-02-03,3173.0,7.3,,,,,,,1000.0,SUR,,,,,RUB
TQOB,2013-04-04,ОФЗ 26207,SU26207RMFS9,1.0,1081000.0,108.1,108.1,108.1,108.6999,9.6,108.1,7.34,108.1,1000.0,108.4654,108.4654,108.4654,555684528.46,555684528.46,555684528.46,2027-02-03,3170.0,7.34,,,,,,,1000.0,SUR,,,,,RUB
EQOB,2013-04-04,ОФЗ 26208,SU26208RMFS7,7.0,132005450.0,105.05,105.2,105.2,105.2,5.96,105.0999,6.53,105.12,125600.0,105.1035,105.1035,105.1035,141469350.0,141469350.0,141469350.0,2019-02-27,1781.0,6.55,,,,,,,1000.0,SUR,,,,,RUB
EQOB,2013-04-04,ОФЗ 26209,SU26209RMFS5,18.0,337539739.31,104.0005,105.21,105.21,105.1011,13.33,105.021,6.95,104.95,321402.0,105.021,105.021,105.021,337539739.31,337539739.31,337539739.31,2022-07-20,2488.0,6.98,,,,,,,1000.0,SUR,,,,,RUB
EQOB,2013-04-04,ОФЗ 26210,SU26210RMFS3,5.0,50732211.48,101.1478,101.26,101.2,101.2,19.75,101.2599,6.68,101.26,50101.0,101.859,101.2748,101.859,357529181.78,152824701.48,357529181.78,2019-12-11,1968.0,6.67,,,,,,,1000.0,SUR,,,,,RUB
EQOB,2013-04-04,ОФЗ 26211,SU26211RMFS1,19.0,267659841.2,100.0,100.5,100.5,100.301,14.96,100.0998,7.05,100.1,267393.0,100.0998,100.0998,100.0998,267659841.2,267659841.2,267659841.2,2023-01-25,2614.0,7.1,,,,,,,1000.0,SUR,,,,,RUB
EQOB,2013-04-04,ОФЗ 26212,SU26212RMFS9,4.0,113330.53,98.3533,98.55,98.55,98.55,13.71,98.5483,7.34,98.3533,115.0,98.4044,98.3978,98.4044,799043.44,703543.93,799043.44,2028-01-19,3377.0,7.34,,,,,,,1000.0,SUR,,,,,RUB
EQOB,2013-04-04,ОФЗ 46018,SU46018RMFS6,3.0,50051800.0,98.0,99.0,98.5,98.5,5.56,98.5078,7.06,98.0,50810.0,98.3331,98.4781,98.3331,113613138.13,57474785.83,113613138.13,2021-11-24,2203.0,7.06,,,,,,,1000.0,SUR,,,,,RUB
EQOB,2013-04-04,ОФЗ 46022,SU46022RMFS8,1.0,915.0,91.5,91.5,91.5,91.5,12.64,91.5,7.17,91.5,1.0,92.0128,92.0042,92.0128,17111619.48,16649999.98,17111619.48,2023-07-19,2674.0,7.17,,,,,,,1000.0,SUR,,,,,RUB
