BOARDID,TRADEDATE,SHORTNAME,SECID,NUMTRADES,VALUE,OPEN,LOW,HIGH,LEGALCLOSEPRICE,WAPRICE,CLOSE,VOLUME,MARKETPRICE2,MARKETPRICE3,ADMITTEDQUOTE,MP2VALTRD,MARKETPRICE3TRADESVALUE,ADMITTEDVALUE,WAVAL
EQNE,2013-03-26,АбрауДюрсо,ABRD,16.0,287850.0,82.45,81.63,82.65,82.24,82.24,82.24,3500.0,,82.37,,0.0,535430.0,0.0,
EQNL,2013-03-26,Система ао,AFKS,1645.0,70126030.9,26.194,25.53,26.439,25.839,26.001,25.813,2697100.0,26.001,26.001,26.001,70127637.7,70127637.7,70127637.7,
SMAL,2013-03-26,Система ао,AFKS,2.0,1606.8,26.5,25.4,26.5,25.839,25.505,25.4,63.0,,,,0.0,0.0,0.0,
EQBR,2013-03-26,Аэрофлот,AFLT,1895.0,141103010.0,50.95,49.21,51.8,50.02,50.46,50.01,2796300.0,50.46,50.46,50.46,141104867.0,141104867.0,141104867.0,
SMAL,2013-03-26,Аэрофлот,AFLT,8.0,6952.0,49.66,49.35,50.1,50.02,50.01,50.1,139.0,,,,0.0,0.0,0.0,
EQNE,2013-03-26,ПАВА ао,AKHA,66.0,95891.2,5.633,5.025,5.674,5.081,5.24,5.367,18300.0,,5.644,,0.0,510683.16,0.0,
SMAL,2013-03-26,ПАВА ао,AKHA,1.0,300.0,5.0,5.0,5.0,5.081,5.0,5.0,60.0,,,,0.0,0.0,0.0,
EQNL,2013-03-26,Акрон,AKRN,736.0,19864927.9,1300.5,1291.0,1320.0,1300.0,1305.0,1300.0,15222.0,1305.0,1305.0,1305.0,19782996.4,19782996.4,19782996.4,
EQNE,2013-03-26,АЛРОСА-Нюр,ALNU,1.0,3025000.0,55000.0,55000.0,55000.0,55000.0,55000.0,55000.0,55.0,54511.0,54109.0,54511.0,24639079.0,15583454.0,24639079.0,
EQBR,2013-03-26,АЛРОСА ао,ALRS,332.0,14698433.0,31.995,30.111,32.001,30.994,31.65,30.994,464400.0,31.65,31.65,31.65,14698898.0,14698898.0,14698898.0,
SMAL,2013-03-26,АЛРОСА ао,ALRS,1.0,465.0,31.0,31.0,31.0,30.994,31.0,31.0,15.0,,,,0.0,0.0,0.0,
EQNE,2013-03-26,АшинскийМЗ,AMEZ,41.0,101200.6,5.425,5.25,5.629,5.277,5.412,5.481,18700.0,,5.646,,0.0,505383.08,0.0,
SMAL,2013-03-26,АшинскийМЗ,AMEZ,2.0,566.5,5.0,5.0,5.3,5.277,5.15,5.3,110.0,,,,0.0,0.0,0.0,
EQNL,2013-03-26,Аптеки36и6,APTK,751.0,4585095.1,29.78,28.42,29.78,28.74,28.94,28.84,158410.0,28.94,28.94,28.94,4585389.61,4585389.61,4585389.61,
SMAL,2013-03-26,Аптеки36и6,APTK,2.0,294.51,29.79,28.66,29.79,28.74,29.45,28.66,10.0,,,,0.0,0.0,0.0,
EQNL,2013-03-26,Армада,ARMD,143.0,4160197.1,202.46,192.0,202.47,194.9,195.87,195.0,21240.0,195.87,195.87,195.87,4160197.1,4160197.1,4160197.1,
EQNE,2013-03-26,Арсагера,ARSA,71.0,168602.6,1.0801,1.0318,1.0801,1.0539,1.0538,1.0539,160000.0,,1.0796,,0.0,526972.8,0.0,
EQNE,2013-03-26,АстрЭнСб,ASSB,11.0,161600.2,0.4,0.4,0.4001,0.4,0.4,0.4,404000.0,,0.4136,,0.0,514886.5,0.0,
EQNL,2013-03-26,АВТОВАЗ ао,AVAZ,597.0,6536064.2,12.02,11.314,12.02,11.543,11.649,11.672,561100.0,11.649,11.649,11.649,6536064.2,6536064.2,6536064.2,
EQNL,2013-03-26,АВТОВАЗ ап,AVAZP,407.0,3400992.5,4.992,4.607,4.994,4.799,4.828,4.799,704400.0,4.828,4.828,4.828,3400992.5,3400992.5,3400992.5,
EQNE,2013-03-26,Башнефт ао,BANE,243.0,17098979.9,1940.0,1910.0,1949.9,1925.0,1918.4,1924.9,8913.0,1918.4,1918.4,1918.4,17095099.9,17095099.9,17095099.9,
EQNE,2013-03-26,Башнефт ап,BANEP,590.0,24511710.4,1325.3,1305.0,1325.3,1312.5,1315.2,1315.9,18637.0,1315.2,1315.2,1315.2,24510385.1,24510385.1,24510385.1,
EQDE,2013-03-26,Деликатесы,BGDE,1.0,1235.0,1.235,1.235,1.235,1.235,1.235,1.235,1000.0,,1.2402,,0.0,2980206.9,0.0,
EQNE,2013-03-26,БашИнСв ао,BISV,2.0,51300.1,9.001,9.0,9.001,5.652,9.0,9.0,5700.0,,9.538,,0.0,501364.7,0.0,
SMAL,2013-03-26,БашИнСв ао,BISV,2.0,356.1,5.6,5.6,8.9,5.652,5.652,8.9,63.0,,,,0.0,0.0,0.0,
EQNE,2013-03-26,БашИнСв ап,BISVP,1.0,5320.0,5.32,5.32,5.32,5.32,5.32,5.32,1000.0,,5.431,,0.0,503427.0,0.0,
EQNE,2013-03-26,Белон ао,BLNG,398.0,1709493.1,5.313,5.1,5.34,5.131,5.163,5.17,331100.0,5.163,5.163,5.163,1710567.7,1710567.7,1710567.7,
SMAL,2013-03-26,Белон ао,BLNG,7.0,1074.6,5.095,5.095,5.14,5.131,5.117,5.105,210.0,,,,0.0,0.0,0.0,
EQNE,2013-03-26,БурЗолото,BRZL,2.0,10330.0,520.0,513.0,520.0,513.0,516.5,513.0,20.0,,538.9,,0.0,501144.0,0.0,
EQNL,2013-03-26,БСП ао,BSPB,1440.0,5174050.5,38.24,35.03,38.24,36.66,36.78,36.72,140670.0,36.78,36.78,36.78,5174516.8,5174516.8,5174516.8,
SMAL,2013-03-26,БСП ао,BSPB,3.0,466.3,36.0,35.5,36.0,36.66,35.87,35.6,13.0,,,,0.0,0.0,0.0,
EQNE,2013-03-26,БСП ап,BSPBP,1153.0,4907356.5,37.95,34.04,37.96,35.68,35.75,35.73,137270.0,35.75,35.75,35.75,4907391.43,4907391.43,4907391.43,
SMAL,2013-03-26,БСП ап,BSPBP,1.0,34.93,34.93,34.93,34.93,35.68,34.93,34.93,1.0,,,,0.0,0.0,0.0,
EQNL,2013-03-26,ЧТПЗ ао,CHEP,13.0,207791.0,33.01,29.99,33.01,30.01,32.47,30.0,6400.0,,32.76,,0.0,520901.0,0.0,
EQNL,2013-03-26,СевСт-ао,CHMF,12087.0,866811659.0,298.0,276.5,298.0,280.8,285.9,281.1,3031420.0,285.9,285.9,285.9,865552150.69,865552150.69,865552150.69,
SMAL,2013-03-26,СевСт-ао,CHMF,13.0,11240.9,280.0,277.2,285.0,280.8,281.0,281.5,40.0,,,,0.0,0.0,0.0,
EQNE,2013-03-26,ЧМК ао,CHMK,80.0,267956.0,1920.0,1872.0,1977.0,1948.0,1914.0,1947.0,140.0,,1948.0,,0.0,502648.0,0.0,
EQNL,2013-03-26,ЧЦЗ ао,CHZN,61.0,2570203.4,95.95,88.66,95.95,95.51,95.58,95.51,26890.0,95.58,95.58,95.58,2571143.34,2571143.34,2571143.34,
SMAL,2013-03-26,ЧЦЗ ао,CHZN,3.0,939.94,93.98,93.98,94.0,95.51,93.99,94.0,10.0,,,,0.0,0.0,0.0,
EQNE,2013-03-26,ЧелябЭС ао,CLSB,28.0,126211.6,0.16001,0.14,0.16963,0.16882,0.15025,0.16963,840000.0,,0.16926,,0.0,501030.83,0.0,
EQNE,2013-03-26,ЧелябЭС ап,CLSBP,32.0,182052.9,0.15005,0.135,0.15005,0.139,0.14564,0.139,1250000.0,,0.15021,,0.0,500207.7,0.0,
EQNE,2013-03-26,Телеграф,CNTL,23.0,158400.1,20.003,18.52,20.003,19.525,19.556,19.988,8100.0,,20.59,,0.0,504452.2,0.0,
EQNE,2013-03-26,Телеграф-п,CNTLP,52.0,614285.5,11.501,10.36,11.981,10.47,10.93,10.36,56200.0,10.93,10.93,10.93,614285.5,614285.5,614285.5,
EQNE,2013-03-26,ДагСб ао,DASB,178.0,236469.7,0.0358,0.03222,0.03744,0.03341,0.03422,0.0333,6910000.0,,0.03495,,0.0,501464.3,0.0,
EQNE,2013-03-26,Дорогбж ао,DGBZ,19.0,753848.8,16.803,16.022,17.1,16.942,16.902,17.1,44600.0,16.902,16.902,16.902,753848.8,753848.8,753848.8,
EQNE,2013-03-26,Дорогбж ап,DGBZP,106.0,449074.3,17.555,16.998,17.7,17.258,17.206,17.21,26100.0,,17.283,,0.0,501202.5,0.0,
EQNE,2013-03-26,iЗаводДИОД,DIOD,57.0,220953.5,5.58,5.219,5.58,5.315,5.273,5.299,41900.0,,5.523,,0.0,805297.4,0.0,
EQNL,2013-03-26,ДИКСИ ао,DIXY,584.0,9272283.6,427.08,400.0,428.74,410.61,413.2,413.5,22440.0,413.2,413.2,413.2,9272283.6,9272283.6,9272283.6,
EQNL,2013-03-26,ДЭК ао,DVEC,34.0,152872.2,0.867,0.867,0.966,0.928,0.9265,0.928,165000.0,,0.9363,,0.0,522250.6,0.0,
SMAL,2013-03-26,ДЭК ао,DVEC,2.0,720.0,0.9,0.9,0.9,0.928,0.9,0.9,800.0,,,,0.0,0.0,0.0,
EQNE,2013-03-26,iДонскЗР п,DZRDP,14.0,14413.3,484.4,477.0,484.4,478.5,480.4,477.0,30.0,,516.9,,0.0,500352.5,0.0,
EQNE,2013-03-26,Электрцинк,ELTZ,9.0,14197.9,508.9,470.1,514.8,470.1,507.1,470.1,28.0,,554.6,,0.0,528572.3,0.0,
EQNL,2013-03-26,Э.ОНРоссия,EONR,1313.0,45292877.8,2.6399,2.5602,2.6399,2.615,2.6036,2.6169,17396000.0,2.6036,2.6036,2.6036,45304646.17,45304646.17,45304646.17,
SMAL,2013-03-26,Э.ОНРоссия,EONR,24.0,24967.87,2.5936,2.5701,2.667,2.615,2.5914,2.6001,9635.0,,,,0.0,0.0,0.0,
EQNE,2013-03-26,iЕВК ао,EVCO,1.0,66290.0,662.9,662.9,662.9,663.0,662.9,662.9,100.0,662.8,662.8,662.8,662800.0,662800.0,662800.0,
EQNL,2013-03-26,ФСК ЕЭС ао,FEES,14205.0,548970112.0,0.156,0.14811,0.1569,0.14946,0.15182,0.1492,3616040000.0,0.15182,0.15182,0.15182,548798661.49,548798661.49,548798661.49,
SMAL,2013-03-26,ФСК ЕЭС ао,FEES,54.0,18329.49,0.1485,0.14801,0.16,0.14946,0.15034,0.14977,121919.0,,,,0.0,0.0,0.0,
TQNL,2013-03-26,ФСК ЕЭС ао,FEES,4.0,212700.0,0.17,0.16,0.17,0.14946,0.16881,0.17,1260000.0,0.15182,0.15182,0.15182,548798661.49,548798661.49,548798661.49,
EQNL,2013-03-26,ДВМП ао,FESH,151.0,1661581.9,7.929,7.81,8.098,7.811,7.879,7.938,210900.0,7.879,7.879,7.879,1661581.9,1661581.9,1661581.9,
EQNE,2013-03-26,ГАЗ ао,GAZA,8.0,474747.0,1379.9,1331.1,1380.0,1356.4,1356.4,1350.0,350.0,1354.4,1355.1,1354.4,514682.0,501370.0,514682.0,
EQNE,2013-03-26,ГАЗПРОМ ао,GAZP,50114.0,5259488551.0,139.0,136.5,139.48,136.74,138.07,136.58,38093140.0,138.07,138.07,138.07,5376766320.35,5376766320.35,5376766320.35,
SMAL,2013-03-26,ГАЗПРОМ ао,GAZP,41.0,18499.57,139.0,135.32,140.95,136.74,138.06,137.2,134.0,,,,0.0,0.0,0.0,
TQNE,2013-03-26,ГАЗПРОМ ао,GAZP,158.0,37702784.2,138.81,136.59,139.54,136.74,138.47,137.21,272290.0,138.07,138.07,138.07,5376766320.35,5376766320.35,5376766320.35,
EQBR,2013-03-26,ЧеркизГ-ао,GCHE,44.0,69206.4,544.4,540.2,547.9,547.9,544.9,547.9,127.0,,550.0,,0.0,503233.9,0.0,
EQBS,2013-03-26,ГМКНорНик,GMKN,14770.0,1622715184.0,5083.0,5048.0,5145.0,5122.0,5101.0,5125.0,318097.0,5101.0,5101.0,5101.0,1675676883.7,1675676883.7,1675676883.7,
TQBS,2013-03-26,ГМКНорНик,GMKN,91.0,18524096.0,5098.0,5054.0,5143.0,5122.0,5099.0,5122.0,3633.0,5101.0,5101.0,5101.0,1675676883.7,1675676883.7,1675676883.7,
EQNL,2013-03-26,Разгуляй,GRAZ,1092.0,24265368.0,14.86,13.91,14.99,14.02,14.27,14.0,1701000.0,14.27,14.27,14.27,24267388.41,24267388.41,24267388.41,
SMAL,2013-03-26,Разгуляй,GRAZ,3.0,2020.41,13.9,13.9,14.09,14.02,14.03,14.09,144.0,,,,0.0,0.0,0.0,
EQNE,2013-03-26,GTL ао,GTLC,5.0,148690.0,1.674,1.645,1.674,1.6494,1.6521,1.645,90000.0,,1.7084,,0.0,500560.0,0.0,
EQDE,2013-03-26,ГлТоргПрод,GTPR,15.0,265813.5,35.4,34.97,35.5,35.409,35.442,35.413,7500.0,,35.49,,0.0,546543.5,0.0,
EQNE,2013-03-26,ГУМ,GUMM,317.0,2527262.0,67.95,67.95,69.13,61.78,68.68,68.96,36800.0,68.67,68.67,68.67,2528022.22,2528022.22,2528022.22,
SMAL,2013-03-26,ГУМ,GUMM,9.0,760.22,63.07,56.16,68.0,61.78,63.35,56.16,12.0,,,,0.0,0.0,0.0,
EQNL,2013-03-26,Галс-Девел,HALS,207.0,1782473.1,260.0,260.0,266.9,260.0,260.3,260.0,6848.0,260.3,260.3,260.3,1782473.1,1782473.1,1782473.1,
EQNE,2013-03-26,Химпром ао,HIMC,19.0,420000.0,0.75,0.75,0.75,0.7365,0.75,0.75,560000.0,,0.7253,,0.0,508300.82,0.0,
SMAL,2013-03-26,Химпром ао,HIMC,2.0,1021.58,0.7365,0.7365,0.737,0.7365,0.7365,0.737,1387.0,,,,0.0,0.0,0.0,
EQNE,2013-03-26,Химпром ап,HIMCP,11.0,115500.0,1.05,1.05,1.05,1.05,1.05,1.05,110000.0,,0.99,,0.0,501919.6,0.0,
EQBR,2013-03-26,РусГидро,HYDR,17705.0,764432302.0,0.61,0.58,0.6144,0.5846,0.5927,0.5839,1289660000.0,0.5927,0.5927,0.5927,764392324.57,764392324.57,764392324.57,
SMAL,2013-03-26,РусГидро,HYDR,43.0,5526.37,0.5821,0.55,0.6028,0.5846,0.5801,0.5846,9527.0,,,,0.0,0.0,0.0,
EQNE,2013-03-26,Ижсталь ап,IGSTP,5.0,35431.0,520.5,480.0,548.6,530.0,506.16,530.0,70.0,,583.6,,0.0,501899.3,0.0,
EQBR,2013-03-26,ИнтерРАОао,IRAO,4464.0,206796979.6,0.018853,0.01752,0.018999,0.017981,0.018051,0.017994,11456300000.0,0.018051,0.018051,0.018051,206810583.93,206810583.93,206810583.93,
SMAL,2013-03-26,ИнтерРАОао,IRAO,526.0,32457.33,0.01815,0.017,0.018989,0.017981,0.017547,0.018,1849782.0,,,,0.0,0.0,0.0,
EQBR,2013-03-26,ИркЭнерго,IRGZ,56.0,1707683.1,14.442,13.3,14.442,13.5,13.532,13.5,126200.0,13.532,13.532,13.532,1707683.1,1707683.1,1707683.1,
EQNE,2013-03-26,ИРКУТ-3,IRKT,95.0,670262.9,5.703,5.55,5.877,5.592,5.7,5.728,117600.0,5.7,5.7,5.7,670262.9,670262.9,670262.9,
EQNE,2013-03-26,iИСКЧ ао,ISKJ,30.0,369557.2,13.785,13.763,14.0,13.939,13.946,13.939,26500.0,,13.817,,0.0,501566.8,0.0,
EQNE,2013-03-26,Славн-ЯНОС,JNOS,33.0,140295.8,17.986,16.7,18.0,17.699,17.32,17.699,8100.0,,17.921,,0.0,1548344.4,0.0,
EQNE,2013-03-26,Слав-ЯНОСп,JNOSP,28.0,168247.7,13.0,12.499,13.397,12.5,12.65,12.5,13300.0,,12.828,,0.0,502838.7,0.0,
EQNE,2013-03-26,Куйбазот-п,KAZTP,12.0,116200.6,50.001,50.0,52.0,52.0,50.522,52.0,2300.0,,53.601,,0.0,518858.7,0.0,
EQNE,2013-03-26,ТНСэКубань,KBSB,44.0,1128832.9,171.0,160.0,171.0,162.0,168.73,162.0,6690.0,168.74,168.74,168.74,1129732.9,1129732.9,1129732.9,
SMAL,2013-03-26,ТНСэКубань,KBSB,1.0,900.0,180.0,180.0,180.0,162.0,180.0,180.0,5.0,,,,0.0,0.0,0.0,
EQNL,2013-03-26,КузбТК ао,KBTK,16.0,210971.1,89.0,82.99,89.0,83.01,84.73,83.01,2490.0,,89.27,,0.0,501670.8,0.0,
EQNE,2013-03-26,КамчатЭ ао,KCHE,8.0,10512.4,0.10005,0.09999,0.12111,0.12111,0.10512,0.12111,100000.0,,,,0.0,0.0,0.0,
EQNE,2013-03-26,КировЭС ап,KISBP,10.0,4776.8,0.04302,0.03717,0.04302,0.0415,0.03981,0.0415,120000.0,,0.04774,,0.0,510333.83,0.0,
EQBS,2013-03-26,КАМАЗ,KMAZ,141.0,5222305.0,39.31,37.5,39.49,38.0,38.2,38.15,136700.0,38.2,38.2,38.2,5224130.9,5224130.9,5224130.9,
SMAL,2013-03-26,КАМАЗ,KMAZ,3.0,1825.9,38.0,36.1,38.0,38.0,36.52,36.1,50.0,,,,0.0,0.0,0.0,
EQNE,2013-03-26,КурганЭн,KRGE,29.0,1656899.0,33.45,33.0,34.25,33.225,33.338,33.01,49700.0,33.338,33.338,33.338,1656899.0,1656899.0,1656899.0,
EQNE,2013-03-26,КурганЭн-п,KRGEP,12.0,649600.0,29.8,29.5,29.8,29.5,29.527,29.5,22000.0,29.527,29.527,29.527,649600.0,649600.0,649600.0,
EQNE,2013-03-26,ТКЗКК ао,KRKO,10.0,234520.5,12.7,12.1,12.7,12.215,12.215,12.102,19200.0,,12.71,,0.0,3318770.6,0.0,
EQNE,2013-03-26,ТКЗКК ап,KRKOP,3.0,32300.0,10.8,10.7,10.8,10.7,10.767,10.7,3000.0,,10.712,,0.0,500236.7,0.0,
EQNE,2013-03-26,КрасОкт-ао,KROT,47.0,2054945.9,192.0,191.93,206.98,199.99,199.7,199.0,10290.0,199.7,199.7,199.7,2055909.92,2055909.92,2055909.92,
SMAL,2013-03-26,КрасОкт-ао,KROT,2.0,964.02,192.02,192.02,193.0,199.99,192.8,193.0,5.0,,,,0.0,0.0,0.0,
EQNE,2013-03-26,КрасОкт-1п,KROTP,9.0,23089.2,68.02,64.76,68.02,67.83,67.91,68.0,340.0,,71.84,,0.0,509686.7,0.0,
EQNE,2013-03-26,Красэсб ао,KRSB,2.0,8010.0,4.01,4.0,4.01,4.0,4.005,4.0,2000.0,,4.136,,0.0,502365.5,0.0,
EQNE,2013-03-26,Красэсб ап,KRSBP,2.0,6967.7,3.49,3.4777,3.49,3.4839,3.4839,3.4777,2000.0,,3.5718,,0.0,503618.8,0.0,
EQNE,2013-03-26,КраснГЭС,KRSG,5.0,22248.4,64.58,64.58,66.1,66.08,65.44,66.08,340.0,,66.11,,0.0,501120.4,0.0,
EQNE,2013-03-26,КСБ ао,KTSB,1.0,4780.0,0.478,0.478,0.478,0.4525,0.478,0.478,10000.0,,,,0.0,0.0,0.0,
SMAL,2013-03-26,КСБ ао,KTSB,1.0,2460.0,0.41,0.41,0.41,0.4525,0.41,0.41,6000.0,,,,0.0,0.0,0.0,
EQNE,2013-03-26,КСБ ап,KTSBP,3.0,13527.0,0.4509,0.4509,0.4509,0.4509,0.4509,0.4509,30000.0,,0.4827,,0.0,501113.57,0.0,
EQNE,2013-03-26,Кубанэнр,KUBE,13.0,65171.4,118.11,118.06,120.45,115.01,118.49,118.06,550.0,,124.99,,0.0,500201.93,0.0,
SMAL,2013-03-26,Кубанэнр,KUBE,1.0,575.05,115.01,115.01,115.01,115.01,115.01,115.01,5.0,,,,0.0,0.0,0.0,
EQNE,2013-03-26,КузнецкийБ,KUZB,2.0,1000.4,0.026,0.02468,0.026,0.02468,0.02501,0.02468,40000.0,,0.02648,,0.0,502256.9,0.0,
EQNE,2013-03-26,Кузбасэнрг,KZBE,15.0,106801.5,0.089,0.089,0.08901,0.089,0.089,0.089,1200000.0,,0.08943,,0.0,502425.3,0.0,
SMAL,2013-03-26,Кузбасэнрг,KZBE,10.0,2305.64,0.07844,0.07844,0.089,0.089,0.08799,0.0889,26204.0,,,,0.0,0.0,0.0,
EQNE,2013-03-26,ОргСинт ао,KZOS,11.0,252820.1,5.5,5.5,5.6455,5.5997,5.6182,5.5997,45000.0,,5.6095,,0.0,504851.3,0.0,
EQNE,2013-03-26,ОргСинт ап,KZOSP,34.0,404199.0,2.41,2.4001,2.45,2.4003,2.4059,2.4003,168000.0,,2.415,,0.0,504729.1,0.0,
EQNE,2013-03-26,iФармсинтз,LIFE,91.0,235146.9,12.686,11.19,12.686,12.268,12.121,12.4,19400.0,,12.211,,0.0,525024.4,0.0,
SMAL,2013-03-26,iФармсинтз,LIFE,1.0,1044.0,12.0,12.0,12.0,12.268,12.0,12.0,87.0,,,,0.0,0.0,0.0,
EQBR,2013-03-26,ЛУКОЙЛ,LKOH,15118.0,1917120698.3,1927.0,1917.4,1949.1,1938.7,1929.9,1938.0,993355.0,1930.0,1930.0,1930.0,1951924638.22,1951924638.22,1951924638.22,
TQBR,2013-03-26,ЛУКОЙЛ,LKOH,24.0,7035671.0,1920.5,1919.8,1944.5,1938.7,1926.0,1944.5,3653.0,1930.0,1930.0,1930.0,1951924638.22,1951924638.22,1951924638.22,
EQNE,2013-03-26,Лензолото,LNZL,31.0,432022.5,5211.4,5211.4,5404.9,5318.2,5333.6,5318.2,81.0,,5339.5,,0.0,501911.2,0.0,
EQNE,2013-03-26,Лензол. ап,LNZLP,21.0,101946.8,1650.0,1620.0,1665.8,1665.8,1644.3,1665.8,62.0,,1665.7,,0.0,504715.9,0.0,
EQNE,2013-03-26,ЛЭСК ао,LPSB,6.0,384574.3,6.1011,6.1011,6.1056,6.1,6.1044,6.1056,63000.0,6.1033,6.1033,6.1033,508144.0,508144.0,508144.0,
SMAL,2013-03-26,ЛЭСК ао,LPSB,1.0,347.7,6.1,6.1,6.1,6.1,6.1,6.1,57.0,,,,0.0,0.0,0.0,
EQNL,2013-03-26,Ленэнерго,LSNG,86.0,942415.4,5.925,5.65,5.95,5.8,5.771,5.799,163300.0,5.771,5.771,5.771,941230.4,941230.4,941230.4,
EQNL,2013-03-26,Ленэнерг-п,LSNGP,56.0,208961.7,12.075,11.67,12.075,11.7,11.873,11.67,17600.0,,11.981,,0.0,556061.4,0.0,
SMAL,2013-03-26,Ленэнерг-п,LSNGP,1.0,102.0,8.5,8.5,8.5,11.7,8.5,8.5,12.0,,,,0.0,0.0,0.0,
EQBR,2013-03-26,ЛСР ао,LSRG,650.0,8140472.7,576.0,555.0,588.9,585.9,571.9,586.0,14234.0,571.9,571.9,571.9,8140472.7,8140472.7,8140472.7,
EQNE,2013-03-26,iЛевенгук,LVHK,52.0,2164549.9,17.27,17.27,17.547,17.546,17.498,17.547,123700.0,17.498,17.498,17.498,2164549.9,2164549.9,2164549.9,
EQNE,2013-03-26,МагадЭн ап,MAGEP,3.0,5549.4,1.8496,1.8496,1.8499,1.8498,1.8498,1.8499,3000.0,,1.8399,,0.0,501115.9,0.0,
EQNL,2013-03-26,ММК,MAGN,6276.0,205469023.2,8.603,8.032,8.649,8.203,8.261,8.2,24872400.0,8.261,8.261,8.261,205464289.17,205464289.17,205464289.17,
SMAL,2013-03-26,ММК,MAGN,3.0,427.77,8.2,8.2,8.987,8.203,8.73,8.987,49.0,,,,0.0,0.0,0.0,
EQNE,2013-03-26,МашЗавод,MASZ,12.0,397910.2,2670.0,2525.0,2680.0,2560.0,2534.5,2560.0,157.0,,2575.2,,0.0,728775.2,0.0,
EQNE,2013-03-26,Мегион-ао,MFGS,17.0,5007413.0,480.0,461.0,480.0,461.0,461.1,461.0,10860.0,461.1,461.1,461.1,5007413.0,5007413.0,5007413.0,
EQNE,2013-03-26,Мегион-ап,MFGSP,78.0,6011428.7,390.9,360.0,390.9,380.0,371.08,380.0,16200.0,371.08,371.08,371.08,6011428.7,6011428.7,6011428.7,
EQLV,2013-03-26,МегаФон ао,MFON,284.0,16325468.0,913.3,899.4,931.0,925.4,916.6,929.9,17810.0,916.6,916.6,916.6,16325468.0,16325468.0,16325468.0,
EQBR,2013-03-26,Магнит ао,MGNT,2729.0,238330095.8,5680.0,5607.0,5750.0,5646.1,5655.1,5644.2,42144.0,5655.1,5655.1,5655.1,238330095.8,238330095.8,238330095.8,
EQNE,2013-03-26,СМЗ-ао,MGNZ,49.0,723089.9,6000.0,5800.0,6000.0,5934.8,5927.0,6000.0,122.0,5927.0,5927.0,5927.0,723089.9,723089.9,723089.9,
EQNE,2013-03-26,МГТС-5ао,MGTS,1.0,5499.6,549.96,549.96,549.96,549.96,549.96,549.96,10.0,,476.61,,0.0,627215.46,0.0,
EQNE,2013-03-26,МГТС-4ап,MGTSP,1.0,5100.0,510.0,510.0,510.0,510.0,510.0,510.0,10.0,,514.88,,0.0,504579.8,0.0,
EQNE,2013-03-26,МедиаВиМ,MGVM,1121.0,3428170.9,2.681,2.453,2.695,2.476,2.567,2.497,1335600.0,2.567,2.567,2.567,3428170.9,3428170.9,3428170.9,
EQNE,2013-03-26,МариЭнСб-п,MISBP,11.0,37299.9,2.8,2.8,2.9999,2.8917,2.8692,2.85,13000.0,,2.9903,,0.0,586189.8,0.0,
EQNE,2013-03-26,БМ-Банк,MMBM,18.0,446312.5,884.3,875.0,884.3,875.0,875.1,875.0,510.0,,875.1,,0.0,534687.5,0.0,
EQNE,2013-03-26,ГазпрМНПЗ,MNPZ,128.0,10255357.0,9053.0,8250.0,9053.0,8583.0,8902.0,8580.0,1152.0,8902.0,8902.0,8902.0,10255357.0,10255357.0,10255357.0,
EQNE,2013-03-26,МосОблБанк,MOBB,10.0,50634275.0,59.55,59.5,61.0,60.5,60.49,61.0,837000.0,60.49,60.49,60.49,50634275.0,50634275.0,50634275.0,
EQLV,2013-03-26,МосБиржа,MOEX,397.0,17399763.7,51.55,50.3,52.0,51.49,51.34,51.49,338920.0,51.33,51.33,51.33,22348213.7,22348213.7,22348213.7,
TQLV,2013-03-26,МосБиржа,MOEX,40.0,4948450.0,50.92,50.69,51.61,51.49,51.28,51.19,96500.0,51.33,51.33,51.33,22348213.7,22348213.7,22348213.7,
EQNE,2013-03-26,Морион ао,MORI,3.0,10710.8,3.61,3.55,3.61,3.5703,3.5703,3.55,3000.0,,4.1381,,0.0,504850.2,0.0,
EQBR,2013-03-26,МРСК Центр,MRKC,149.0,3342719.0,0.5685,0.5353,0.57,0.5391,0.565,0.5391,5916000.0,0.565,0.565,0.565,3343464.51,3343464.51,3343464.51,
SMAL,2013-03-26,МРСК Центр,MRKC,4.0,745.51,0.5,0.5,0.5408,0.5391,0.5243,0.5408,1422.0,,,,0.0,0.0,0.0,
EQBR,2013-03-26,Россети ао,MRKH,6154.0,231031569.0,1.65,1.562,1.656,1.579,1.597,1.578,144667000.0,1.597,1.597,1.597,230976574.28,230976574.28,230976574.28,
SMAL,2013-03-26,Россети ао,MRKH,19.0,12655.28,1.553,1.548,1.585,1.579,1.572,1.581,8052.0,,,,0.0,0.0,0.0,
EQBS,2013-03-26,Россети ап,MRKHP,388.0,4481577.7,1.11,1.049,1.11,1.0516,1.0572,1.053,4239000.0,1.0572,1.0572,1.0572,4481677.85,4481677.85,4481677.85,
SMAL,2013-03-26,Россети ап,MRKHP,1.0,100.15,1.0015,1.0015,1.0015,1.0516,1.0015,1.0015,100.0,,,,0.0,0.0,0.0,
EQNE,2013-03-26,МРСК СК,MRKK,444.0,1475757.4,18.43,17.05,19.06,17.41,18.03,17.8,81870.0,18.03,18.03,18.03,1475775.2,1475775.2,1475775.2,
SMAL,2013-03-26,МРСК СК,MRKK,1.0,17.8,17.8,17.8,17.8,17.41,17.8,17.8,1.0,,,,0.0,0.0,0.0,
EQBR,2013-03-26,МРСК ЦП,MRKP,120.0,4813469.0,0.21406,0.181,0.21406,0.18395,0.18715,0.18492,25720000.0,0.18713,0.18713,0.18713,4813278.66,4813278.66,4813278.66,
SMAL,2013-03-26,МРСК ЦП,MRKP,4.0,1950.26,0.13801,0.13801,0.19295,0.18395,0.1773,0.19295,11000.0,,,,0.0,0.0,0.0,
EQNL,2013-03-26,МРСКСиб,MRKS,187.0,1133206.9,0.09426,0.08055,0.09426,0.08559,0.08618,0.086,13150000.0,0.08616,0.08616,0.08616,1133382.86,1133382.86,1133382.86,
SMAL,2013-03-26,МРСКСиб,MRKS,4.0,1118.56,0.07111,0.07111,0.0843,0.08559,0.07747,0.0843,14438.0,,,,0.0,0.0,0.0,
EQBS,2013-03-26,МРСК Ур,MRKU,51.0,1078852.4,0.2339,0.20004,0.2339,0.215,0.20949,0.215,5150000.0,0.20938,0.20938,0.20938,1078327.01,1078327.01,1078327.01,
SMAL,2013-03-26,МРСК Ур,MRKU,2.0,1813.61,0.17112,0.17112,0.221,0.215,0.17842,0.221,10165.0,,,,0.0,0.0,0.0,
EQBS,2013-03-26,МРСКВол,MRKV,66.0,461882.6,0.07349,0.071,0.07349,0.07128,0.07217,0.07112,6400000.0,,0.07223,,0.0,565975.69,0.0,
SMAL,2013-03-26,МРСКВол,MRKV,3.0,381.09,0.06391,0.056,0.07,0.07128,0.06273,0.07,6075.0,,,,0.0,0.0,0.0,
EQNL,2013-03-26,МРСКЮга ао,MRKY,110.0,2765073.9,0.05471,0.04631,0.05471,0.04785,0.0471,0.047,58710000.0,0.0471,0.0471,0.0471,2764936.34,2764936.34,2764936.34,
SMAL,2013-03-26,МРСКЮга ао,MRKY,3.0,409.54,0.04703,0.04136,0.04703,0.04785,0.04384,0.04136,9341.0,,,,0.0,0.0,0.0,
EQBS,2013-03-26,МРСК СЗ,MRKZ,97.0,254496.3,0.05998,0.0556,0.06086,0.05742,0.05771,0.05887,4410000.0,,0.05898,,0.0,622276.39,0.0,
EQNE,2013-03-26,МордЭнСб,MRSB,23.0,81164.9,0.21,0.18,0.21,0.21,0.19796,0.20997,410000.0,,0.22756,,0.0,506028.02,0.0,
SMAL,2013-03-26,МордЭнСб,MRSB,3.0,2876.92,0.21,0.1322,0.21,0.21,0.20999,0.21,13700.0,,,,0.0,0.0,0.0,
EQBR,2013-03-26,+МосЭнерго,MSNG,1037.0,20972241.0,1.295,1.2651,1.3069,1.2752,1.2808,1.2729,16374000.0,1.2808,1.2808,1.2808,20981338.08,20981338.08,20981338.08,
SMAL,2013-03-26,+МосЭнерго,MSNG,23.0,9097.08,1.28,1.2466,1.3099,1.2752,1.2663,1.2681,7184.0,,,,0.0,0.0,0.0,
EQBR,2013-03-26,МОЭСК,MSRS,107.0,1157359.9,1.5051,1.45,1.5287,1.4747,1.4953,1.492,774000.0,1.4953,1.4953,1.4953,1157359.9,1157359.9,1157359.9,
EQNL,2013-03-26,МосЭС ао,MSSB,237.0,3779952.0,0.44,0.4153,0.4445,0.4161,0.4315,0.417,8760000.0,0.4315,0.4315,0.4315,3783801.44,3783801.44,3783801.44,
SMAL,2013-03-26,МосЭС ао,MSSB,4.0,3849.44,0.3904,0.3904,0.41,0.4161,0.3928,0.3921,9800.0,,,,0.0,0.0,0.0,
EQNE,2013-03-26,МультиСис,MSST,94.0,673942.3,12.322,12.31,12.857,12.681,12.457,12.555,54100.0,12.457,12.457,12.457,673942.3,673942.3,673942.3,
EQNL,2013-03-26,Мостотрест,MSTT,782.0,12719022.4,142.43,138.52,142.62,142.26,140.39,142.62,90600.0,140.39,140.39,140.39,12719985.4,12719985.4,12719985.4,
SMAL,2013-03-26,Мостотрест,MSTT,3.0,963.0,138.0,137.0,140.0,142.26,137.57,140.0,7.0,,,,0.0,0.0,0.0,
EQBR,2013-03-26,Мечел ао,MTLR,6126.0,333063928.7,158.9,150.5,159.4,154.2,154.2,154.4,2159372.0,154.2,154.2,154.2,332981300.7,332981300.7,332981300.7,
EQBR,2013-03-26,Мечел ап,MTLRP,1248.0,17597341.9,92.98,89.51,93.47,89.82,91.59,89.7,192130.0,91.59,91.59,91.59,17598249.57,17598249.57,17598249.57,
SMAL,2013-03-26,Мечел ап,MTLRP,2.0,907.67,91.07,88.04,91.07,89.82,90.77,88.04,10.0,,,,0.0,0.0,0.0,
EQBR,2013-03-26,МТС-ао,MTSS,3673.0,289090757.5,276.8,271.5,277.2,273.41,275.21,273.99,1050440.0,275.21,275.21,275.21,288946126.4,288946126.4,288946126.4,
SMAL,2013-03-26,МТС-ао,MTSS,10.0,10428.9,275.35,273.9,275.35,273.41,274.44,273.9,38.0,,,,0.0,0.0,0.0,
EQNE,2013-03-26,МурмТЭЦ-п,MUGSP,5.0,9306.0,0.195,0.16059,0.19501,0.18612,0.18612,0.19501,50000.0,,0.21862,,0.0,501903.47,0.0,
EQNL,2013-03-26,М.видео,MVID,1618.0,90454833.9,246.97,232.0,249.0,233.19,235.23,233.5,384530.0,235.23,235.23,235.23,90454833.9,90454833.9,90454833.9,
EQNE,2013-03-26,iНЕКК ао,NEKK,2.0,1120.1,5.601,5.6,5.601,5.601,5.601,5.6,200.0,,5.78,,0.0,500539.1,0.0,
EQNE,2013-03-26,Нефтекамск,NFAZ,7.0,21306.8,124.7,124.7,129.99,129.99,125.33,129.99,170.0,,132.02,,0.0,534690.4,0.0,
EQBS,2013-03-26,НКНХ ао,NKNC,118.0,1784649.7,26.803,26.2,26.803,26.4,26.322,26.4,67800.0,26.324,26.324,26.324,1786581.7,1786581.7,1786581.7,
SMAL,2013-03-26,НКНХ ао,NKNC,3.0,1932.0,28.0,28.0,28.0,26.4,28.0,28.0,69.0,,,,0.0,0.0,0.0,
EQBS,2013-03-26,НКНХ ап,NKNCP,132.0,3448481.1,23.454,22.8,23.454,23.0,23.005,23.0,149900.0,23.006,23.006,23.006,3449417.1,3449417.1,3449417.1,
SMAL,2013-03-26,НКНХ ап,NKNCP,1.0,936.0,26.0,26.0,26.0,23.0,26.0,26.0,36.0,,,,0.0,0.0,0.0,
EQNE,2013-03-26,Нижкамшина,NKSH,2.0,3600.0,18.0,18.0,18.0,18.0,18.0,18.0,200.0,,17.822,,0.0,555487.69,0.0,
EQNL,2013-03-26,НЛМК ао,NLMK,11519.0,468438205.0,49.96,46.65,50.1,47.58,48.23,47.6,9711870.0,48.23,48.23,48.23,468377253.8,468377253.8,468377253.8,
EQNL,2013-03-26,НМТП ао,NMTP,387.0,4534029.8,3.3951,3.3751,3.55,3.5352,3.4506,3.55,1314000.0,3.4505,3.4505,3.4505,4536014.06,4536014.06,4536014.06,
SMAL,2013-03-26,НМТП ао,NMTP,1.0,1984.26,3.3071,3.3071,3.3071,3.5352,3.3071,3.3071,600.0,,,,0.0,0.0,0.0,
EQNE,2013-03-26,ТНСэнНН ао,NNSB,11.0,26235.3,730.0,720.0,735.0,726.7,728.8,720.0,36.0,,729.5,,0.0,504070.0,0.0,
EQNE,2013-03-26,ТНСэнНН ап,NNSBP,82.0,219852.0,737.0,715.0,747.0,719.3,725.6,732.9,303.0,,731.1,,0.0,502286.9,0.0,
EQNE,2013-03-26,iНаукаСвяз,NSVZ,19.0,148308.0,182.0,170.0,190.0,170.07,178.68,170.0,830.0,,188.73,,0.0,502012.9,0.0,
EQNE,2013-03-26,Новсибэн,NVNG,3.0,7903.0,250.3,250.3,274.9,274.9,263.4,274.9,30.0,,269.6,,0.0,504474.0,0.0,
SMAL,2013-03-26,Новсибэн,NVNG,1.0,166.0,166.0,166.0,166.0,274.9,166.0,166.0,1.0,,,,0.0,0.0,0.0,
EQBR,2013-03-26,Новатэк ао,NVTK,5750.0,376614808.2,309.0,307.65,312.81,308.51,309.53,308.44,1216740.0,309.53,309.53,309.53,376558916.26,376558916.26,376558916.26,
SMAL,2013-03-26,Новатэк ао,NVTK,6.0,2818.06,313.5,301.0,318.88,308.51,313.12,309.52,9.0,,,,0.0,0.0,0.0,
EQNE,2013-03-26,Медиахолд,ODVA,145.0,464981.2,0.7499,0.71,0.7629,0.7188,0.7277,0.7261,639000.0,,0.7306,,0.0,520215.0,0.0,
EQBR,2013-03-26,ОГК-2 ао,OGKB,3813.0,58534055.8,0.328,0.3083,0.3286,0.3156,0.3163,0.3155,185077000.0,0.3163,0.3163,0.3163,58530568.12,58530568.12,58530568.12,
SMAL,2013-03-26,ОГК-2 ао,OGKB,21.0,3072.32,0.31,0.3055,0.314,0.3156,0.3113,0.3124,9868.0,,,,0.0,0.0,0.0,
EQBR,2013-03-26,ЭнелРос ао,OGKE,538.0,9614708.3,1.5199,1.3317,1.5452,1.4348,1.4674,1.43,6552000.0,1.4674,1.4674,1.4674,9622027.77,9622027.77,9622027.77,
SMAL,2013-03-26,ЭнелРос ао,OGKE,17.0,7319.47,1.46,1.4,1.46,1.4348,1.424,1.425,5140.0,,,,0.0,0.0,0.0,
EQNE,2013-03-26,Омскшина,OMSH,17.0,114279.0,621.0,613.4,659.5,650.0,634.9,650.0,180.0,,668.6,,0.0,635142.0,0.0,
EQNE,2013-03-26,ОМЗ-ао,OMZZ,42.0,1774513.0,32.11,31.5,32.58,32.58,32.26,32.58,55000.0,32.26,32.26,32.26,1774513.0,1774513.0,1774513.0,
EQNE,2013-03-26,ОМЗ-ап,OMZZP,9.0,28610.4,2200.1,2200.0,2203.0,2201.0,2200.8,2200.0,13.0,,2394.0,,0.0,500349.9,0.0,
EQNL,2013-03-26,ИНГРАД ао,OPIN,17.0,8421.2,320.0,307.0,320.0,308.6,311.9,316.2,27.0,,311.2,,0.0,500024.6,0.0,
EQNE,2013-03-26,ОМПК ао,OSMP,1.0,2626.0,26.26,26.26,26.26,26.26,26.26,26.26,100.0,25.56,27.76,25.56,3941221.0,1143799.0,3941221.0,
EQBR,2013-03-26,ФосАгро ао,PHOR,296.0,2774862.8,1257.4,1257.4,1319.9,1314.8,1308.9,1315.0,2120.0,1309.6,1309.6,1309.6,2739655.6,2739655.6,2739655.6,
EQNL,2013-03-26,Фармстанд,PHST,561.0,3601496.1,2021.8,1961.5,2049.9,2037.8,2018.8,2040.0,1784.0,2018.8,2018.8,2018.8,3601496.1,3601496.1,3601496.1,
EQBR,2013-03-26,ПИК ао,PIKK,1032.0,26313015.9,59.41,59.4,60.3,60.3,60.15,60.0,437460.0,60.15,60.15,60.15,26295491.4,26295491.4,26295491.4,
SMAL,2013-03-26,ПИК ао,PIKK,1.0,298.5,59.7,59.7,59.7,60.3,59.7,59.7,5.0,,,,0.0,0.0,0.0,
EQNE,2013-03-26,Плазмек,PLSM,10.0,121321887.0,5.493,5.3,5.8,5.725,5.566,5.65,21796000.0,5.566,5.566,5.566,121321887.0,121321887.0,121321887.0,
EQNE,2013-03-26,Полюс,PLZL,1174.0,15936407.5,1037.5,1030.0,1083.0,1033.2,1049.6,1034.9,15184.0,1049.6,1049.6,1049.6,15904245.0,15904245.0,15904245.0,
EQNE,2013-03-26,ПермМот ао,PMOT,14.0,32357.1,0.9368,0.78,0.9368,0.7473,0.7892,0.7976,41000.0,,0.8064,,0.0,500047.26,0.0,
SMAL,2013-03-26,ПермМот ао,PMOT,1.0,442.56,0.48,0.48,0.48,0.7473,0.48,0.48,922.0,,,,0.0,0.0,0.0,
EQNE,2013-03-26,ПермьЭнСб,PMSB,13.0,72441.3,60.66,60.3,60.7,60.59,60.37,60.6,1200.0,,60.66,,0.0,514368.7,0.0,
EQNE,2013-03-26,ПермьЭнС-п,PMSBP,6.0,52200.2,60.0,60.0,60.01,60.0,60.0,60.0,870.0,,59.83,,0.0,582396.0,0.0,
EQNE,2013-03-26,ПМП ао,PRIM,4.0,5100.0,1.329,1.21,1.329,1.21,1.275,1.21,4000.0,,1.278,,0.0,505227.6,0.0,
SMAL,2013-03-26,ПМП ао,PRIM,1.0,240.0,0.8,0.8,0.8,1.21,0.8,0.8,300.0,,,,0.0,0.0,0.0,
EQNE,2013-03-26,ПроектИ ао,PRIN,390.0,540910.7,2.671,2.518,2.72,2.656,2.65,2.7,204100.0,2.65,2.65,2.65,542515.62,542515.62,542515.62,
SMAL,2013-03-26,ПроектИ ао,PRIN,12.0,1604.92,2.7,2.6,2.7,2.656,2.679,2.6,599.0,,,,0.0,0.0,0.0,
EQNL,2013-03-26,ПРОТЕК ао,PRTK,261.0,10761237.0,40.01,39.15,40.31,39.32,39.53,39.47,272200.0,39.53,39.53,39.53,10769049.51,10769049.51,10769049.51,
SMAL,2013-03-26,ПРОТЕК ао,PRTK,5.0,7812.51,39.0,39.0,39.9,39.32,39.06,39.9,200.0,,,,0.0,0.0,0.0,
EQNL,2013-03-26,Распадская,RASP,3186.0,102965857.8,60.65,58.0,60.94,58.41,59.51,58.55,1730260.0,59.51,59.51,59.51,102962743.32,102962743.32,102962743.32,
SMAL,2013-03-26,Распадская,RASP,3.0,524.52,58.03,58.03,58.78,58.41,58.28,58.78,9.0,,,,0.0,0.0,0.0,
EQNL,2013-03-26,РБК ао,RBCM,606.0,8107895.6,11.36,10.561,11.389,10.948,11.033,10.98,734900.0,11.033,11.033,11.033,8108004.6,8108004.6,8108004.6,
SMAL,2013-03-26,РБК ао,RBCM,2.0,109.0,10.9,10.9,10.9,10.948,10.9,10.9,10.0,,,,0.0,0.0,0.0,
EQNE,2013-03-26,РегБР ао,REBR,209.0,481173.2,7.987,7.987,9.0,8.32,8.368,8.32,57500.0,,8.343,,0.0,503112.1,0.0,
SMAL,2013-03-26,РегБР ао,REBR,1.0,8.2,8.204,8.204,8.204,8.32,8.2,8.204,1.0,,,,0.0,0.0,0.0,
EQNE,2013-03-26,ЭнергияРКК,RKKE,39.0,835016.0,4125.0,4000.0,4160.0,4147.0,4154.0,4147.0,201.0,4156.0,4156.0,4156.0,789641.0,789641.0,789641.0,
EQNE,2013-03-26,iРоллман,RLMN,23.0,963882.9,451.25,448.55,451.25,448.55,450.41,448.55,2140.0,450.41,450.41,450.41,963882.9,963882.9,963882.9,
EQNE,2013-03-26,РНТ,RNAV,11.0,110664.0,31.6,30.3,32.69,31.68,31.62,31.68,3500.0,,31.67,,0.0,502940.31,0.0,
SMAL,2013-03-26,РНТ,RNAV,4.0,1939.34,28.99,25.12,28.99,31.68,25.86,25.12,75.0,,,,0.0,0.0,0.0,
EQNL,2013-03-26,Росбанк ао,ROSB,4.0,10451.3,88.0,87.01,88.0,87.01,87.09,87.01,120.0,,94.8,,0.0,500158.68,0.0,
EQNL,2013-03-26,Роснефть,ROSN,20771.0,1725837020.5,241.58,236.8,242.96,237.58,239.85,237.76,7195410.0,239.85,239.85,239.85,1783497257.9,1783497257.9,1783497257.9,
SMAL,2013-03-26,Роснефть,ROSN,35.0,38129.63,235.16,217.64,240.0,237.58,236.83,238.99,161.0,,,,0.0,0.0,0.0,
TQNL,2013-03-26,Роснефть,ROSN,189.0,41627290.2,231.07,231.07,242.4,237.58,239.84,237.41,173560.0,239.85,239.85,239.85,1783497257.9,1783497257.9,1783497257.9,
EQNL,2013-03-26,РОСИНТЕРао,ROST,50.0,529632.0,123.7,116.9,123.7,119.2,119.3,119.2,4440.0,119.3,119.3,119.3,529632.0,529632.0,529632.0,
EQNL,2013-03-26,РусАква ао,RSEA,38.0,775339.0,49.84,46.07,49.9,48.03,49.07,48.0,15800.0,49.07,49.07,49.07,775542.96,775542.96,775542.96,
SMAL,2013-03-26,РусАква ао,RSEA,1.0,203.96,50.99,50.99,50.99,48.03,50.99,50.99,4.0,,,,0.0,0.0,0.0,
EQBR,2013-03-26,ПИФИндРТС,RSTR,2.0,661293.9,1148.2,1144.1,1148.2,1144.1,1144.1,1144.1,578.0,1155.4,1155.4,1155.4,1626864.7,1626864.7,1626864.7,
EQNE,2013-03-26,ГазпРнД ао,RTGZ,41.0,1017549.0,15300.0,13950.0,15450.0,14329.0,14747.0,14000.0,69.0,14747.0,14747.0,14747.0,1017549.0,1017549.0,1017549.0,
EQBR,2013-03-26,Ростел -ао,RTKM,5244.0,338586414.0,121.07,120.06,121.88,120.79,120.85,120.99,2801640.0,120.85,120.85,120.85,338543425.15,338543425.15,338543425.15,
SMAL,2013-03-26,Ростел -ао,RTKM,14.0,4228.45,120.51,120.51,121.05,120.79,120.81,121.05,35.0,,,,0.0,0.0,0.0,
EQBR,2013-03-26,Ростел -ап,RTKMP,495.0,73982658.0,90.7,89.12,90.74,89.31,89.73,89.33,824500.0,89.73,89.73,89.73,73991877.47,73991877.47,73991877.47,
SMAL,2013-03-26,Ростел -ап,RTKMP,7.0,9219.47,89.86,89.22,89.86,89.31,89.51,89.22,103.0,,,,0.0,0.0,0.0,
EQNE,2013-03-26,ТНСэнРст,RTSB,155.0,3035914.2,0.33895,0.2947,0.34443,0.30508,0.30821,0.3003,9850000.0,0.30821,0.30821,0.30821,3035914.2,3035914.2,3035914.2,
EQNE,2013-03-26,ТНСэнРст-п,RTSBP,22.0,233150.0,0.34798,0.32,0.34798,0.32067,0.3379,0.322,690000.0,,0.34343,,0.0,501412.1,0.0,
EQNL,2013-03-26,ПИФСбер-КН,RU000A0ERGA7,4.0,261002.0,90.01,90.0,90.01,90.0,90.0,90.0,2900.0,,90.28,,0.0,538330.79,0.0,
EQNL,2013-03-26,РодПростор,RU000A0JNFU5,1.0,47030.0,47030.0,47030.0,47030.0,47030.0,47030.0,47030.0,1.0,47152.0,47141.0,47152.0,943035.0,801405.0,943035.0,
EQBR,2013-03-26,iЗПИФФинИТ,RU000A0JNUN9,33.0,717296.5,579.89,560.0,600.0,560.03,578.46,560.0,1240.0,578.46,578.46,578.46,717296.5,717296.5,717296.5,
EQNE,2013-03-26,ПИФАрсЖД,RU000A0JPJ84,1.0,11730.0,782.0,782.0,782.0,782.0,782.0,782.0,15.0,,,,0.0,0.0,0.0,
EQNE,2013-03-26,ПИФИмп-ПФН,RU000A0JQ4B0,1.0,127890.0,1470.0,1470.0,1470.0,1470.0,1470.0,1470.0,87.0,,1445.2,,0.0,1637424.5,0.0,
EQBR,2013-03-26,Агрокап.ип,RU000A0JQD06,1.0,2801110.0,2154.7,2154.7,2154.7,2154.7,2154.7,2154.7,1300.0,,2149.2,,0.0,15817944.4,0.0,
EQNE,2013-03-26,ПИФПанИнв,RU000A0JQVQ3,7.0,365412.7,965.0,965.0,968.7,966.2,966.7,966.2,378.0,965.3,967.0,965.3,898659.9,555058.9,898659.9,
EQNE,2013-03-26,ТретРезерв,RU000A0JQVW1,1.0,4500.0,900.0,900.0,900.0,900.0,900.0,900.0,5.0,,947.6,,0.0,942855.7,0.0,
EQBR,2013-03-26,ВАбхазии,RU000A0JR1E9,2.0,40075400.0,1327.0,1327.0,1327.0,1327.0,1327.0,1327.0,30200.0,,1327.0,,0.0,40525425.0,0.0,
EQNE,2013-03-26,СилвСерфер,RU000A0JR4W5,4.0,17470.0,919.0,919.0,920.0,920.0,919.5,920.0,19.0,,921.3,,0.0,503046.0,0.0,
EQBS,2013-03-26,ПИФМАМаунт,RU000A0JR5E0,20.0,108789.6,985.3,980.1,997.0,994.1,989.0,986.4,110.0,,976.9,,0.0,503087.2,0.0,
EQNE,2013-03-26,ТринфЗенит,RU000A0JRCV1,6.0,906167.6,1075.9,1075.9,1077.0,1076.2,1076.2,1077.0,842.0,1076.2,1076.2,1076.2,1682101.1,1488338.6,1682101.1,
EQNE,2013-03-26,ТринфПолис,RU000A0JRVP3,6.0,1165093.8,1218.5,1215.8,1218.5,1217.4,1217.4,1215.8,957.0,1215.8,1216.4,1215.8,4386765.3,2257635.3,4386765.3,
EQNL,2013-03-26,ПИФМежотрН,RU000A0JS363,5.0,80219750.0,190.78,190.78,191.3,191.15,191.0,191.3,420000.0,,191.0,,0.0,180602353.1,0.0,
EQNE,2013-03-26,ТринфДолин,RU000A0JS629,7.0,1116806.0,964.7,964.7,966.0,965.3,965.3,966.0,1157.0,965.4,965.3,965.4,1841086.0,1395824.4,1841086.0,
EQNE,2013-03-26,ПИФМдАльфа,RU000A0JS868,3.0,27810822.4,1004.7,1004.0,1004.7,1004.0,1004.0,1004.0,27700.0,1004.0,1004.0,1004.0,28071819.8,28019636.6,28071819.8,
EQNE,2013-03-26,ПИФРаздМКМ,RU000A0JS8S3,5.0,388490.5,1011.5,1011.5,1012.0,1012.0,1011.7,1012.0,384.0,1011.9,1012.0,1011.9,904625.0,773130.0,904625.0,
EQNL,2013-03-26,ПИФКоммИнв,RU000A0JS991,3.0,129422.4,1096.8,1096.8,1096.8,1096.8,1096.8,1096.8,118.0,,,,0.0,0.0,0.0,
EQNL,2013-03-26,ПИФБизнИнв,RU000A0JS9C5,3.0,109460.0,1094.6,1094.6,1094.6,1094.6,1094.6,1094.6,100.0,,,,0.0,0.0,0.0,
EQNE,2013-03-26,ПИФРегнКН,RU000A0JSAB5,2.0,83050.0,1662.0,1660.0,1662.0,1661.0,1661.0,1660.0,50.0,1661.0,1661.1,1661.0,747450.0,539850.0,747450.0,
EQNE,2013-03-26,ПИФЗемлБаз,RU000A0JSY41,2.0,19361.0,1019.0,1019.0,1019.0,1019.0,1019.0,1019.0,19.0,1019.2,1019.2,1019.2,44224622.8,44224622.8,44224622.8,
EQNL,2013-03-26,ПИФЗемПодм,RU000A0JT2H8,2.0,203310.0,101660.0,101650.0,101660.0,101660.0,101660.0,101650.0,2.0,101660.0,101660.0,101660.0,1626480.0,1016550.0,1626480.0,
EQNL,2013-03-26,Кольчуга,RU000A0JTCK0,2.0,153560.0,19200.0,19190.0,19200.0,19195.0,19195.0,19190.0,8.0,19195.0,19195.0,19195.0,978930.0,691020.0,978930.0,
EQNE,2013-03-26,ПИФЕВРАЗФН,RU000A0JTJQ2,7.0,45000.9,1000.0,999.7,1000.3,1000.0,1000.0,1000.3,45.0,,1000.1,,0.0,501050.6,0.0,
EQBR,2013-03-26,Русал рдр,RUALR,498.0,26458166.8,155.57,153.82,157.48,153.95,155.44,153.82,170220.0,155.44,155.44,155.44,26458456.8,26458456.8,26458456.8,
SMAL,2013-03-26,Русал рдр,RUALR,1.0,290.0,145.0,145.0,145.0,153.95,145.0,145.0,2.0,,,,0.0,0.0,0.0,
EQNE,2013-03-26,Русгрэйн,RUGR,44.0,119258.3,15.75,14.3,15.96,14.99,14.54,14.99,8200.0,,15.36,,0.0,523002.0,0.0,
EQNE,2013-03-26,СамарЭн-ао,SAGO,25.0,139400.0,0.3851,0.38,0.4197,0.3912,0.3983,0.3912,350000.0,,0.3895,,0.0,584211.0,0.0,
EQNE,2013-03-26,СамарЭн-ап,SAGOP,29.0,221145.0,0.3902,0.39,0.4999,0.4003,0.4423,0.3955,500000.0,,0.4081,,0.0,505079.39,0.0,
EQNE,2013-03-26,СаратЭн-ао,SARE,38.0,29224.5,0.06099,0.05744,0.06149,0.058,0.05964,0.05744,490000.0,,0.06009,,0.0,590487.76,0.0,
SMAL,2013-03-26,СаратЭн-ао,SARE,2.0,585.61,0.049,0.049,0.055,0.058,0.05418,0.055,10809.0,,,,0.0,0.0,0.0,
EQNE,2013-03-26,СаратЭн-ап,SAREP,13.0,32495.6,0.04026,0.04001,0.04102,0.04005,0.04012,0.04001,810000.0,,0.04241,,0.0,501761.52,0.0,
SMAL,2013-03-26,СаратЭн-ап,SAREP,1.0,125.89,0.038,0.038,0.038,0.04005,0.038,0.038,3313.0,,,,0.0,0.0,0.0,
EQBR,2013-03-26,Сбербанк,SBER,64596.0,11714972813.8,98.73,96.81,99.3,97.13,97.81,97.11,119768650.0,97.82,97.82,97.82,12218468579.3,12218468579.3,12218468579.3,
SMAL,2013-03-26,Сбербанк,SBER,39.0,10660.79,97.5,94.15,98.35,97.13,96.92,97.67,110.0,,,,0.0,0.0,0.0,
TQBR,2013-03-26,Сбербанк,SBER,183.0,126030358.8,98.58,97.08,99.31,97.13,98.19,97.2,1283550.0,97.82,97.82,97.82,12218468579.3,12218468579.3,12218468579.3,
EQBR,2013-03-26,Сбербанк-п,SBERP,14657.0,1200605087.0,73.09,71.32,74.18,72.25,72.64,72.2,16527700.0,72.64,72.64,72.64,1228822882.29,1228822882.29,1228822882.29,
SMAL,2013-03-26,Сбербанк-п,SBERP,58.0,54003.69,72.7,65.83,72.96,72.25,71.62,72.88,754.0,,,,0.0,0.0,0.0,
TQBR,2013-03-26,Сбербанк-п,SBERP,106.0,15216505.0,72.64,71.34,74.06,72.25,72.77,72.3,209100.0,72.64,72.64,72.64,1228822882.29,1228822882.29,1228822882.29,
EQBS,2013-03-26,Селигдар,SELG,162.0,39844487.4,8.08,7.55,8.199,7.926,7.625,7.925,5225200.0,7.625,7.625,7.625,39844487.4,39844487.4,39844487.4,
EQNE,2013-03-26,Селестра,SELL,23.0,21952.0,806.4,803.1,834.9,807.7,813.0,807.7,27.0,,855.6,,0.0,500551.1,0.0,
EQNL,2013-03-26,СЭМЗ ао,SEMZ,7.0,14826.4,91.0,91.0,99.0,92.67,92.67,99.0,160.0,,97.71,,0.0,521787.0,0.0,
EQNE,2013-03-26,Газпрнефть,SIBN,839.0,25311192.7,134.4,131.2,134.9,131.76,133.15,131.7,190090.0,133.15,133.15,133.15,25313162.36,25313162.36,25313162.36,
SMAL,2013-03-26,Газпрнефть,SIBN,5.0,1969.66,132.7,131.04,132.7,131.76,131.31,131.5,15.0,,,,0.0,0.0,0.0,
EQNL,2013-03-26,Сургнфгз,SNGS,16159.0,809779889.6,26.684,26.205,27.077,26.909,26.701,26.904,30327500.0,26.702,26.702,26.702,823434477.7,823434477.7,823434477.7,
SMAL,2013-03-26,Сургнфгз,SNGS,3.0,3277.4,26.687,26.687,27.5,26.909,27.312,26.882,120.0,,,,0.0,0.0,0.0,
TQNL,2013-03-26,Сургнфгз,SNGS,20.0,2279486.0,26.796,26.394,26.976,26.909,26.755,26.954,85200.0,26.702,26.702,26.702,823434477.7,823434477.7,823434477.7,
EQNL,2013-03-26,Сургнфгз-п,SNGSP,7771.0,690468452.0,20.386,20.386,21.279,21.001,21.091,21.009,32737700.0,21.095,21.095,21.095,691010978.43,691010978.43,691010978.43,
SMAL,2013-03-26,Сургнфгз-п,SNGSP,9.0,5049.33,21.046,20.413,21.05,21.001,20.694,20.999,244.0,,,,0.0,0.0,0.0,
EQNE,2013-03-26,ГПНХСал ао,SNOS,9.0,968275.0,5260.0,5260.0,5265.0,5265.0,5262.4,5265.0,184.0,5219.8,5262.2,5219.8,2881334.9,1031395.0,2881334.9,
EQNE,2013-03-26,СтаврЭнСб,STSB,18.0,6648.6,0.35,0.3401,0.3624,0.3587,0.3499,0.3587,19000.0,,0.3743,,0.0,506369.8,0.0,
EQNE,2013-03-26,СтаврЭнСбп,STSBP,444.0,412409.2,0.1594,0.1334,0.1594,0.1424,0.1438,0.1441,2868000.0,,0.1455,,0.0,500452.0,0.0,
SMAL,2013-03-26,СтаврЭнСбп,STSBP,1.0,15.0,0.15,0.15,0.15,0.1424,0.15,0.15,100.0,,,,0.0,0.0,0.0,
EQNL,2013-03-26,СОЛЛЕРС,SVAV,101.0,3445993.0,753.8,739.4,756.9,740.4,750.8,740.0,4590.0,750.8,750.8,750.8,3445993.0,3445993.0,3445993.0,
EQNE,2013-03-26,СвердЭС ап,SVSBP,2.0,4336.7,0.7117,0.7117,0.725,0.725,0.7228,0.7117,6000.0,,0.7652,,0.0,518289.57,0.0,
EQNL,2013-03-26,Белуга ао,SYNG,9.0,46086.1,515.6,509.9,515.6,509.9,512.1,509.9,90.0,,530.7,,0.0,500986.3,0.0,
EQNE,2013-03-26,СЗПароход,SZPR,3.0,14049.9,450.0,450.0,479.99,479.99,468.33,479.99,30.0,456.71,476.48,456.71,858607.6,500307.6,858607.6,
EQNL,2013-03-26,ТРАНСАЭРао,TAER,37.0,387026.6,138.01,137.01,139.0,138.16,138.22,139.0,2800.0,,138.17,,0.0,518126.6,0.0,
EQNE,2013-03-26,ТАНТАЛ ао,TANL,6.0,4618.5,19.84,19.84,20.63,20.21,20.08,20.63,230.0,,21.86,,0.0,505748.2,0.0,
EQNE,2013-03-26,ТамбЭнСб,TASB,1.0,11900.0,0.17,0.17,0.17,0.17,0.17,0.17,70000.0,,0.19558,,0.0,500283.4,0.0,
EQNE,2013-03-26,ТамбЭнСб-п,TASBP,9.0,14954.1,0.15055,0.1458,0.15055,0.14954,0.14954,0.1458,100000.0,,0.16392,,0.0,501625.51,0.0,
EQBR,2013-03-26,Татнфт 3ао,TATN,3965.0,229093495.7,196.81,194.5,198.48,197.03,196.49,196.8,1165950.0,196.49,196.49,196.49,230606120.82,230606120.82,230606120.82,
EQBR,2013-03-26,Татнфт 3ап,TATNP,764.0,37485680.3,106.28,106.0,107.5,106.05,106.31,106.0,352610.0,106.31,106.31,106.31,37485891.74,37485891.74,37485891.74,
SMAL,2013-03-26,Татнфт 3ап,TATNP,1.0,211.44,105.72,105.72,105.72,106.05,105.72,105.72,2.0,,,,0.0,0.0,0.0,
EQNE,2013-03-26,ТрКред ао,TCBN,23.0,104228.0,28.0,23.32,28.0,27.2,25.421,27.2,4100.0,,28.138,,0.0,503678.4,0.0,
EQBR,2013-03-26,ТГК-1,TGKA,656.0,18616368.0,0.006595,0.006214,0.00673,0.00634,0.006391,0.00633,2913100000.0,0.006391,0.006391,0.006391,18620772.99,18620772.99,18620772.99,
SMAL,2013-03-26,ТГК-1,TGKA,18.0,4404.99,0.006041,0.00604,0.006379,0.00634,0.006174,0.006115,713419.0,,,,0.0,0.0,0.0,
EQNL,2013-03-26,ТГК-2,TGKB,285.0,1055310.0,0.00189,0.001801,0.001893,0.001834,0.001839,0.001837,574000000.0,0.001838,0.001838,0.001838,1058537.04,1058537.04,1058537.04,
SMAL,2013-03-26,ТГК-2,TGKB,11.0,3227.04,0.001812,0.001707,0.001812,0.001834,0.001726,0.001732,1869855.0,,,,0.0,0.0,0.0,
EQNE,2013-03-26,ТГК-2 ап,TGKBP,2.0,4337.0,0.002169,0.002168,0.002169,0.001812,0.002169,0.002168,2000000.0,,0.002326,,0.0,501303.93,0.0,
SMAL,2013-03-26,ТГК-2 ап,TGKBP,1.0,1351.75,0.001812,0.001812,0.001812,0.001812,0.001812,0.001812,746000.0,,,,0.0,0.0,0.0,
EQBS,2013-03-26,Квадра,TGKD,363.0,3673140.5,0.00497,0.0045,0.004977,0.004519,0.004633,0.004507,792800000.0,0.004633,0.004633,0.004633,3674495.4,3674495.4,3674495.4,
SMAL,2013-03-26,Квадра,TGKD,8.0,1354.9,0.004631,0.004132,0.004631,0.004519,0.004534,0.004134,298864.0,,,,0.0,0.0,0.0,
EQNE,2013-03-26,Квадра-п,TGKDP,26.0,47610.8,0.005805,0.0054,0.005805,0.005404,0.005536,0.005404,8600000.0,,0.005739,,0.0,500038.17,0.0,
EQNL,2013-03-26,ТГК-5,TGKE,375.0,2061542.2,0.003301,0.003131,0.003337,0.003156,0.003212,0.003227,641800000.0,0.003212,0.003212,0.003212,2061718.28,2061718.28,2061718.28,
SMAL,2013-03-26,ТГК-5,TGKE,6.0,176.08,0.00315,0.0031,0.00315,0.003156,0.003121,0.0031,56409.0,,,,0.0,0.0,0.0,
EQNL,2013-03-26,ТГК-6,TGKF,148.0,896693.6,0.00475,0.004498,0.00475,0.004559,0.004577,0.004588,195900000.0,0.004577,0.004577,0.004577,898252.07,898252.07,898252.07,
SMAL,2013-03-26,ТГК-6,TGKF,8.0,1558.47,0.0046,0.00435,0.004601,0.004559,0.004553,0.00435,342292.0,,,,0.0,0.0,0.0,
EQNL,2013-03-26,ТГК-9,TGKI,130.0,2205562.0,0.002926,0.0029,0.003,0.00295,0.002941,0.00295,750000000.0,0.00294,0.00294,0.00294,2213321.6,2213321.6,2213321.6,
SMAL,2013-03-26,ТГК-9,TGKI,8.0,7759.6,0.002824,0.002818,0.002848,0.00295,0.002832,0.002826,2739730.0,,,,0.0,0.0,0.0,
EQNL,2013-03-26,ТГК-14,TGKN,30.0,666414.0,0.001525,0.0015,0.001525,0.0015,0.001511,0.0015,441000000.0,0.001511,0.001511,0.001511,668431.98,668431.98,668431.98,
SMAL,2013-03-26,ТГК-14,TGKN,6.0,2017.98,0.001312,0.001312,0.001365,0.0015,0.001332,0.001365,1515530.0,,,,0.0,0.0,0.0,
EQNE,2013-03-26,РН Холд ао,TNBP,1887.0,150670183.0,48.65,35.15,48.81,35.65,39.85,35.54,3781300.0,39.85,39.85,39.85,150682604.64,150682604.64,150682604.64,
SMAL,2013-03-26,РН Холд ао,TNBP,13.0,17286.64,40.01,31.11,40.01,35.65,37.18,36.53,465.0,,,,0.0,0.0,0.0,
EQNE,2013-03-26,РН Холд ап,TNBPP,2419.0,163657528.0,37.23,26.27,37.23,27.61,29.78,27.86,5496300.0,29.78,29.78,29.78,163663283.55,163663283.55,163663283.55,
SMAL,2013-03-26,РН Холд ап,TNBPP,12.0,9478.55,30.01,27.0,30.01,27.61,29.08,27.7,326.0,,,,0.0,0.0,0.0,
EQNE,2013-03-26,ТРК ап,TORSP,4.0,15949.0,0.2327,0.2212,0.2327,0.2278,0.2278,0.2212,70000.0,,0.2404,,0.0,502452.02,0.0,
EQBR,2013-03-26,ТМК ао,TRMK,203.0,3911156.4,85.49,80.1,85.49,81.3,81.69,81.08,47880.0,81.69,81.69,81.69,3911983.21,3911983.21,3911983.21,
SMAL,2013-03-26,ТМК ао,TRMK,2.0,826.81,83.0,79.81,83.0,81.3,82.68,79.81,10.0,,,,0.0,0.0,0.0,
EQNL,2013-03-26,Транснф ап,TRNFP,3989.0,844678100.0,66050.0,64557.0,66686.0,65813.0,65509.0,65900.0,12894.0,65510.0,65510.0,65510.0,844876111.09,844876111.09,844876111.09,
EQNE,2013-03-26,Таттел. ао,TTLK,31.0,259672.9,0.15805,0.155,0.15805,0.15522,0.15643,0.155,1660000.0,,0.15828,,0.0,502132.71,0.0,
SMAL,2013-03-26,Таттел. ао,TTLK,1.0,51.52,0.16,0.16,0.16,0.15522,0.16,0.16,322.0,,,,0.0,0.0,0.0,
EQNE,2013-03-26,ТКСМ ао,TUCH,1207.0,1210411.2,2.69,2.53,2.7,2.56,2.6,2.55,465490.0,2.6,2.6,2.6,1210115.3,1210115.3,1210115.3,
EQNE,2013-03-26,ЦУМ-2,TZUM,4.0,124900.0,31.3,31.0,31.3,31.0,31.225,31.0,4000.0,30.472,30.359,30.472,807521.0,507000.0,807521.0,
EQNE,2013-03-26,УАЗ ао,UAZA,14.0,192651.9,2.15,2.14,2.15,2.1402,2.1406,2.14,90000.0,,2.1709,,0.0,503235.74,0.0,
EQNE,2013-03-26,УдмуртЭС,UDSB,1.0,1200.0,1.2,1.2,1.2,1.2,1.2,1.2,1000.0,,1.2032,,0.0,504145.75,0.0,
EQNE,2013-03-26,УдмуртЭС-п,UDSBP,5.0,20015.6,0.9318,0.9,0.9318,0.9001,0.9098,0.9,22000.0,,1.0083,,0.0,500659.87,0.0,
EQNL,2013-03-26,УМПО ао,UFMO,3.0,82530.0,17.0,16.7,17.0,16.7,16.843,16.7,4900.0,,17.592,,0.0,511921.7,0.0,
EQNE,2013-03-26,ЮжКузб. ао,UKUZ,28.0,194684.7,1715.0,1562.5,1744.0,1624.0,1678.3,1624.0,116.0,,1759.2,,0.0,657954.1,0.0,
EQNL,2013-03-26,iАвиастКао,UNAC,556.0,31987833.1,0.14404,0.134,0.14404,0.137,0.13535,0.137,236340000.0,0.13535,0.13535,0.13535,31987833.1,31987833.1,31987833.1,
EQNE,2013-03-26,УКОРФ ао,URFD,15.0,1353400.0,6.7,6.7,6.7,6.7,6.7,6.7,202000.0,6.7,6.7,6.7,1353400.0,1353400.0,1353400.0,
EQBR,2013-03-26,Уркалий-ао,URKA,7854.0,602237401.3,232.63,226.35,232.63,229.55,228.49,229.3,2635740.0,228.48,228.48,228.48,601085599.41,601085599.41,601085599.41,
SMAL,2013-03-26,Уркалий-ао,URKA,9.0,8390.14,205.15,205.15,229.0,229.55,220.79,222.19,38.0,,,,0.0,0.0,0.0,
TQBR,2013-03-26,Уркалий-ао,URKA,1.0,2271.3,227.13,227.13,227.13,229.55,227.13,227.13,10.0,228.48,228.48,228.48,601085599.41,601085599.41,601085599.41,
EQNE,2013-03-26,УрКузница,URKZ,6.0,167182.0,4412.0,4170.0,4412.0,4170.0,4400.0,4170.0,38.0,4664.0,4648.0,4664.0,886144.0,562414.0,886144.0,
EQNE,2013-03-26,УралСиб ао,USBN,33.0,201552.7,0.075,0.0705,0.07575,0.07055,0.0725,0.0705,2780000.0,,0.07474,,0.0,500716.65,0.0,
EQBR,2013-03-26,ЮТэйр ао,UTAR,38.0,1515160.1,23.65,23.1,23.65,23.101,23.491,23.1,64500.0,23.491,23.491,23.491,1515160.1,1515160.1,1515160.1,
EQNE,2013-03-26,Ютинет.Ру,UTII,43.0,352681.7,82.27,75.08,84.24,80.5,82.6,80.99,4270.0,,82.2,,0.0,503051.2,0.0,
EQNE,2013-03-26,ВЭК 01 ао,VDSB,4.0,4859.4,8.099,8.099,8.099,8.099,8.099,8.099,600.0,,9.545,,0.0,562181.4,0.0,
EQNE,2013-03-26,ВолгЭнСб,VGSB,45.0,225524.7,1.2855,1.18,1.3099,1.2081,1.2391,1.25,182000.0,,1.513,,0.0,600348.01,0.0,
EQNE,2013-03-26,ВолгЭнСб-п,VGSBP,11.0,28624.1,1.2655,1.2004,1.6491,1.2251,1.3631,1.225,21000.0,,1.7386,,0.0,503210.1,0.0,
EQNE,2013-03-26,Варьеган-п,VJGZP,5.0,175020.9,350.32,350.0,350.32,350.04,350.04,350.0,500.0,,382.93,,0.0,578228.3,0.0,
EQNE,2013-03-26,ВХЗ-ао,VLHZ,22.0,68961.2,230.01,226.01,232.76,232.17,229.87,232.17,300.0,,232.22,,0.0,501602.4,0.0,
EQNL,2013-03-26,ВостРАО ао,VRAO,59.0,1287636.5,0.19007,0.19005,0.20169,0.19222,0.19659,0.193,6550000.0,0.19654,0.19654,0.19654,1292675.72,1292675.72,1292675.72,
SMAL,2013-03-26,ВостРАО ао,VRAO,11.0,5039.22,0.185,0.185,0.187,0.19222,0.18505,0.187,27232.0,,,,0.0,0.0,0.0,
EQNE,2013-03-26,ВостРАО ап,VRAOP,30.0,207739.2,0.1586,0.15,0.16433,0.15399,0.15388,0.15399,1350000.0,,0.15945,,0.0,511105.25,0.0,
SMAL,2013-03-26,ВостРАО ап,VRAOP,2.0,1299.6,0.15,0.15,0.15,0.15399,0.15,0.15,8664.0,,,,0.0,0.0,0.0,
EQNL,2013-03-26,ВЕРОФАРМ,VRPH,104.0,2561942.2,772.6,743.0,772.6,759.8,755.7,760.0,3390.0,755.7,755.7,755.7,2561942.2,2561942.2,2561942.2,
EQNL,2013-03-26,ВСМПО-АВСМ,VSMO,68.0,920726.9,5470.5,5301.8,5530.0,5499.2,5480.5,5500.0,168.0,5480.5,5480.5,5480.5,920726.9,920726.9,920726.9,
EQBR,2013-03-26,ВТБ ао,VTBR,37851.0,3031098765.0,0.05041,0.04834,0.0507,0.04902,0.0495,0.049,61235280000.0,0.04953,0.04953,0.04953,3343099693.44,3343099693.44,3343099693.44,
SMAL,2013-03-26,ВТБ ао,VTBR,53.0,4405.41,0.05,0.04848,0.0505,0.04902,0.04916,0.04943,89613.0,,,,0.0,0.0,0.0,
TQBR,2013-03-26,ВТБ ао,VTBR,617.0,278920519.8,0.05069,0.04865,0.0525,0.04902,0.04974,0.0494,5608020000.0,0.04953,0.04953,0.04953,3343099693.44,3343099693.44,3343099693.44,
EQBS,2013-03-26,ТПлюс ао,VTGK,80.0,3247303.6,1.6,1.585,1.615,1.6009,1.5989,1.6,2031000.0,1.5989,1.5989,1.5989,3255945.64,3255945.64,3255945.64,
SMAL,2013-03-26,ТПлюс ао,VTGK,22.0,8642.04,1.59,1.59,1.5999,1.6009,1.5939,1.594,5422.0,,,,0.0,0.0,0.0,
EQNE,2013-03-26,ВТОРРЕСао,VTRS,150.0,6021756.7,13.43,13.35,13.474,13.35,13.447,13.35,447800.0,13.447,13.447,13.447,6021756.7,6021756.7,6021756.7,
EQBS,2013-03-26,Возрожд-ао,VZRZ,175.0,5081040.1,544.1,528.1,546.0,528.3,542.3,528.1,9370.0,542.3,542.3,542.3,5081040.1,5081040.1,5081040.1,
EQNE,2013-03-26,Возрожд-п,VZRZP,26.0,91631.0,140.03,135.01,140.03,135.02,138.83,135.01,660.0,,140.22,,0.0,503096.26,0.0,
SMAL,2013-03-26,Возрожд-п,VZRZP,2.0,827.5,138.0,137.5,138.0,135.02,137.92,137.5,6.0,,,,0.0,0.0,0.0,
EQNL,2013-03-26,ЦМТ ао,WTCM,10.0,38421.7,9.902,9.501,9.902,9.553,9.605,9.553,4000.0,,9.751,,0.0,7200305.3,0.0,
EQNL,2013-03-26,ЦМТ ап,WTCMP,20.0,457713.0,4.401,4.15,4.401,4.184,4.238,4.15,108000.0,,4.263,,0.0,507255.0,0.0,
EQNL,2013-03-26,Якутскэнрг,YKEN,28.0,164077.0,0.2425,0.2238,0.252,0.2242,0.2378,0.2238,690000.0,,0.24,,0.0,510740.25,0.0,
SMAL,2013-03-26,Якутскэнрг,YKEN,3.0,5383.6,0.3277,0.2109,0.3277,0.2242,0.2705,0.2128,19900.0,,,,0.0,0.0,0.0,
EQNE,2013-03-26,Якутскэн-п,YKENP,17.0,435546.0,0.2719,0.2706,0.2789,0.2706,0.2757,0.2706,1580000.0,,0.2764,,0.0,655087.0,0.0,
EQNE,2013-03-26,ТНСэнЯр,YRSB,2.0,41797.0,84.99,81.5,84.99,83.594,83.594,81.5,500.0,,82.558,,0.0,503604.3,0.0,
EQNE,2013-03-26,ТНСэнЯр-п,YRSBP,2.0,15899.0,77.0,77.0,81.99,81.99,79.5,81.99,200.0,,82.11,,0.0,509083.0,0.0,
EQNE,2013-03-26,ЗИЛ ао,ZILL,33.0,830129.7,549.97,505.2,599.99,599.0,549.75,599.99,1510.0,549.75,549.75,549.75,830129.7,830129.7,830129.7,
EQNE,2013-03-26,ЗМЗ-ао,ZMZN,13.0,167383.9,65.5,64.49,67.0,64.83,66.69,64.86,2510.0,,64.94,,0.0,522104.5,0.0,
EQNE,2013-03-26,ЗМЗ-ап,ZMZNP,8.0,507199.0,43.0,43.0,46.0,46.0,44.88,46.0,11300.0,44.43,44.74,44.43,595420.0,532405.0,595420.0,
