BOARDID,TRADEDATE,SHORTNAME,SECID,NUMTRADES,VALUE,LOW,HIGH,CLOSE,LEGALCLOSEPRICE,ACCINT,WAPRICE,YIELDCLOSE,OPEN,VOLUME,MARKETPRICE2,MARKETPRICE3,ADMITTEDQUOTE,MP2VALTRD,MARKETPRICE3TRADESVALUE,ADMITTEDVALUE,MATDATE,DURATION,YIELDATWAP,IRICPICLOSE,BEICLOSE,COUPONPERCENT,COUPONVALUE,BUYBACKDATE,LASTTRADEDATE,FACEVALUE,CURRENCYID,CBRCLOSE,YIELDTOOFFER,YIELDLASTCOUPON,OFFERDATE,FACEUNIT
EQOB,2020-01-17,МГор48-об,RU000A0JNYN1,13.0,76572.0,99.76,100.99,100.78,100.78,6.08,100.75,5.72,100.99,76.0,,100.39,100.78,0.0,518018.4,0.0,2022-06-11,825.0,5.74,,,,30.08,,2020-01-17,1000.0,SUR,,,,,RUB
EQOB,2020-01-17,РСХБ 10,RU000A0JQS09,11.0,458204.9,100.2,100.99,100.41,100.41,38.66,100.26,-3.92,100.3,457.0,,100.31,100.41,0.0,780377.8,0.0,2020-01-29,12.0,0.38,,,,41.39,,2020-01-17,1000.0,SUR,,,,,RUB
EQOB,2020-01-17,РСХБ 11,RU000A0JQS74,3.0,65400.7,100.58,101.69,101.69,100.62,38.43,100.62,-31.16,100.58,65.0,,100.45,100.62,0.0,503267.0,0.0,2020-01-30,13.0,-8.35,,,,41.39,,2020-01-17,1000.0,SUR,,,,,RUB
EQOB,2020-01-17,Мечел 14об,RU000A0JR0J0,29.0,149380.64,100.31,100.6,100.45,100.45,9.3,100.39,7.54,100.6,744.0,,100.44,100.45,0.0,4277462.4,0.0,2020-02-25,39.0,8.12,,,,11.84,,2020-01-17,200.0,SUR,,,,,RUB
EQOB,2020-01-17,Мечел 13об,RU000A0JR0K8,11.0,18694.2,100.46,100.6,100.46,100.46,9.3,100.51,7.45,100.5,93.0,,100.44,100.46,0.0,3497704.78,0.0,2020-02-25,39.0,6.97,,,,11.84,,2020-01-17,200.0,SUR,,,,,RUB
TQCB,2020-01-17,ВЭБ.РФ 08,RU000A0JR3G0,2.0,21556.5,102.65,102.65,102.65,102.65,24.98,102.65,6.05,102.65,21.0,,102.63,102.65,0.0,1126918.1,0.0,2020-10-13,262.0,6.05,,,,48.37,,2020-01-17,1000.0,SUR,,,,,RUB
TQCB,2020-01-17,ВЭБ.РФ 06,RU000A0JR3H8,12.0,410525.0,101.31,101.74,101.4,101.4,21.58,101.62,6.49,101.7,404.0,,101.42,101.4,0.0,1112534.0,0.0,2020-10-13,263.0,6.18,,,,41.79,,2020-01-17,1000.0,SUR,,,,,RUB
EQOB,2020-01-17,ФСК ЕЭС-09,RU000A0JR3M8,5.0,46806.2,95.49,95.53,95.53,95.53,0.25,95.52,6.41,95.49,49.0,95.25,95.26,95.53,902060.7,883030.7,902060.7,2020-10-16,273.0,6.43,,,,0.5,,2020-01-17,1000.0,SUR,,,,,RUB
EQOB,2020-01-17,МТС 08,RU000A0JR4J2,3.0,42856.0,101.2,109.99,101.2,101.2,15.8,102.04,6.41,109.99,42.0,,103.74,101.2,0.0,500033.7,0.0,2020-11-03,284.0,5.31,,,,39.39,,2020-01-17,1000.0,SUR,,,,,RUB
TQCB,2020-01-17,Газпрнеф10,RU000A0JR878,1.0,1017.0,101.7,101.7,101.7,101.7,35.61,101.7,5.95,101.7,1.0,101.7,101.7,101.7,735298.4,730199.8,735298.4,2021-01-26,356.0,5.95,,,,37.9,,2020-01-17,1000.0,SUR,,,,,RUB
EQOB,2020-01-17,Мечел 16об,RU000A0JR8P0,32.0,594059.9,100.4,100.9,100.4,100.4,34.41,100.52,7.74,100.84,591.0,100.52,100.52,100.4,594059.9,594059.9,594059.9,2021-02-09,368.0,7.61,,,,39.89,,2020-01-17,1000.0,SUR,,,,,RUB
TQCB,2020-01-17,ВЭБ.РФ 09,RU000A0JRCX7,7.0,20600.0,102.77,103.05,102.77,102.77,29.26,103.0,6.49,103.05,20.0,102.82,102.78,102.77,1109409.8,850985.2,1109409.8,2021-03-18,404.0,6.28,,,,44.38,,2020-01-17,1000.0,SUR,,,,,RUB
EQOB,2020-01-17,ВЭБлизинг3,RU000A0JREW5,1.0,2010.0,100.5,100.5,100.5,100.5,20.91,100.5,6.94,100.5,2.0,,100.5,100.5,0.0,774845.1,0.0,2021-04-02,422.0,6.94,,,,36.25,,2020-01-17,1000.0,SUR,,,,,RUB
EQOB,2020-01-17,ВЭБлизинг5,RU000A0JREZ8,3.0,17023.5,100.03,100.95,100.95,100.95,20.91,100.14,6.53,100.03,17.0,,100.36,100.95,0.0,508822.6,0.0,2021-04-02,422.0,7.26,,,,36.25,,2020-01-17,1000.0,SUR,,,,,RUB
EQOB,2020-01-17,РусГидро01,RU000A0JRFN1,2.0,7945.0,113.5,113.5,113.5,113.5,24.73,113.5,-1.3,113.5,7.0,,103.26,113.5,0.0,3172198.4,0.0,2021-04-12,429.0,-1.3,,,,47.37,,2020-01-17,1000.0,SUR,,,,,RUB
EQOB,2020-01-17,Акрон 05,RU000A0JRHG1,1.0,5076.0,101.52,101.52,101.52,101.52,16.49,101.52,5.62,101.52,5.0,,101.6,101.52,0.0,32052829.1,0.0,2021-05-18,123.0,5.62,,,,50.86,2020-05-19,2020-01-17,1000.0,SUR,,,,2020-05-21,RUB
EQOB,2020-01-17,Мечел 17об,RU000A0JRJS2,9.0,173412.36,99.99,100.1,99.99,99.99,4.26,100.01,,100.1,578.0,99.89,99.85,99.99,1245125.43,772212.36,1245125.43,2021-05-27,259.0,0.0,,,,14.23,,2020-01-17,300.0,SUR,,,,,RUB
EQOB,2020-01-17,Мечел 18об,RU000A0JRJT0,10.0,416821.65,99.7,100.0,100.0,100.0,4.26,99.96,,99.9,1390.0,,99.97,100.0,0.0,769903.23,0.0,2021-05-27,259.0,0.0,,,,14.23,,2020-01-17,300.0,SUR,,,,,RUB
EQOB,2020-01-17,НефГазХол4,RU000A0JRJV6,36.0,132218.73,94.62,96.5,96.0,95.99,9.71,96.02,21.26,96.37,153.0,,96.23,95.99,0.0,2212752.51,0.0,2021-06-01,137.0,21.19,,,,39.27,2020-06-02,2020-01-17,900.0,SUR,,,,,RUB
EQOB,2020-01-17,Мечел 19об,RU000A0JRJY0,9.0,461650.65,99.61,99.99,99.98,99.98,3.84,99.99,,99.99,1539.0,99.97,99.99,99.98,2737365.3,533036.37,2737365.3,2021-06-01,264.0,0.0,,,,14.23,,2020-01-17,300.0,SUR,,,,,RUB
EQOB,2020-01-17,НефГазХол6,RU000A0JRK22,39.0,4781612.7,93.5,93.79,93.75,93.75,9.06,93.74,28.63,93.51,5668.0,93.74,93.74,93.75,4781612.7,4781612.7,4781612.7,2021-06-04,140.0,28.66,,,,39.27,2020-06-05,2020-01-17,900.0,SUR,,,,,RUB
EQOB,2020-01-17,СПбТел 02,RU000A0JRKD2,2.0,11069.9,100.61,100.89,100.89,100.89,8.15,100.64,6.3,100.61,11.0,,100.55,100.89,0.0,504776.9,0.0,2021-06-11,147.0,6.95,,,,42.38,2020-06-12,2020-01-17,1000.0,SUR,,,,2020-06-17,RUB
TQCB,2020-01-17,ФСК ЕЭС-13,RU000A0JRL96,1.0,1039.5,103.95,103.95,103.95,103.95,5.59,103.95,5.66,103.95,1.0,103.38,103.38,103.95,1111296.0,1111296.0,1111296.0,2021-06-22,501.0,5.66,,,,42.38,,2020-01-17,1000.0,SUR,,,,,RUB
EQOB,2020-01-17,РСХБ 14,RU000A0JRLE8,2.0,2043.1,101.66,102.65,102.65,102.65,3.8,102.16,6.3,101.66,2.0,,102.34,102.65,0.0,1070440.6,0.0,2021-06-29,508.0,6.67,,,,40.64,,2020-01-17,1000.0,SUR,,,,,RUB
EQOB,2020-01-17,РСХБ 12,RU000A0JRMB2,2.0,10799.1,119.99,119.99,119.99,119.99,3.35,119.99,-4.87,119.99,9.0,,102.73,119.99,0.0,531130.1,0.0,2021-07-01,512.0,-4.87,,,,40.64,,2020-01-17,1000.0,SUR,,,,,RUB
EQOB,2020-01-17,РСХБ 13,RU000A0JRMC0,1.0,103830.0,103.83,103.83,103.83,103.83,3.13,103.83,5.45,103.83,100.0,,104.09,103.83,0.0,2263872.3,0.0,2021-07-02,511.0,5.45,,,,40.64,,2020-01-17,1000.0,SUR,,,,,RUB
EQOB,2020-01-17,Uranium 02,RU000A0JRTT9,1.0,2056.2,102.81,102.81,102.81,102.81,43.25,102.81,5.28,102.81,2.0,,102.16,102.81,0.0,590473.5,0.0,2023-08-11,201.0,5.28,,,,51.11,2020-08-14,2020-01-17,1000.0,SUR,,,,,RUB
EQOB,2020-01-17,ВЭБлизинг8,RU000A0JRUY7,1.0,1006.5,100.65,100.65,100.65,100.65,17.28,100.65,6.96,100.65,1.0,,100.71,100.65,0.0,503550.8,0.0,2021-10-19,604.0,6.96,,,,36.15,,2020-01-17,1000.0,SUR,,,,,RUB
EQOB,2020-01-17,ВЭБлизинг9,RU000A0JRV52,10.0,58587.8,100.0,101.15,101.13,101.13,17.08,101.01,6.66,100.0,58.0,,99.55,101.13,0.0,526605.7,0.0,2021-10-20,605.0,6.73,,,,36.15,,2020-01-17,1000.0,SUR,,,,,RUB
EQOB,2020-01-17,РСХБ 15,RU000A0JRVN8,7.0,504350.2,100.23,100.69,100.69,100.69,17.53,100.27,5.51,100.24,503.0,100.28,100.28,100.69,514421.7,513414.2,514421.7,2021-10-26,102.0,7.07,,,,39.89,2020-04-28,2020-01-17,1000.0,SUR,,,,2020-04-30,RUB
EQOB,2020-01-17,СПбТел 07,RU000A0JRVU3,51.0,458432.3,106.48,107.1,106.6,106.86,27.53,106.86,6.8,106.48,429.0,,106.87,106.86,0.0,508695.0,0.0,2022-04-05,730.0,6.67,,,,49.61,,2020-01-17,1000.0,SUR,,,,,RUB
EQOB,2020-01-17,ОткрФКББ03,RU000A0JRZ74,19.0,26567.8,65.21,66.74,66.06,66.06,0.0,66.42,7.84,66.74,40.0,,66.45,66.06,0.0,501055.6,0.0,2025-07-16,2006.0,7.74,,,,0.05,,2020-01-17,1000.0,SUR,,,,,RUB
EQOB,2020-01-17,ФСК ЕЭС-18,RU000A0JRZK5,1.0,1003.0,100.3,100.3,100.3,100.3,8.57,100.3,6.04,100.3,1.0,,,100.3,0.0,0.0,0.0,2023-11-27,136.0,6.04,,,,33.91,2020-06-01,2020-01-17,1000.0,SUR,,,,2020-06-05,RUB
EQOB,2020-01-17,ОткрХОЛ 2,RU000A0JS264,1.0,0.3,0.01,0.01,0.01,0.01,308.09,0.01,,0.01,3.0,,,0.01,0.0,0.0,0.0,2026-12-10,153.0,0.0,,,,359.02,2020-06-18,2020-01-17,1000.0,SUR,,,,,RUB
EQOB,2020-01-17,Башнефть04,RU000A0JS3U0,1.0,1070.0,107.0,107.0,107.0,107.0,30.88,107.0,3.46,107.0,1.0,,101.68,107.0,0.0,505360.4,0.0,2022-02-04,692.0,3.46,,,,34.9,,2020-01-17,1000.0,SUR,,,,,RUB
EQOB,2020-01-17,ДОМ.РФ21об,RU000A0JS488,1.0,151.37,100.91,100.91,100.91,100.91,2.28,100.91,-2.55,100.91,1.0,,103.77,100.91,0.0,523294.38,0.0,2020-02-15,29.0,-2.55,,,,3.33,,2020-01-17,150.0,SUR,,,,,RUB
EQOB,2020-01-17,ВымпелКом4,RU000A0JS5F6,1.0,1005.0,100.5,100.5,100.5,100.5,24.74,100.5,3.5,100.5,1.0,,101.17,100.5,0.0,512907.5,0.0,2022-03-08,53.0,3.5,,,,34.9,2020-03-10,2020-01-17,1000.0,SUR,,,,2020-03-13,RUB
EQOB,2020-01-17,РСХБ 16,RU000A0JS6N8,3.0,144808.0,100.5,100.7,100.7,100.7,23.19,100.56,5.06,100.5,144.0,,100.58,100.7,0.0,515969.5,0.0,2022-04-04,80.0,5.71,,,,41.39,2020-04-06,2020-01-17,1000.0,SUR,,,,2020-04-08,RUB
EQOB,2020-01-17,ЕАБР06,RU000A0JS8Y1,2.0,6048.0,100.8,100.8,100.8,100.8,22.8,100.8,6.16,100.8,6.0,,100.61,100.8,0.0,1187204.5,0.0,2020-09-23,244.0,6.16,,,,36.4,,2020-01-17,1000.0,SUR,,,,,RUB
EQOB,2020-01-17,РЖД-32 обл,RU000A0JSGV0,55.0,20139580.0,97.93,98.29,98.29,98.28,1.07,98.05,9.54,97.93,20549.0,98.01,98.01,98.28,20139580.0,20139580.0,20139580.0,2032-06-25,175.0,10.1,,,,27.92,2020-07-10,2020-01-17,1000.0,SUR,,,,2022-07-13,RUB
TQCB,2020-01-17,ФСК ЕЭС-22,RU000A0JSQ58,17.0,63448.5,99.02,99.5,99.24,99.24,35.4,99.14,34.64,99.13,64.0,,99.24,99.24,0.0,523971.6,0.0,2027-07-21,12.0,38.69,,,,37.9,2020-01-29,2020-01-17,1000.0,SUR,,,,2022-08-03,RUB
EQOB,2020-01-17,ФСК ЕЭС-25,RU000A0JT2K2,4.0,13998.5,99.69,101.09,101.09,100.11,15.75,99.99,3.39,99.69,14.0,,,100.11,0.0,0.0,0.0,2027-09-14,245.0,5.07,,,,24.93,2020-09-22,2020-01-17,1000.0,SUR,,,,2020-09-29,RUB
EQOB,2020-01-17,ОткрХОЛ 3,RU000A0JT3J2,6.0,16.5,0.25,0.28,0.25,0.27,246.56,0.28,,0.28,6.0,,,0.27,0.0,0.0,0.0,2027-09-17,161.0,0.0,,,,294.06,2020-06-26,2020-01-17,1000.0,SUR,,,,,RUB
TQCB,2020-01-17,ВЭБ.РФ 18,RU000A0JT403,1.0,309771.0,104.3,104.3,104.3,104.3,22.06,104.3,6.7,104.3,297.0,,104.64,104.3,0.0,725143.4,0.0,2032-09-17,1448.0,6.7,,,,38.24,2024-09-27,2020-01-17,1000.0,SUR,,,,2024-10-01,RUB
EQOB,2020-01-17,ГПБ 12,RU000A0JT6J5,3.0,164160.0,102.54,102.62,102.62,102.62,20.4,102.6,6.55,102.54,160.0,102.54,102.54,102.62,958739.0,936189.0,958739.0,2022-10-06,900.0,6.56,,,,37.5,,2020-01-17,1000.0,SUR,,,,,RUB
TQCB,2020-01-17,Роснефть04,RU000A0JT940,5.0,17802.4,104.55,104.78,104.55,104.55,19.05,104.72,6.17,104.77,17.0,,104.73,104.55,0.0,502705.3,0.0,2022-10-17,908.0,6.1,,,,39.39,,2020-01-17,1000.0,SUR,,,,,RUB
TQCB,2020-01-17,Роснефть05,RU000A0JT965,55.0,1905580.2,101.83,104.6,103.68,103.63,19.05,103.28,6.52,103.33,1845.0,103.28,103.28,103.63,1905580.2,1905580.2,1905580.2,2022-10-17,908.0,6.68,,,,39.39,,2020-01-17,1000.0,SUR,,,,,RUB
EQDB,2020-01-17,АгроКомБО1,RU000A0JTEM2,22.0,1339.4,2.75,2.85,2.78,2.78,0.11,2.79,,2.85,48.0,,,2.78,0.0,0.0,0.0,2022-12-08,326.0,0.0,,,,1.0,2020-12-08,2020-01-17,1000.0,SUR,,,,2020-12-14,RUB
EQOB,2020-01-17,ГлДорога 6,RU000A0JTFB2,2.0,1810.8,89.0,92.08,89.0,89.0,6.61,90.54,20.34,92.08,2.0,,,89.0,0.0,0.0,0.0,2028-11-22,320.0,18.03,,,,54.65,2020-12-02,2020-01-17,1000.0,SUR,,,,,RUB
TQCB,2020-01-17,ФСК ЕЭС-24,RU000A0JTKA4,4.0,20588516.0,99.92,99.92,99.92,99.92,0.0,99.92,5.15,99.92,20605.0,99.92,99.92,99.92,22151909.9,22140910.0,22151909.9,2028-01-07,360.0,5.15,,,,24.93,2021-01-15,2020-01-17,1000.0,SUR,,,,2021-01-22,RUB
TQCB,2020-01-17,Башнефть06,RU000A0JTM28,8.0,15560.3,103.61,104.25,104.21,104.21,34.6,103.74,6.25,104.25,15.0,,103.92,104.21,0.0,509196.0,0.0,2023-01-31,980.0,6.43,,,,38.39,,2020-01-17,1000.0,SUR,,,,,RUB
TQCB,2020-01-17,Башнефть07,RU000A0JTM36,9.0,141563.0,100.3,100.5,100.3,100.3,39.76,100.4,2.7,100.5,141.0,,100.48,100.3,0.0,650106.7,0.0,2023-01-31,18.0,0.72,,,,44.13,2020-02-04,2020-01-17,1000.0,SUR,,,,2020-02-10,RUB
EQOB,2020-01-17,Башнефть08,RU000A0JTM44,3.0,25884.0,103.34,104.0,103.34,103.34,34.6,103.54,6.57,104.0,25.0,104.63,104.56,103.34,941685.9,516523.9,941685.9,2023-01-31,980.0,6.5,,,,38.39,,2020-01-17,1000.0,SUR,,,,,RUB
EQOB,2020-01-17,Башнефть09,RU000A0JTM51,5.0,345423.8,100.02,101.25,101.25,101.25,39.76,100.12,-14.55,101.25,345.0,,100.4,101.25,0.0,526082.2,0.0,2023-01-31,18.0,6.36,,,,44.13,2020-02-04,2020-01-17,1000.0,SUR,,,,2020-02-10,RUB
EQOB,2020-01-17,РусГидро07,RU000A0JTMG7,1.0,1788.8,89.44,89.44,89.44,89.44,0.44,89.44,3.84,89.44,2.0,,,89.44,0.0,0.0,0.0,2023-02-02,1110.0,3.84,,,,0.5,,2020-01-17,1000.0,SUR,,,,,RUB
EQOB,2020-01-17,РусГидро08,RU000A0JTMK9,2.0,43024.5,84.25,89.95,89.95,89.95,0.44,84.36,3.65,84.25,51.0,,87.03,89.95,0.0,516088.8,0.0,2023-02-02,1110.0,5.86,,,,0.5,,2020-01-17,1000.0,SUR,,,,,RUB
EQOB,2020-01-17,Лента 3 об,RU000A0JTQB9,8.0,17875.9,99.12,99.97,99.92,99.92,0.39,99.31,0.86,99.97,18.0,,99.63,99.92,0.0,547959.9,0.0,2020-02-25,39.0,6.8,,,,0.5,,2020-01-17,1000.0,SUR,,,,,RUB
TQCB,2020-01-17,Роснефть07,RU000A0JTS06,1.0,1022.2,102.22,102.22,102.22,102.22,25.2,102.22,6.61,102.22,1.0,,102.36,102.22,0.0,634656.5,0.0,2023-03-10,1023.0,6.61,,,,36.4,,2020-01-17,1000.0,SUR,,,,,RUB
TQCB,2020-01-17,Роснефть08,RU000A0JTS22,2.0,428387.2,102.71,103.0,102.71,102.71,25.2,102.98,6.43,103.0,416.0,102.87,102.84,102.71,695406.9,582079.3,695406.9,2023-03-10,1024.0,6.34,,,,36.4,,2020-01-17,1000.0,SUR,,,,,RUB
TQCB,2020-01-17,РЖД-28 обл,RU000A0JTU85,1.0,10070.0,100.7,100.7,100.7,100.7,24.26,100.7,4.69,100.7,10.0,,100.56,100.7,0.0,9682497.4,0.0,2028-03-21,74.0,4.69,,,,40.89,2020-03-31,2020-01-17,1000.0,SUR,,,,2020-04-03,RUB
EQOB,2020-01-17,РСХБ 20,RU000A0JTVJ2,4.0,123406.2,103.65,103.98,103.98,103.97,21.38,103.7,6.46,103.66,119.0,103.77,103.85,103.97,10584956.9,5353252.7,10584956.9,2023-04-11,748.0,6.59,,,,41.39,2022-04-12,2020-01-17,1000.0,SUR,,,,2022-04-14,RUB
EQOB,2020-01-17,ЛипецкОбл8,RU000A0JTVZ8,8.0,93950.79,100.37,101.18,101.16,101.16,0.0,101.02,3.24,100.37,310.0,,101.03,101.16,0.0,509796.15,0.0,2020-04-17,91.0,3.81,,,,5.9,,2020-01-17,300.0,SUR,,,,,RUB
EQOB,2020-01-17,ОткрХОЛ 5,RU000A0JTX09,1.0,0.1,0.01,0.01,0.01,0.01,306.87,0.01,,0.01,1.0,,,0.01,0.0,0.0,0.0,2028-04-25,109.0,0.0,,,,344.56,2020-05-05,2020-01-17,1000.0,SUR,,,,,RUB
EQOB,2020-01-17,УВЗ Б02,RU000A0JU0T4,4.0,63919.8,101.46,101.46,101.46,101.46,2.05,101.46,6.28,101.46,63.0,,101.08,101.46,0.0,556930.0,0.0,2020-07-09,174.0,6.28,,,,46.62,,2020-01-17,1000.0,SUR,,,,,RUB
EQOB,2020-01-17,НацСтдБО-2,RU000A0JU0U2,8.0,70070.0,100.1,100.1,100.1,100.1,42.62,100.1,6.4,100.1,70.0,,,100.1,0.0,0.0,0.0,2023-07-18,176.0,6.4,,,,42.85,2020-07-18,2020-01-17,1000.0,SUR,,,,2020-07-22,RUB
EQOB,2020-01-17,Новсиб 6об,RU000A0JU1T2,4.0,2131.64,101.5,101.51,101.51,101.51,1.97,101.51,5.38,101.51,21.0,,102.04,101.51,0.0,500013.8,0.0,2020-07-22,183.0,5.38,,,,2.08,,2020-01-17,100.0,SUR,,,,,RUB
EQOB,2020-01-17,БелгОб2013,RU000A0JU286,1.0,612.66,102.11,102.11,102.11,102.11,3.64,102.11,4.31,102.11,3.0,,102.02,102.11,0.0,503965.02,0.0,2020-07-28,188.0,4.31,,,,4.14,,2020-01-17,200.0,SUR,,,,,RUB
EQOB,2020-01-17,СамарОбл 9,RU000A0JU2H5,314.0,739283.71,101.53,101.99,101.75,101.77,0.86,101.91,4.96,101.97,14509.0,101.91,101.91,101.77,739283.71,739283.71,739283.71,2020-07-31,191.0,4.65,,,,1.02,,2020-01-17,50.0,SUR,,,,,RUB
EQOB,2020-01-17,НижгорОбл9,RU000A0JU3B6,6.0,16071.19,101.99,104.1,101.99,101.99,4.88,104.02,4.56,103.99,103.0,,102.09,101.99,0.0,582358.7,0.0,2020-08-26,215.0,1.23,,,,5.89,,2020-01-17,150.0,SUR,,,,,RUB
EQOB,2020-01-17,РСХБ 22,RU000A0JU6A1,2.0,47260.5,100.55,100.6,100.55,100.55,26.38,100.55,5.2,100.6,47.0,,100.79,100.55,0.0,572461.4,0.0,2023-09-18,66.0,5.2,,,,41.39,2020-03-23,2020-01-17,1000.0,SUR,,,,2020-03-25,RUB
EQOB,2020-01-17,СилМашины2,RU000A0JU716,3.0,87940.0,105.0,109.0,109.0,107.24,27.01,107.24,-3.15,105.0,82.0,,103.57,107.24,0.0,519896.6,0.0,2023-09-28,250.0,-0.88,,,,46.37,2020-10-01,2020-01-17,1000.0,SUR,,,,2020-10-08,RUB
EQOB,2020-01-17,Удмуртия-7,RU000A0JU740,19.0,9418.06,100.71,101.76,101.38,101.38,2.16,101.27,5.48,101.76,93.0,,100.82,101.38,0.0,531603.71,0.0,2020-10-01,252.0,5.64,,,,3.71,,2020-01-17,100.0,SUR,,,,,RUB
EQOB,2020-01-17,ВТБ БО-43,RU000A0JU773,2.0,8056.2,100.65,100.79,100.79,100.79,2.86,100.7,5.82,100.65,8.0,,101.18,100.79,0.0,1107887.7,0.0,2023-09-29,166.0,6.02,,,,18.57,2020-07-03,2020-01-17,1000.0,SUR,,,,2020-07-07,RUB
EQOB,2020-01-17,МКБ БО-09,RU000A0JU898,5.0,60417.6,100.62,100.71,100.62,100.62,32.01,100.7,6.85,100.71,60.0,100.7,100.7,100.62,11455626.1,9078100.1,11455626.1,2020-03-25,68.0,6.41,,,,51.11,,2020-01-17,1000.0,SUR,,,,,RUB
EQOB,2020-01-17,Хакас2013,RU000A0JU8R1,14.0,31568.0,101.75,101.98,101.77,101.77,3.13,101.83,6.2,101.76,155.0,,101.8,101.77,0.0,511030.72,0.0,2020-10-27,274.0,6.11,,,,4.19,,2020-01-17,200.0,SUR,,,,,RUB
EQOB,2020-01-17,СтаврКрай2,RU000A0JU9G2,52.0,267242.63,100.51,102.56,101.78,101.78,1.68,100.69,5.93,101.7,2654.0,,101.48,101.78,0.0,511959.48,0.0,2020-11-04,281.0,7.4,,,,2.04,,2020-01-17,100.0,SUR,,,,,RUB
EQOB,2020-01-17,ИРКУТ БО-4,RU000A0JUA45,1.0,41280.0,103.2,103.2,103.2,103.2,16.52,103.2,7.2,103.2,40.0,,103.01,103.2,0.0,566566.2,0.0,2023-11-06,616.0,7.2,,,,44.88,2021-11-08,2020-01-17,1000.0,SUR,,,,2021-11-10,RUB
EQOB,2020-01-17,РСГ-ФинБ01,RU000A0JUAG0,1.0,2060.0,103.0,103.0,103.0,103.0,18.59,103.0,9.24,103.0,2.0,,104.36,103.0,0.0,1318051.3,0.0,2025-11-11,458.0,9.24,,,,57.34,2021-05-18,2020-01-17,1000.0,SUR,,,,2021-05-20,RUB
EQOB,2020-01-17,ВертолетБ2,RU000A0JUAT3,5.0,46899.5,101.6,102.0,101.99,101.99,11.71,101.96,7.02,102.0,46.0,,101.66,101.99,0.0,552033.9,0.0,2023-11-16,1230.0,7.03,,,,37.4,,2020-01-17,1000.0,SUR,,,,,RUB
EQOB,2020-01-17,ОВК Фин01,RU000A0JUBD5,1.0,962.0,96.2,96.2,96.2,96.2,5.06,96.2,15.39,96.2,1.0,,98.0,96.2,0.0,37476988.8,0.0,2021-11-24,131.0,15.39,,,,18.05,2020-05-27,2020-01-17,1000.0,SUR,,,,2020-06-01,RUB
EQOB,2020-01-17,РоснефтьБ6,RU000A0JUCR3,5.0,1130118.8,100.17,101.0,101.0,101.0,5.83,100.9,6.18,100.99,1120.0,100.87,100.87,101.0,1185273.8,1185273.8,1185273.8,2023-12-11,662.0,6.23,,,,33.16,2021-12-13,2020-01-17,1000.0,SUR,,,,2021-12-15,RUB
EQOB,2020-01-17,РоснефтьБ5,RU000A0JUCS1,3.0,191895.6,100.99,101.0,101.0,101.0,5.83,101.0,6.18,100.99,190.0,100.72,100.72,101.0,2100003.1,2100003.1,2100003.1,2023-12-11,662.0,6.18,,,,33.16,2021-12-13,2020-01-17,1000.0,SUR,,,,2021-12-15,RUB
EQOB,2020-01-17,ОткрФКББ08,RU000A0JUFQ8,4.0,19724.9,98.61,98.64,98.62,98.62,0.31,98.62,7.62,98.64,20.0,,98.17,98.62,0.0,500650.7,0.0,2021-03-26,70.0,7.62,,,,0.5,2020-03-27,2020-01-17,1000.0,SUR,,,,2020-04-01,RUB
TQCB,2020-01-17,РоснефтьБ7,RU000A0JUFV8,5.0,51784.1,101.76,105.9,104.7,104.7,38.28,105.68,6.53,105.9,49.0,,104.63,104.7,0.0,659195.3,0.0,2024-02-06,682.0,6.02,,,,44.38,2022-02-08,2020-01-17,1000.0,SUR,,,,2022-02-10,RUB
EQOB,2020-01-17,ГПБ БО-08,RU000A0JUMH3,1.0,10208.0,102.08,102.08,102.08,102.08,9.61,102.08,0.39,102.08,10.0,,,102.08,0.0,0.0,0.0,2024-05-23,127.0,0.39,,,,31.81,2020-05-23,2020-01-17,1000.0,SUR,,,,2021-05-25,RUB
EQOB,2020-01-17,Оренб35002,RU000A0JUPE3,13.0,96914.44,102.51,105.97,105.96,105.96,1.45,105.92,2.85,102.51,610.0,,104.68,105.96,0.0,638442.91,0.0,2021-06-14,264.0,2.9,,,,4.11,,2020-01-17,150.0,SUR,,,,,RUB
EQOB,2020-01-17,ЗенитБО-13,RU000A0JUPW5,1.0,961.1,96.11,96.11,96.11,96.11,0.08,96.11,10.04,96.11,1.0,,96.66,96.11,0.0,527767.1,0.0,2024-06-13,153.0,10.04,,,,0.5,2020-06-18,2020-01-17,1000.0,SUR,,,,2020-06-22,RUB
EQOB,2020-01-17,БелгОб2014,RU000A0JUQB7,66.0,114559.21,106.99,107.27,107.2,107.2,0.36,107.16,5.51,106.99,2138.0,,107.1,107.2,0.0,517788.77,0.0,2021-06-21,488.0,5.54,,,,1.33,,2020-01-17,50.0,SUR,,,,,RUB
EQOB,2020-01-17,АшинМЗ БО1,RU000A0JUQC5,43.0,714332.1,84.75,85.25,85.25,85.25,5.31,85.14,56.0,84.75,839.0,85.14,85.14,85.25,714332.1,714332.1,714332.1,2024-06-17,157.0,56.47,,,,38.64,2020-06-22,2020-01-17,1000.0,SUR,,,,,RUB
EQOB,2020-01-17,ВТБ БО-26,RU000A0JUQE1,47.0,2940706.4,100.73,101.17,100.89,100.75,5.33,100.95,6.13,100.77,2913.0,100.95,100.95,100.75,2940706.4,2940706.4,2940706.4,2020-06-23,156.0,5.98,,,,20.19,,2020-01-17,1000.0,SUR,,,,,RUB
EQOB,2020-01-17,Якут 35006,RU000A0JUQH4,24.0,16026.88,102.65,104.2,104.2,104.2,1.27,104.07,5.6,102.65,77.0,,104.1,104.2,0.0,10042918.04,0.0,2021-07-02,332.0,5.75,,,,5.04,,2020-01-17,200.0,SUR,,,,,RUB
EQOB,2020-01-17,СамарОбл10,RU000A0JUQP7,278.0,493105.5,104.72,105.29,105.27,105.27,0.62,105.16,4.4,104.72,3126.0,,105.16,105.27,0.0,501760.53,0.0,2021-07-01,337.0,4.52,,,,3.74,,2020-01-17,150.0,SUR,,,,,RUB
EQOB,2020-01-17,ОткрХОЛБО3,RU000A0JURM2,4.0,0.6,0.01,0.01,0.01,0.01,303.36,0.01,,0.01,6.0,,,0.01,0.0,0.0,0.0,2027-07-14,5.0,0.0,,,,366.99,2020-07-22,2020-01-17,1000.0,SUR,,,,,RUB
EQOB,2020-01-17,ГПБ БО-10,RU000A0JUV08,5.0,77906.4,99.81,100.2,99.81,99.81,21.45,99.88,8.04,100.2,78.0,,100.11,99.81,0.0,505559.4,0.0,2024-09-26,69.0,7.65,,,,34.56,2020-03-26,2020-01-17,1000.0,SUR,,,,2021-03-30,RUB
EQOB,2020-01-17,ПромсвбБО8,RU000A0JUVG6,11.0,118798.8,100.67,100.77,100.69,100.69,31.02,100.68,6.58,100.77,118.0,,100.64,100.69,0.0,635041.6,0.0,2021-03-28,71.0,6.63,,,,50.86,2020-03-28,2020-01-17,1000.0,SUR,,,,2020-04-01,RUB
EQDB,2020-01-17,СоломЛес01,RU000A0JUVT9,1.0,99.9,9.99,9.99,9.99,9.99,29.32,9.99,392.31,9.99,1.0,,,9.99,0.0,0.0,0.0,2021-09-29,413.0,392.31,,,,49.86,,2020-01-17,1000.0,SUR,,,,,RUB
TQCB,2020-01-17,РСХБ БО14,RU000A0JUW72,1.0,61530.0,102.55,102.55,102.55,102.55,2.23,102.55,6.52,102.55,60.0,102.09,102.11,102.55,7257791.0,5593332.0,7257791.0,2024-09-30,905.0,6.52,,,,18.45,2022-10-03,2020-01-17,1000.0,SUR,,,,2022-10-05,RUB
EQOB,2020-01-17,Карелия 17,RU000A0JUWJ8,24.0,174380.39,101.68,101.99,101.96,101.68,3.02,101.8,3.5,101.97,1713.0,,101.84,101.68,0.0,611625.2,0.0,2020-04-08,80.0,4.22,,,,3.05,,2020-01-17,100.0,SUR,,,,,RUB
EQOB,2020-01-17,ВостЭксБ 3,RU000A0JV102,5.0,46545.9,98.5,99.99,99.99,99.99,,99.03,,98.6,4700000.0,,99.3,99.99,0.0,656369.4,0.0,2020-05-28,132.0,0.0,,,,0.0009,,2020-01-17,0.01,SUR,,,,,RUB
EQOB,2020-01-17,ОткрФКББ07,RU000A0JV573,9.0,47700.0,90.0,90.0,90.0,90.0,0.0,90.0,5.44,90.0,53.0,,87.25,90.0,0.0,747744.0,0.0,2022-01-13,727.0,5.44,,,,0.05,,2020-01-17,1000.0,SUR,,,,,RUB
EQOB,2020-01-17,ОткрФКББ06,RU000A0JV5R6,4.0,5730.0,94.0,96.0,96.0,95.5,0.05,95.5,4.15,96.0,6.0,,90.99,95.5,0.0,515018.5,0.0,2021-01-18,367.0,4.7,,,,0.05,,2020-01-17,1000.0,SUR,,,,,RUB
EQOB,2020-01-17,ОткрФКББ7,RU000A0JV5U0,1.0,1889.6,94.48,94.48,94.48,94.48,0.05,94.48,5.82,94.48,2.0,,91.98,94.48,0.0,523372.3,0.0,2021-01-18,367.0,5.82,,,,0.05,,2020-01-17,1000.0,SUR,,,,,RUB
EQDB,2020-01-17,МИК БО-01,RU000A0JV946,4.0,4240.0,40.0,45.0,45.0,45.0,61.23,42.4,,45.0,10.0,,,45.0,0.0,0.0,0.0,2020-02-19,33.0,0.0,,,,74.79,,2020-01-17,1000.0,SUR,,,,,RUB
TQCB,2020-01-17,ГТЛК БО-04,RU000A0JVA10,3.0,2958160.0,103.0,103.0,103.0,103.0,7.87,103.0,7.23,103.0,2872.0,102.87,102.87,103.0,8022076.0,8021048.0,8022076.0,2025-03-06,1161.0,7.23,,,,19.9,2023-09-07,2020-01-17,1000.0,SUR,,,,2023-09-12,RUB
EQDB,2020-01-17,ДиджИнв 01,RU000A0JVCL4,7.0,8850.0,15.0,15.0,15.0,15.0,,15.0,,15.0,59.0,,,15.0,0.0,0.0,0.0,2020-04-21,95.0,0.0,,,,35.4,,2020-01-17,1000.0,SUR,,,,,RUB
EQOB,2020-01-17,О'КЕЙ-Б05,RU000A0JVD17,4.0,38380.2,101.0,101.01,101.01,101.01,25.03,101.0,6.55,101.01,38.0,,101.19,101.01,0.0,715401.4,0.0,2020-04-21,95.0,6.59,,,,52.36,,2020-01-17,1000.0,SUR,,,,,RUB
EQOB,2020-01-17,РусГидро09,RU000A0JVD25,33.0,105022.1,102.21,104.0,104.0,104.0,17.88,103.98,6.21,102.21,101.0,,105.04,104.0,0.0,595601.2,0.0,2025-04-15,1060.0,6.22,,,,37.4,2023-04-18,2020-01-17,1000.0,SUR,,,,2023-04-21,RUB
EQOB,2020-01-17,ОткрХОЛБО2,RU000A0JVDR9,1.0,0.1,0.01,0.01,0.01,0.01,324.4,0.01,,0.01,1.0,,,0.01,0.0,0.0,0.0,2028-04-20,104.0,0.0,,,,359.02,2020-04-30,2020-01-17,1000.0,SUR,,,,,RUB
EQOB,2020-01-17,Финанс-М 1,RU000A0JVE65,2.0,3640.8,60.68,60.68,60.68,60.68,5.04,60.68,237.9,60.68,6.0,,62.43,60.68,0.0,566854.0,0.0,2020-06-24,159.0,237.9,,,,39.89,,2020-01-17,1000.0,SUR,,,,,RUB
EQOB,2020-01-17,Якут-07 об,RU000A0JVEH8,14.0,43488.06,101.92,102.79,102.46,102.46,3.27,102.45,4.79,102.49,283.0,,102.87,102.46,0.0,587879.05,0.0,2020-05-14,115.0,4.83,,,,4.65,,2020-01-17,150.0,SUR,,,,,RUB
EQOB,2020-01-17,ГСС БО-05,RU000A0JVF64,14.0,312078.0,100.6,100.7,100.7,100.68,14.76,100.67,7.42,100.67,310.0,,100.68,100.68,0.0,10202881.2,0.0,2020-05-21,125.0,7.51,,,,47.12,,2020-01-17,1000.0,SUR,,,,,RUB
TQCB,2020-01-17,ИНГБ-БО5,RU000A0JVFJ1,3.0,15209.5,101.38,101.41,101.38,101.38,13.55,101.4,5.9,101.41,15.0,,101.5,101.38,0.0,13998910.6,0.0,2020-05-27,129.0,5.84,,,,24.18,,2020-01-17,1000.0,SUR,,,,,RUB
EQOB,2020-01-17,ОткрФКББ11,RU000A0JVFX2,1.0,859.4,85.94,85.94,85.94,85.94,0.01,85.94,11.66,85.94,1.0,,,85.94,0.0,0.0,0.0,2021-06-02,502.0,11.66,,,,0.05,,2020-01-17,1000.0,SUR,,,,,RUB
EQOB,2020-01-17,ТрансФБО39,RU000A0JVHH1,2.0,114350.0,103.5,104.0,103.5,103.5,13.68,103.95,11.0,104.0,110.0,104.24,104.24,103.5,501404.0,501404.0,501404.0,2025-06-04,476.0,10.63,,,,67.32,2021-06-09,2020-01-17,1000.0,SUR,,,,2021-06-17,RUB
EQOB,2020-01-17,СамарОбл11,RU000A0JVK00,13.0,35500.97,102.71,104.99,102.9,102.9,2.46,102.9,5.46,104.99,138.0,,104.99,102.9,0.0,514714.04,0.0,2020-06-18,150.0,5.46,,,,7.73,,2020-01-17,250.0,SUR,,,,,RUB
EQOB,2020-01-17,КОМИ 12 об,RU000A0JVKF9,5.0,56167.94,105.11,105.29,105.11,105.11,28.84,105.28,5.75,105.11,97.0,105.16,105.16,105.11,521720.12,502609.87,521720.12,2021-06-23,311.0,5.56,,,,31.81,,2020-01-17,550.0,SUR,,,,,RUB
EQOB,2020-01-17,БелгОб2015,RU000A0JVL33,10.0,103710.47,103.0,103.2,103.19,103.19,0.59,103.09,5.54,103.19,1006.0,,103.46,103.19,0.0,523905.3,0.0,2020-06-30,162.0,5.77,,,,3.15,,2020-01-17,100.0,SUR,,,,,RUB
EQOB,2020-01-17,Оренб35003,RU000A0JVM81,90.0,507386.8,124.41,125.67,125.19,125.05,3.07,125.0,5.93,124.47,406.0,,125.0,125.05,0.0,510007.7,0.0,2025-07-03,1056.0,5.99,,,,34.9,,2020-01-17,1000.0,SUR,,,,,RUB
TQCB,2020-01-17,ПолюсБ2,RU000A0JVM99,2.0,34656.0,108.3,108.3,108.3,108.3,2.65,108.3,6.22,108.3,32.0,,108.62,108.3,0.0,523551.0,0.0,2025-07-03,509.0,6.22,,,,60.33,2021-07-08,2020-01-17,1000.0,SUR,,,,2021-07-15,RUB
TQCB,2020-01-17,ПолюсБ3,RU000A0JVMB4,8.0,62928.1,108.49,108.5,108.5,108.5,2.65,108.5,6.08,108.5,58.0,,108.37,108.5,0.0,571104.4,0.0,2025-07-03,509.0,6.08,,,,60.33,2021-07-08,2020-01-17,1000.0,SUR,,,,2021-07-15,RUB
TQCB,2020-01-17,ПолюсБ1,RU000A0JVMD0,3.0,71445.0,108.25,108.25,108.25,108.25,2.65,108.25,6.25,108.25,66.0,,108.25,108.25,0.0,699295.0,0.0,2025-07-03,509.0,6.25,,,,60.33,2021-07-08,2020-01-17,1000.0,SUR,,,,2021-07-15,RUB
EQOB,2020-01-17,Лента БО-3,RU000A0JVP05,2.0,8048.0,100.6,100.6,100.6,100.6,33.57,100.6,6.75,100.6,8.0,,100.55,100.6,0.0,687776.8,0.0,2025-07-24,358.0,6.75,,,,36.15,2021-01-28,2020-01-17,1000.0,SUR,,,,2021-02-01,RUB
EQOB,2020-01-17,ОткрХОЛБО1,RU000A0JVPJ0,1.0,0.2,0.01,0.01,0.01,0.01,296.55,0.01,,0.01,2.0,,,0.01,0.0,0.0,0.0,2025-08-05,25.0,0.0,,,,305.06,2020-02-11,2020-01-17,1000.0,SUR,,,,,RUB
EQOB,2020-01-17,НижгорОб10,RU000A0JVPR3,73.0,775895.73,103.5,103.97,103.83,103.82,5.39,103.83,5.73,103.96,2491.0,103.83,103.83,103.82,775895.73,775895.73,775895.73,2020-08-23,211.0,5.73,,,,9.09,,2020-01-17,300.0,SUR,,,,,RUB
EQOB,2020-01-17,Удмурт2015,RU000A0JVSY3,33.0,201566.26,104.88,105.24,105.05,105.05,7.68,105.09,6.16,105.0,274.0,,105.11,105.05,0.0,529015.97,0.0,2020-09-17,235.0,6.1,,,,24.08,,2020-01-17,700.0,SUR,,,,,RUB
EQOB,2020-01-17,ВлгОб35006,RU000A0JVU65,19.0,1563353.9,103.4,103.5,103.5,103.5,6.19,103.5,6.23,103.5,6042.0,103.5,103.5,103.5,1563353.9,1563353.9,1563353.9,2020-10-30,222.0,6.23,,,,7.32,,2020-01-17,250.0,SUR,,,,,RUB
EQOB,2020-01-17,ПропфинБО1,RU000A0JVUB7,1.0,1000.0,100.0,100.0,100.0,100.0,37.4,100.0,13.34,100.0,1.0,,,100.0,0.0,0.0,0.0,2020-10-02,248.0,13.34,,,,64.82,,2020-01-17,1000.0,SUR,,,,,RUB
EQOB,2020-01-17,Новсиб 7об,RU000A0JVUD3,6.0,114365.41,110.2,111.99,110.2,110.26,4.2,111.2,5.32,111.99,187.0,,111.2,110.26,0.0,511926.48,0.0,2022-10-10,496.0,4.63,,,,17.36,,2020-01-17,550.0,SUR,,,,,RUB
EQOB,2020-01-17,Хакас2015,RU000A0JVUH4,21.0,49808.98,104.51,104.8,104.79,104.77,0.54,104.64,5.67,104.78,238.0,,104.67,104.77,0.0,526076.68,0.0,2020-10-11,260.0,5.88,,,,6.18,,2020-01-17,200.0,SUR,,,,,RUB
EQOB,2020-01-17,СистемБ1P1,RU000A0JVUK8,53.0,406110.8,104.65,105.57,105.5,105.5,26.98,105.21,7.14,105.27,386.0,,105.26,105.5,0.0,501030.6,0.0,2025-09-30,731.0,7.29,,,,48.62,2022-04-05,2020-01-17,1000.0,SUR,,,,2022-04-08,RUB
EQOB,2020-01-17,ВымпелКБО3,RU000A0JVUP7,1.0,2929.8,97.66,97.66,97.66,97.66,2.68,97.66,4.34,97.66,3.0,,95.45,97.66,0.0,6993550.6,0.0,2025-10-03,265.0,4.34,,,,4.99,2020-10-09,2020-01-17,1000.0,SUR,,,,2020-10-14,RUB
EQOB,2020-01-17,Мордовия02,RU000A0JVV49,59.0,277206.54,105.46,105.87,105.64,105.63,0.23,105.72,6.05,105.54,874.0,,105.64,105.63,0.0,554597.73,0.0,2020-10-14,262.0,5.94,,,,10.28,,2020-01-17,300.0,SUR,,,,,RUB
TQCB,2020-01-17,iРОСНАНО 6,RU000A0JVVA7,3.0,107670.6,114.49,114.59,114.59,114.59,31.51,114.54,6.69,114.49,94.0,113.82,113.79,114.59,2404938.8,2337283.1,2404938.8,2022-10-13,864.0,6.71,,,,62.33,,2020-01-17,1000.0,SUR,,,,,RUB
EQOB,2020-01-17,ПЕРЕСВ БП2,RU000A0JVVL4,7.0,21705.0,17.5,18.0,17.5,17.5,13.96,17.5,,17.5,124.0,,18.22,17.5,0.0,691759.1,0.0,2035-09-28,5733.0,0.0,,,,94.09,,2020-01-17,1000.0,SUR,,,,,RUB
EQOB,2020-01-17,Волгогр 08,RU000A0JVVR1,15.0,284467.2,103.96,104.0,103.97,103.97,10.42,103.97,6.02,104.0,684.0,,103.98,103.97,0.0,507859.2,0.0,2020-10-19,186.0,6.02,,,,13.54,,2020-01-17,400.0,SUR,,,,,RUB
EQOB,2020-01-17,РЖД БО-02,RU000A0JVW71,4.0,27386.1,101.43,101.43,101.43,101.43,26.08,101.43,5.71,101.43,27.0,,,101.43,0.0,0.0,0.0,2025-10-16,97.0,5.71,,,,55.85,2020-04-23,2020-01-17,1000.0,SUR,,,,2020-04-30,RUB
EQOB,2020-01-17,РСХБ БО9,RU000A0JVWB3,2.0,6035.0,100.55,100.59,100.59,100.59,18.3,100.58,5.84,100.55,6.0,100.53,100.53,100.59,562959.0,562959.0,562959.0,2025-10-17,96.0,5.88,,,,19.82,2020-04-24,2020-01-17,1000.0,SUR,,,,2020-04-28,RUB
EQOB,2020-01-17,ГТЛК БО-05,RU000A0JVWD9,6.0,23730.0,113.0,113.0,113.0,113.0,25.32,113.0,7.22,113.0,21.0,,113.29,113.0,0.0,1187315.2,0.0,2025-10-17,1133.0,7.22,,,,27.42,2023-10-20,2020-01-17,1000.0,SUR,,,,2023-10-25,RUB
EQOB,2020-01-17,ГТЛК БО-06,RU000A0JVWJ6,1.0,12277.2,102.31,102.31,102.31,102.31,21.04,102.31,6.56,102.31,12.0,,102.55,102.31,0.0,1239825.0,0.0,2025-10-20,271.0,6.56,,,,23.64,2020-10-26,2020-01-17,1000.0,SUR,,,,2020-10-29,RUB
EQOB,2020-01-17,ОГК2 Б1P1R,RU000A0JVYN4,1.0,5003.5,100.07,100.07,100.07,100.07,11.23,100.07,6.96,100.07,5.0,,100.75,100.07,0.0,50594128.9,0.0,2020-11-17,299.0,6.96,,,,34.65,,2020-01-17,1000.0,SUR,,,,,RUB
EQOB,2020-01-17,КАМАЗ БО-4,RU000A0JVZC4,1.0,3019.8,100.66,100.66,100.66,100.66,11.11,100.66,6.94,100.66,3.0,,100.71,100.66,0.0,547838.2,0.0,2020-11-23,304.0,6.94,,,,38.15,,2020-01-17,1000.0,SUR,,,,,RUB
EQOB,2020-01-17,ПКТ 01,RU000A0JW0S4,3.0,55067.9,105.89,105.9,105.9,105.9,11.13,105.9,6.43,105.9,52.0,,106.23,105.9,0.0,578929.7,0.0,2025-12-09,322.0,6.43,,,,65.32,2020-12-15,2020-01-17,1000.0,SUR,,,,2020-12-18,RUB
TQCB,2020-01-17,iРОСНАНО 7,RU000A0JW1G7,2.0,194884.0,116.0,116.2,116.2,116.2,9.78,116.0,6.66,116.0,168.0,115.9,115.9,116.2,6155563.0,6124333.0,6155563.0,2022-12-16,926.0,6.73,,,,63.58,,2020-01-17,1000.0,SUR,,,,,RUB
EQOB,2020-01-17,ТомскОб 55,RU000A0JW1K9,2.0,54519.0,106.9,106.9,106.9,106.9,6.78,106.9,6.14,106.9,51.0,,106.13,106.9,0.0,1172779.3,0.0,2023-06-19,643.0,6.14,,,,24.68,,2020-01-17,1000.0,SUR,,,,,RUB
EQOB,2020-01-17,НорНик БО5,RU000A0JW5C7,161.0,6797213.0,115.5,116.25,116.0,116.0,48.94,115.97,8.36,115.65,5861.0,115.97,115.97,116.0,6791430.5,6791430.5,6791430.5,2026-02-06,1625.0,8.37,,,,57.84,,2020-01-17,1000.0,SUR,,,,,RUB
TQCB,2020-01-17,ЕврХол1P1R,RU000A0JWBH2,4.0,39639.0,107.1,107.2,107.1,107.1,39.7,107.13,6.35,107.2,37.0,,106.98,107.1,0.0,528466.1,0.0,2021-03-23,401.0,6.32,,,,62.83,,2020-01-17,1000.0,SUR,,,,,RUB
TQCB,2020-01-17,СИБУРХол10,RU000A0JWBK6,5.0,32688.0,105.01,105.72,105.01,105.01,33.08,105.45,6.12,105.72,31.0,,105.1,105.01,0.0,519194.6,0.0,2026-03-17,405.0,5.73,,,,52.36,2021-03-23,2020-01-17,1000.0,SUR,,,,2021-03-26,RUB
TQCB,2020-01-17,РЖД БО-07,RU000A0JWC82,9.0,184528.0,100.8,101.0,100.98,100.98,30.19,100.83,5.43,101.0,183.0,,100.91,100.98,0.0,533825.9,0.0,2026-03-25,75.0,6.18,,,,51.36,2020-04-01,2020-01-17,1000.0,SUR,,,,2020-04-08,RUB
EQOB,2020-01-17,ТМК БО-5,RU000A0JWCM0,13.0,1033678.4,101.2,101.49,101.4,101.4,24.66,101.24,7.08,101.48,1021.0,101.24,101.24,101.4,1033678.4,1033678.4,1033678.4,2026-04-01,256.0,7.31,,,,44.88,2020-10-07,2020-01-17,1000.0,SUR,,,,2020-10-13,RUB
EQOB,2020-01-17,РУСАЛБрБ01,RU000A0JWDN6,17.0,212385.4,98.25,98.46,98.46,98.46,0.03,98.33,6.66,98.26,216.0,,98.31,98.46,0.0,518105.5,0.0,2026-04-07,88.0,7.24,,,,0.05,2020-04-14,2020-01-17,1000.0,SUR,,,,2020-04-16,RUB
TQCB,2020-01-17,ТранснфБО5,RU000A0JWEB9,2.0,26150.0,104.6,104.6,104.6,104.6,25.46,104.6,6.28,104.6,25.0,,104.42,104.6,0.0,559676.5,0.0,2026-04-09,429.0,6.28,,,,50.36,2021-04-15,2020-01-17,1000.0,SUR,,,,2021-04-19,RUB
TQCB,2020-01-17,ПромсвбБП1,RU000A0JWEU9,2.0,124200.0,103.4,104.0,104.0,104.0,24.47,103.5,6.87,103.4,120.0,103.86,103.86,104.0,743665.0,733266.0,743665.0,2021-04-19,433.0,7.29,,,,50.61,,2020-01-17,1000.0,SUR,,,,,RUB
EQOB,2020-01-17,МиратФБО-6,RU000A0JWF22,3.0,11334.5,103.0,103.05,103.05,103.05,21.17,103.04,6.74,103.0,11.0,103.0,103.0,103.05,4729595.0,4725475.0,4729595.0,2021-04-23,439.0,6.75,,,,45.87,,2020-01-17,1000.0,SUR,,,,,RUB
EQOB,2020-01-17,ИКС5ФинБО6,RU000A0JWG05,2.0,21913.6,104.35,104.36,104.36,104.36,18.06,104.35,6.81,104.35,21.0,104.66,104.69,104.36,4701418.1,4079761.6,4701418.1,2023-04-27,912.0,6.81,,,,42.13,2022-10-27,2020-01-17,1000.0,SUR,,,,2022-10-31,RUB
EQOB,2020-01-17,БашнфтБО6,RU000A0JWGC2,6.0,16404.0,116.8,117.5,117.0,117.0,21.5,117.17,7.12,117.5,14.0,,110.84,117.0,0.0,579713.6,0.0,2026-04-29,1525.0,7.08,,,,54.35,2025-04-30,2020-01-17,1000.0,SUR,,,,2025-05-07,RUB
EQOB,2020-01-17,РосбанкБ20,RU000A0JWGS8,6.0,19410.5,96.61,98.0,98.0,98.0,1.64,97.05,7.29,96.61,20.0,,96.77,98.0,0.0,535112.3,0.0,2026-05-18,122.0,10.45,,,,4.99,2020-05-18,2020-01-17,1000.0,SUR,,,,2020-05-20,RUB
TQCB,2020-01-17,ПочтаРосБ2,RU000A0JWGV2,2.0,14443.5,100.05,104.9,104.9,104.9,14.73,103.17,6.19,100.05,14.0,,103.74,104.9,0.0,591298.0,0.0,2026-05-07,777.0,7.01,,,,41.88,2022-05-12,2020-01-17,1000.0,SUR,,,,2022-05-17,RUB
EQOB,2020-01-17,Новсиб 8об,RU000A0JWHW8,3.0,46474.8,109.35,114.0,114.0,114.0,21.3,113.91,5.63,109.35,51.0,,110.92,114.0,0.0,613165.68,0.0,2026-05-28,1110.0,5.65,,,,21.99,,2020-01-17,800.0,SUR,,,,,RUB
EQOB,2020-01-17,ПионерБО2,RU000A0JWK66,4.0,3487.5,86.9,87.5,87.5,87.19,0.01,87.19,10.18,86.9,4.0,,91.26,87.19,0.0,517467.3,0.0,2021-06-03,503.0,10.47,,,,0.02,,2020-01-17,1000.0,SUR,,,,,RUB
TQCB,2020-01-17,ТрнфБО1P1,RU000A0JWK90,2.0,2125.0,102.5,110.0,110.0,110.0,11.39,106.25,6.65,102.5,2.0,,109.01,110.0,0.0,507983.2,0.0,2023-06-02,1072.0,7.9,,,,49.36,,2020-01-17,1000.0,SUR,,,,,RUB
EQOB,2020-01-17,БелгОб2016,RU000A0JWKB6,1.0,44892.0,104.4,104.4,104.4,104.4,10.21,104.4,5.44,104.4,43.0,104.44,104.44,104.4,572335.0,571309.9,572335.0,2021-06-08,355.0,5.44,,,,24.46,,2020-01-17,1000.0,SUR,,,,,RUB
EQDB,2020-01-17,СТТ 01,RU000A0JWKY8,15.0,6690.2,12.11,14.49,12.61,12.61,13.04,13.65,,12.11,49.0,,12.47,12.61,0.0,517207.5,0.0,2021-06-20,155.0,0.0,,,,85.23,2020-06-20,2020-01-17,1000.0,SUR,,,,2021-06-21,RUB
EQOB,2020-01-17,НижгорОб11,RU000A0JWLD0,3.0,112134.0,109.7,110.0,109.7,109.7,0.56,109.94,5.52,110.0,102.0,,109.11,109.7,0.0,501897.3,0.0,2023-06-22,721.0,5.4,,,,25.55,,2020-01-17,1000.0,SUR,,,,,RUB
EQOB,2020-01-17,ЛнССМУБ1P1,RU000A0JWLG3,19.0,127145.43,103.62,103.75,103.74,103.74,6.31,103.7,7.15,103.7,183.0,,103.75,103.74,0.0,504683.62,0.0,2021-06-17,281.0,7.21,,,,19.79,,2020-01-17,670.0,SUR,,,,,RUB
EQOB,2020-01-17,ПЕРЕСВ БП5,RU000A0JWM15,4.0,1108.0,17.7,18.7,18.7,18.7,13.04,18.47,10.94,17.7,6.0,,,18.7,0.0,0.0,0.0,2036-06-04,5983.0,11.02,,,,96.63,,2020-01-17,1000.0,SUR,,,,,RUB
EQOB,2020-01-17,ТинькоффБ7,RU000A0JWM31,19.0,868748.5,100.65,101.5,101.15,101.15,4.46,101.02,6.65,101.3,860.0,101.02,101.02,101.15,868748.5,868748.5,868748.5,2021-06-24,505.0,6.75,,,,36.9,,2020-01-17,1000.0,SUR,,,,,RUB
EQOB,2020-01-17,АВТОБАН-Ф1,RU000A0JWM49,11.0,493242.4,101.49,101.5,101.49,101.49,6.63,101.49,10.09,101.5,486.0,,101.49,101.49,0.0,513540.4,0.0,2021-06-24,496.0,10.09,,,,54.85,,2020-01-17,1000.0,SUR,,,,,RUB
EQOB,2020-01-17,СамарОбл12,RU000A0JWM56,1.0,1133.9,113.39,113.39,113.39,113.39,5.55,113.39,4.89,113.39,1.0,,109.72,113.39,0.0,500325.3,0.0,2024-06-21,975.0,4.89,,,,24.03,,2020-01-17,1000.0,SUR,,,,,RUB
TQCB,2020-01-17,РН БАНК 01,RU000A0JWMJ5,1.0,85000.0,100.0,100.0,100.0,100.0,1.77,100.0,6.55,100.0,85.0,100.1,100.1,100.0,60504694.2,60504694.2,60504694.2,2021-07-09,522.0,6.55,,,,32.34,,2020-01-17,1000.0,SUR,,,,2020-01-17,RUB
EQOB,2020-01-17,МОСТРЕСТ 7,RU000A0JWN63,31.0,620382.3,103.5,103.7,103.7,103.7,0.76,103.57,7.73,103.7,599.0,103.57,103.57,103.7,620382.3,620382.3,620382.3,2026-07-07,832.0,7.79,,,,46.12,2022-07-12,2020-01-17,1000.0,SUR,,,,2022-07-14,RUB
EQOB,2020-01-17,МОСТРЕСТ 8,RU000A0JWN89,7.0,174629.5,105.03,107.55,105.75,105.12,49.79,105.2,7.28,106.44,166.0,105.75,105.75,105.12,4338801.1,4337736.7,4338801.1,2026-07-29,511.0,7.66,,,,55.6,2021-08-04,2020-01-17,1000.0,SUR,,,,2021-08-06,RUB
TQOD,2020-01-17,ВЭБ ПБО1Р3,RU000A0JWNE4,19.0,65132.07,103.1,103.5,103.5,103.4977,0.13,103.3842,2.51,103.1,63.0,103.3842,103.3842,103.4977,4010142.47,4010142.47,4010142.47,2021-07-15,532.0,2.59,,,,24.43,,2020-01-17,1000.0,USD,,,,,USD
EQOB,2020-01-17,ПИК БО-7,RU000A0JWP46,28.0,406260.6,102.01,102.44,102.34,102.34,40.04,102.33,7.81,102.17,397.0,,102.14,102.34,0.0,2317596.0,0.0,2026-07-24,818.0,7.81,,,,43.38,2022-07-29,2020-01-17,1000.0,SUR,,,,2022-08-03,RUB
EQOB,2020-01-17,Совком БО3,RU000A0JWPA7,2.0,32880.0,102.75,102.75,102.75,102.75,39.12,102.75,6.69,102.75,32.0,102.27,102.27,102.75,1856242.6,1739677.6,1856242.6,2021-07-30,518.0,6.69,,,,42.38,,2020-01-17,1000.0,SUR,,,,,RUB
EQOB,2020-01-17,ТрнфБО1P3,RU000A0JWPW1,1.0,33450.0,111.5,111.5,111.5,111.5,41.94,111.5,5.9,111.5,30.0,109.65,109.65,111.5,77022591.6,77022591.6,77022591.6,2023-08-03,1098.0,5.9,,,,47.12,,2020-01-17,1000.0,SUR,,,,,RUB
EQOB,2020-01-17,ТКБ-С04,RU000A0JWQ45,81.0,873285.1,102.53,104.9,103.5,103.5,62.05,103.84,13.43,104.89,841.0,103.84,103.84,103.5,873285.1,873285.1,873285.1,2022-02-14,644.0,13.23,,,,74.79,,2020-01-17,1000.0,SUR,,,,,RUB
EQOB,2020-01-17,ГазпрнефБ1,RU000A0JWRE5,1.0,21100.0,105.5,105.5,105.5,105.5,36.83,105.5,5.83,105.5,20.0,106.47,106.57,105.5,649465.1,605338.0,649465.1,2046-07-24,539.0,5.83,,,,46.87,2021-08-24,2020-01-17,1000.0,SUR,,,,2021-08-26,RUB
EQOB,2020-01-17,ГазпрнефБ4,RU000A0JWRF2,3.0,116859.3,105.24,105.63,105.24,105.24,36.83,105.28,6.0,105.63,111.0,104.58,104.58,105.24,2349803.7,2349803.7,2349803.7,2046-07-24,539.0,5.98,,,,46.87,2021-08-24,2020-01-17,1000.0,SUR,,,,2021-08-26,RUB
EQOB,2020-01-17,МТС БО-02,RU000A0JWRV9,6.0,56660.1,99.01,103.0,101.45,99.34,28.77,99.4,6.22,103.0,57.0,,,99.34,0.0,0.0,0.0,2031-08-15,386.0,8.23,,,,37.4,2021-02-26,2020-01-17,1000.0,SUR,,,,2021-03-03,RUB
EQOB,2020-01-17,Мордовия03,RU000A0JWSQ7,112.0,2799595.26,105.8,105.98,105.8,105.8,9.42,105.89,6.77,105.8,3777.0,105.89,105.89,105.8,2799595.26,2799595.26,2799595.26,2021-09-03,411.0,6.69,,,,20.42,,2020-01-17,700.0,SUR,,,,,RUB
TQCB,2020-01-17,ГТЛК БО-08,RU000A0JWST1,1.0,1067.5,106.75,106.75,106.75,106.75,39.23,106.75,6.79,106.75,1.0,106.71,106.6,106.75,5661037.1,1494599.5,5661037.1,2026-09-01,546.0,6.79,,,,55.35,2021-09-07,2020-01-17,1000.0,SUR,,,,2021-09-10,RUB
EQOB,2020-01-17,ТамбовОбл2,RU000A0JWT75,2.0,6369.6,106.16,106.16,106.16,106.16,6.05,106.16,6.89,106.16,6.0,,106.8,106.16,0.0,791375.9,0.0,2023-09-20,776.0,6.89,,,,23.93,,2020-01-17,1000.0,SUR,,,,,RUB
EQOB,2020-01-17,Удмурт2016,RU000A0JWT91,17.0,99062.5,119.09,119.79,119.09,119.09,5.78,119.35,6.91,119.79,83.0,,119.2,119.09,0.0,575758.6,0.0,2026-09-19,1731.0,6.86,,,,26.3,,2020-01-17,1000.0,SUR,,,,,RUB
TQCB,2020-01-17,Ростел1P1R,RU000A0JWTN2,1.0,2149.6,107.48,107.48,107.48,107.48,24.0,107.48,5.53,107.48,2.0,,101.76,107.48,0.0,22345516.1,0.0,2026-09-10,1449.0,5.53,,,,36.4,2024-09-12,2020-01-17,1000.0,SUR,,,,,RUB
EQOB,2020-01-17,ИААбсолют4,RU000A0JWU80,6.0,13809.76,100.3,100.5,100.5,100.5,1.37,100.42,6.58,100.5,100.0,,100.33,100.5,0.0,1209039.27,0.0,2043-12-11,54.0,7.15,,,,3.38,2020-03-11,2020-01-17,137.52,SUR,,,,,RUB
EQOB,2020-01-17,ЛСР БО 1Р1,RU000A0JWU98,44.0,4116830.72,103.1,103.25,103.19,103.19,5.42,103.15,7.34,103.25,4989.0,103.15,103.15,103.19,4116830.72,4116830.72,4116830.72,2021-09-22,325.0,7.38,,,,21.44,,2020-01-17,800.0,SUR,,,,,RUB
TQCB,2020-01-17,СберБ БО37,RU000A0JWUE9,25.0,602514.6,105.07,105.52,105.5,105.22,27.62,105.15,5.89,105.12,573.0,105.15,105.15,105.22,602514.6,602514.6,602514.6,2021-09-30,576.0,6.11,,,,46.12,,2020-01-17,1000.0,SUR,,,,,RUB
EQOB,2020-01-17,Новсиб2016,RU000A0JWUV3,2.0,7175.0,102.5,102.5,102.5,102.5,0.49,102.5,6.61,102.5,7.0,,103.08,102.5,0.0,1166848.8,0.0,2021-10-03,372.0,6.61,,,,22.26,,2020-01-17,1000.0,SUR,,,,,RUB
EQOB,2020-01-17,РСХБ 08Т1,RU000A0JWV63,62.0,7573350.3,121.91,122.48,122.48,122.48,41.77,122.21,9.84,121.91,6197.0,122.21,122.21,122.48,7573350.3,7573350.3,7573350.3,,1676.0,9.89,,,,71.05,2026-09-23,2020-01-17,1000.0,SUR,,,,,RUB
TQCB,2020-01-17,ТрнфБО1P4,RU000A0JWVC1,1.0,1087.5,108.75,108.75,108.75,108.75,27.01,108.75,5.83,108.75,1.0,,106.5,108.75,0.0,7918044.8,0.0,2022-09-29,878.0,5.83,,,,46.37,,2020-01-17,1000.0,SUR,,,,,RUB
EQOB,2020-01-17,ПКБ БО-01,RU000A0JWWG0,411.0,6372689.54,98.41,99.14,98.85,98.75,0.0,98.65,17.32,99.14,9228.0,98.65,98.65,98.75,6310231.34,6310231.34,6310231.34,2021-10-15,338.0,17.58,,,,26.18,,2020-01-17,700.0,SUR,,,,,RUB
EQOB,2020-01-17,РГ Лиз 01,RU000A0JWWX5,4.0,16072.7,100.44,100.5,100.5,100.46,23.29,100.45,8.12,100.44,16.0,,100.22,100.46,0.0,500078.6,0.0,2021-10-21,97.0,8.32,,,,49.86,2020-04-23,2020-01-17,1000.0,SUR,,,,,RUB
EQOB,2020-01-17,Хакас2016,RU000A0JWXQ7,93.0,11106612.8,112.25,112.35,112.28,112.28,25.0,112.32,7.12,112.34,9888.0,112.32,112.32,112.28,11106612.8,11106612.8,11106612.8,2023-11-02,897.0,7.1,,,,29.17,,2020-01-17,1000.0,SUR,,,,,RUB
EQOB,2020-01-17,ПолиплБ03,RU000A0JWYK8,52.0,296010.8,93.51,96.65,95.88,95.88,,95.8,,96.11,309.0,,96.05,95.88,0.0,552290.9,0.0,2021-11-05,658.0,0.0,,,,0.05,,2020-01-17,1000.0,SUR,,,,2020-05-14,RUB
EQOB,2020-01-17,СистемБ1P4,RU000A0JWYQ5,5.0,35809.3,102.17,102.35,102.3,102.3,18.79,102.31,6.91,102.17,35.0,,102.21,102.3,0.0,1997275.0,0.0,2026-10-30,286.0,6.9,,,,48.87,2020-11-06,2020-01-17,1000.0,SUR,,,,2020-11-11,RUB
EQOB,2020-01-17,СистемБ1P5,RU000A0JWZY6,19.0,4273883.6,100.3,100.53,100.35,100.35,15.19,100.3,6.3,100.48,4261.0,100.3,100.3,100.35,4273883.6,4273883.6,4273883.6,2026-11-13,35.0,6.85,,,,24.68,2020-02-21,2020-01-17,1000.0,SUR,,,,2020-02-26,RUB
TQCB,2020-01-17,Автодор1P1,RU000A0JX009,4.0,102415.5,103.45,103.45,103.45,103.45,15.73,103.45,6.07,103.45,99.0,,103.39,103.45,0.0,651379.0,0.0,2020-11-20,299.0,6.07,,,,51.11,,2020-01-17,1000.0,SUR,,,,,RUB
EQOB,2020-01-17,МосОбл2016,RU000A0JX0B9,9.0,26149.1,108.8,108.99,108.8,108.93,13.75,108.95,6.25,108.96,24.0,,108.63,108.93,0.0,505145.6,0.0,2023-11-21,885.0,6.19,,,,24.06,,2020-01-17,1000.0,SUR,,,,,RUB
EQOB,2020-01-17,ЯНАО-2016,RU000A0JX0Z8,35.0,765543.36,102.7,105.7,105.49,105.49,6.78,105.45,6.05,105.35,1210.0,105.45,105.45,105.49,765543.36,765543.36,765543.36,2023-12-06,575.0,6.07,,,,14.02,,2020-01-17,600.0,SUR,,,,,RUB
EQOB,2020-01-17,ХМАО 10,RU000A0JX215,12.0,12081133.5,104.52,106.5,106.49,106.49,6.27,106.25,5.97,106.5,11370.0,106.25,106.25,106.49,12081133.5,12081133.5,12081133.5,2023-12-18,708.0,6.09,,,,22.81,,2020-01-17,1000.0,SUR,,,,,RUB
TQCB,2020-01-17,РосбанкБ11,RU000A0JX2F6,2.0,4008.0,100.2,100.2,100.2,100.2,5.02,100.2,6.58,100.2,4.0,,100.6,100.2,0.0,70519098.4,0.0,2026-12-20,985.0,6.58,,,,32.84,2022-12-20,2020-01-17,1000.0,SUR,,,,2022-12-23,RUB
TQCB,2020-01-17,ДОМ.РФ Б-5,RU000A0JX2R1,2.0,100101001.1,100.1,100.11,100.1,100.1,4.72,100.1,6.2,100.11,100001.0,100.1,100.1,100.1,100132899.4,100129909.5,100132899.4,2049-12-22,413.0,6.2,,,,15.33,2021-03-19,2020-01-17,1000.0,SUR,,,,2021-03-23,RUB
EQOB,2020-01-17,КалинОбл16,RU000A0JX2S9,7.0,119061.2,108.1,108.35,108.19,108.16,8.05,108.24,5.57,108.1,110.0,,107.97,108.16,0.0,500985.1,0.0,2021-12-17,580.0,5.54,,,,26.18,,2020-01-17,1000.0,SUR,,,,,RUB
TQCB,2020-01-17,Роснфт1P2,RU000A0JX355,2.0,19000.2,105.55,105.56,105.55,105.56,7.2,105.7,6.37,105.56,18.0,105.55,105.55,105.56,63716014.2,61435470.2,63716014.2,2026-12-11,654.0,6.28,,,,46.82,2021-12-17,2020-01-17,1000.0,SUR,,,,2021-12-22,RUB
EQOB,2020-01-17,ЛидерИнБП1,RU000A0JX3A5,8.0,55510.7,100.26,101.0,100.83,100.83,5.23,100.93,7.13,100.99,55.0,,100.6,100.83,0.0,521113.6,0.0,2021-12-21,333.0,7.01,,,,39.64,2020-12-22,2020-01-17,1000.0,SUR,,,,2020-12-25,RUB
EQOB,2020-01-17,ДОМРФИА 1P,RU000A0JX3M0,1.0,62024.07,108.45,108.45,108.45,108.45,,108.45,8.9228,108.45,180.0,,,108.45,0.0,0.0,0.0,2039-12-28,777.0,8.9228,,,,,2025-06-28,2020-01-17,317.73,SUR,,,,,RUB
EQOB,2020-01-17,ЧТПЗ 1P1,RU000A0JX439,1.0,10400.0,104.0,104.0,104.0,104.0,6.48,104.0,6.38,104.0,10.0,103.82,103.82,104.0,2163667.9,2133591.6,2163667.9,2020-12-24,333.0,6.38,,,,53.6,,2020-01-17,1000.0,SUR,,,,,RUB
TQCB,2020-01-17,ВЭБ ПБО1Р5,RU000A0JX4Q9,8.0,79492.9,105.8,108.6,105.8,105.8,5.35,105.99,6.6,108.6,75.0,106.41,106.44,105.8,838486.0,767450.9,838486.0,2021-12-17,653.0,6.49,,,,48.13,,2020-01-17,1000.0,SUR,,,,,RUB
TQCB,2020-01-17,АльфаБО-18,RU000A0JX5W4,133.0,1679880.2,99.51,100.1,100.04,100.04,46.34,99.99,6.6,100.05,1680.0,99.99,99.99,100.04,1679880.2,1679880.2,1679880.2,2032-01-05,967.0,6.62,,,,47.12,2023-01-16,2020-01-17,1000.0,SUR,,,,2023-01-18,RUB
TQCB,2020-01-17,ТрнфБО1P5,RU000A0JXC24,2.0,3287.0,109.1,109.8,109.1,109.1,42.58,109.57,6.75,109.8,3.0,109.49,109.7,109.1,72642186.0,47434129.5,72642186.0,2024-01-26,1224.0,6.61,,,,46.12,,2020-01-17,1000.0,SUR,,,,,RUB
EQOB,2020-01-17,ТрансмшПБ1,RU000A0JXD07,11.0,519011.7,100.12,100.2,100.2,100.2,44.71,100.2,5.77,100.12,518.0,100.2,100.2,100.2,519011.7,519011.7,519011.7,2020-02-04,18.0,5.77,,,,49.61,,2020-01-17,1000.0,SUR,,,,,RUB
TQCB,2020-01-17,ГТЛК 1P-03,RU000A0JXE06,27.0,8783559.8,113.49,113.99,113.98,113.98,21.4,113.6,7.18,113.5,7732.0,113.6,113.6,113.98,8783559.8,8783559.8,8783559.8,2032-01-22,1208.0,7.29,,,,27.42,2024-02-01,2020-01-17,1000.0,SUR,,,,2024-02-06,RUB
TQCB,2020-01-17,МТС 001P-1,RU000A0JXEV5,1.0,10857.0,108.57,108.57,108.57,108.57,39.7,108.57,4.63,108.57,10.0,,105.75,108.57,0.0,620761.9,0.0,2022-02-04,678.0,4.63,,,,44.88,,2020-01-17,1000.0,SUR,,,,,RUB
EQOB,2020-01-17,СоллФин 01,RU000A0JXFC2,62.0,326791.62,99.99,100.47,100.18,100.18,5.54,100.09,9.83,100.47,1306.0,,100.29,100.18,0.0,698496.84,0.0,2020-02-11,25.0,11.25,,,,7.64,,2020-01-17,250.0,SUR,,,,2020-02-11,RUB
TQCB,2020-01-17,ГазпромКБ5,RU000A0JXFS8,140.0,3333363.8,109.0,109.35,109.01,109.01,38.04,109.33,6.45,109.0,3049.0,109.33,109.33,109.01,3333363.8,3333363.8,3333363.8,2027-02-03,1243.0,6.36,,,,44.38,2024-02-07,2020-01-17,1000.0,SUR,,,,2024-02-12,RUB
EQOB,2020-01-17,ЧТПЗ 1P2,RU000A0JXHE4,23.0,189145.1,105.47,106.35,106.3,106.3,41.83,106.26,6.65,106.34,178.0,,106.31,106.3,0.0,509204.5,0.0,2022-02-10,677.0,6.67,,,,49.12,,2020-01-17,1000.0,SUR,,,,,RUB
EQOB,2020-01-17,ГПБ БО-23,RU000A0JXHQ8,11.0,50706888.0,100.3,100.4,100.36,100.36,38.42,100.36,5.39,100.3,50525.0,100.36,100.36,100.36,50706888.0,50706888.0,50706888.0,2020-02-20,34.0,5.39,,,,47.13,,2020-01-17,1000.0,SUR,,,,,RUB
EQOB,2020-01-17,ГИДРОМАШБ1,RU000A0JXJE0,14.0,1515420.4,100.29,100.54,100.29,100.37,44.18,100.29,7.34,100.3,1511.0,100.29,100.29,100.37,1515420.4,1515420.4,1515420.4,2027-02-09,32.0,7.34,,,,53.6,2020-02-18,2020-01-17,1000.0,SUR,,,,2020-02-21,RUB
TQCB,2020-01-17,МОЭСК БО-9,RU000A0JXJS0,2.0,7947772.0,100.3,100.3,100.3,100.3,36.1,100.3,6.19,100.3,7924.0,100.33,100.31,100.3,9821429.3,8593359.5,9821429.3,2027-02-15,38.0,6.19,,,,45.62,2020-02-24,2020-01-17,1000.0,SUR,,,,2020-02-26,RUB
EQOB,2020-01-17,ПИК БО-П01,RU000A0JXK40,86.0,1668005.0,100.5,100.88,100.74,100.74,49.86,100.66,6.39,100.88,1657.0,100.66,100.66,100.74,1668005.0,1668005.0,1668005.0,2022-02-25,42.0,7.09,,,,64.82,2020-02-28,2020-01-17,1000.0,SUR,,,,2020-03-04,RUB
EQOB,2020-01-17,РусфинБ1P2,RU000A0JXLE6,2.0,43266.6,100.62,100.62,100.62,100.62,30.61,100.62,6.05,100.62,43.0,,100.86,100.62,0.0,530534.4,0.0,2020-03-23,66.0,6.05,,,,47.88,,2020-01-17,1000.0,SUR,,,,,RUB
EQOB,2020-01-17,ИНГР БО-01,RU000A0JXLM9,1.0,23046.0,100.2,100.2,100.2,100.2,28.77,100.2,7.57,100.2,23.0,,100.2,100.2,0.0,513023.0,0.0,2022-03-17,62.0,7.57,,,,43.63,2020-03-19,2020-01-17,1000.0,SUR,,,,2020-03-24,RUB
EQOB,2020-01-17,ОткрФКБОП3,RU000A0JXLR8,1.0,1009.7,100.97,100.97,100.97,100.97,30.16,100.97,5.28,100.97,1.0,,100.62,100.97,0.0,536323.4,0.0,2023-04-10,75.0,5.28,,,,50.92,2020-04-01,2020-01-17,1000.0,SUR,,,,2020-04-06,RUB
TQCB,2020-01-17,ТрнфБО1P6,RU000A0JXM97,21.0,128607.4,103.03,103.96,103.85,103.85,28.11,103.72,5.66,103.45,124.0,,103.29,103.85,0.0,519548.1,0.0,2021-03-24,409.0,5.77,,,,44.88,,2020-01-17,1000.0,SUR,,,,,RUB
EQDB,2020-01-17,СТТ 02,RU000A0JXMB0,7.0,23490.0,20.0,25.0,21.0,21.0,30.14,20.61,,20.0,114.0,,,21.0,0.0,0.0,0.0,2022-03-30,73.0,0.0,,,,50.14,2020-03-30,2020-01-17,1000.0,SUR,,,,2022-03-30,RUB
EQOB,2020-01-17,ЧТПЗ 1P3,RU000A0JXME4,19.0,4270721.7,108.9,109.36,109.36,109.36,5.85,108.91,7.28,109.33,3919.0,108.97,108.97,109.36,4270721.7,4270721.7,4270721.7,2024-03-21,1278.0,7.41,,,,24.18,,2020-01-17,1000.0,SUR,,,,,RUB
TQCB,2020-01-17,МТС 001P-2,RU000A0JXMH7,6.0,634040.9,101.92,103.75,103.5,103.5,27.4,103.26,5.83,103.0,614.0,103.39,103.34,103.5,762996.9,704756.9,762996.9,2021-03-25,411.0,6.04,,,,44.13,,2020-01-17,1000.0,SUR,,,,,RUB
EQOB,2020-01-17,ДетМир Б-4,RU000A0JXMZ9,47.0,282007.2,100.49,100.75,100.71,100.71,27.33,100.72,6.07,100.49,280.0,,100.65,100.71,0.0,546529.4,0.0,2024-03-29,77.0,6.02,,,,47.37,2020-04-03,2020-01-17,1000.0,SUR,,,,2020-04-07,RUB
TQCB,2020-01-17,РЖД Б01P1R,RU000A0JXN05,25.0,180413254.2,107.22,108.0,108.0,108.0,10.73,107.45,6.13,107.22,167906.0,107.45,107.45,108.0,180413254.2,180413254.2,180413254.2,2032-05-18,1087.0,6.31,,,,43.38,2023-05-30,2020-01-17,1000.0,SUR,,,,2023-06-02,RUB
EQOB,2020-01-17,РСГ-ФинБ7,RU000A0JXN13,14.0,91920.5,102.93,103.3,103.29,103.29,34.52,103.28,10.54,103.29,89.0,,102.83,103.29,0.0,2395843.1,0.0,2022-04-01,710.0,10.55,,,,59.84,,2020-01-17,1000.0,SUR,,,,,RUB
EQOB,2020-01-17,СистемБ1P6,RU000A0JXN21,60.0,11405911.5,103.31,103.59,103.55,103.55,25.6,103.55,7.25,103.59,11015.0,103.55,103.55,103.55,11405911.5,11405911.5,11405911.5,2027-03-26,733.0,7.25,,,,44.38,2022-04-01,2020-01-17,1000.0,SUR,,,,2022-04-06,RUB
EQOB,2020-01-17,ВСК 01P-01,RU000A0JXNB8,5.0,114230.0,101.0,101.2,101.0,101.0,30.85,101.09,6.55,101.2,113.0,,101.22,101.0,0.0,546614.4,0.0,2022-04-05,81.0,6.13,,,,55.6,2020-04-07,2020-01-17,1000.0,SUR,,,,2020-04-10,RUB
TQCB,2020-01-17,Газпнф1P1R,RU000A0JXNF9,7.0,211634.5,105.23,105.94,105.85,105.85,23.84,105.82,5.93,105.94,200.0,,105.79,105.85,0.0,503538.3,0.0,2022-04-06,740.0,5.94,,,,43.38,,2020-01-17,1000.0,SUR,,,,,RUB
TQCB,2020-01-17,РН БАНК1Р1,RU000A0JXNV6,1.0,6051.0,100.85,100.85,100.85,100.85,24.08,100.85,5.94,100.85,6.0,100.81,100.83,100.85,1562480.0,668521.4,1562480.0,2020-04-16,90.0,5.94,,,,47.38,,2020-01-17,1000.0,SUR,,,,,RUB
EQOB,2020-01-17,ТМК БО-6,RU000A0JXPD9,19.0,153475.9,100.9,101.1,101.1,101.1,23.24,100.97,5.45,100.94,152.0,,100.83,101.1,0.0,963944.9,0.0,2027-04-13,95.0,5.96,,,,48.62,2020-04-21,2020-01-17,1000.0,SUR,,,,2020-04-27,RUB
TQCB,2020-01-17,ГТЛК 1P-04,RU000A0JXPG2,19.0,1612891.8,107.56,108.16,108.16,108.05,23.48,107.96,7.21,108.15,1494.0,107.96,107.96,108.05,1612891.8,1612891.8,1612891.8,2032-04-06,1015.0,7.28,,,,24.56,2023-04-18,2020-01-17,1000.0,SUR,,,,2023-04-21,RUB
EQOB,2020-01-17,ЛСР БО 1Р2,RU000A0JXPM0,79.0,783680.6,103.02,103.41,103.3,103.3,22.74,103.25,7.04,103.2,759.0,103.25,103.25,103.3,783680.6,783680.6,783680.6,2022-04-20,426.0,7.08,,,,24.06,,2020-01-17,1000.0,SUR,,,,,RUB
TQCB,2020-01-17,Ростел1P2R,RU000A0JXPN8,1.0,3154.5,105.15,105.15,105.15,105.15,20.38,105.15,6.26,105.15,3.0,,104.05,105.15,0.0,554594.2,0.0,2027-04-14,754.0,6.26,,,,43.13,2022-04-20,2020-01-17,1000.0,SUR,,,,2022-04-25,RUB
EQOB,2020-01-17,Калаш БП1,RU000A0JXPU3,65.0,2992240.5,100.9,101.42,101.2,101.2,25.38,101.06,6.3,101.42,2961.0,101.06,101.06,101.2,2992240.5,2992240.5,2992240.5,2022-04-21,97.0,6.84,,,,54.35,2020-04-23,2020-01-17,1000.0,SUR,,,,2020-04-28,RUB
TQCB,2020-01-17,ФПК 1P-01,RU000A0JXQ28,2.0,3174.0,105.45,106.5,106.5,106.5,20.49,105.8,6.29,105.45,3.0,106.34,106.35,106.5,2680751.9,2675807.9,2680751.9,2027-04-15,902.0,6.57,,,,43.88,2022-10-20,2020-01-17,1000.0,SUR,,,,2022-10-25,RUB
TQCB,2020-01-17,РЖД Б01P2R,RU000A0JXQ44,9.0,20828.0,105.01,109.9,109.7,109.7,19.79,109.62,6.69,109.9,19.0,,108.94,109.7,0.0,502228.6,0.0,2037-04-02,1808.0,6.7,,,,42.38,2026-04-16,2020-01-17,1000.0,SUR,,,,2026-04-21,RUB
EQOB,2020-01-17,АВТОБФ БП1,RU000A0JXQ51,9.0,76402.5,100.3,101.09,101.05,101.05,23.59,100.53,6.27,100.9,76.0,,100.97,101.05,0.0,1041968.2,0.0,2024-04-19,98.0,8.28,,,,51.11,2020-04-24,2020-01-17,1000.0,SUR,,,,2022-04-27,RUB
TQCB,2020-01-17,Тинькофф1R,RU000A0JXQ85,63.0,621108.1,102.85,103.39,103.1,103.1,20.48,103.0,6.4,103.39,603.0,103.0,103.0,103.1,621108.1,621108.1,621108.1,2022-04-22,440.0,6.48,,,,44.38,2021-04-23,2020-01-17,1000.0,SUR,,,,2021-04-27,RUB
EQOB,2020-01-17,ПИК БО-П02,RU000A0JXQ93,93.0,2107597.87,104.45,104.99,104.8,104.8,21.75,104.81,7.14,104.45,2394.0,104.81,104.81,104.8,2107597.87,2107597.87,2107597.87,2022-04-22,402.0,7.14,,,,23.56,,2020-01-17,840.0,SUR,,,,,RUB
TQCB,2020-01-17,ТрнфБО1P7,RU000A0JXQD7,15.0,238979.2,101.71,102.2,102.02,102.02,18.94,102.13,6.13,102.2,234.0,,102.06,102.02,0.0,1269674.2,0.0,2020-10-28,277.0,5.99,,,,43.63,,2020-01-17,1000.0,SUR,,,,,RUB
EQOB,2020-01-17,О'КЕЙ-Б01Р,RU000A0JXQH8,31.0,767503.6,103.3,103.77,103.32,103.32,20.41,103.44,7.0,103.31,742.0,103.44,103.44,103.32,767503.6,767503.6,767503.6,2021-04-29,438.0,6.9,,,,23.81,,2020-01-17,1000.0,SUR,,,,,RUB
EQOB,2020-01-17,ТелХолПБО3,RU000A0JXQJ4,22.0,272908.8,102.31,103.0,102.93,102.93,22.76,102.6,6.83,102.64,266.0,,102.72,102.93,0.0,500268.3,0.0,2020-10-29,277.0,7.28,,,,53.1,,2020-01-17,1000.0,SUR,,,,,RUB
TQCB,2020-01-17,Роснфт1P4,RU000A0JXQK2,28.0,989433.9,106.56,106.95,106.8,106.8,18.48,106.74,6.41,106.56,927.0,106.74,106.74,106.8,989433.9,989433.9,989433.9,2027-04-22,1054.0,6.43,,,,43.13,2023-04-27,2020-01-17,1000.0,SUR,,,,2023-05-03,RUB
EQOB,2020-01-17,АльфаБО-19,RU000A0JXQX5,13.0,49328.5,102.49,105.44,104.5,104.49,9.59,104.95,-8.88,102.49,47.0,,105.66,104.49,0.0,531484.8,0.0,2020-05-08,112.0,-10.13,,,,24.93,,2020-01-17,1000.0,SUR,,,,2020-05-08,RUB
EQOB,2020-01-17,Якут-09 об,RU000A0JXR43,5.0,9537.5,103.4,106.99,106.0,106.0,15.06,105.97,6.3,106.99,9.0,,104.66,106.0,0.0,2377836.6,0.0,2024-05-16,885.0,6.31,,,,21.42,,2020-01-17,1000.0,SUR,,,,,RUB
TQCB,2020-01-17,РЖД Б01P3R,RU000A0JXR84,4.0,40791.4,107.33,107.35,107.35,107.35,14.73,107.35,6.84,107.33,38.0,,105.9,107.35,0.0,1139448.1,0.0,2037-04-23,1595.0,6.84,,,,41.88,2025-05-08,2020-01-17,1000.0,SUR,,,,2025-05-14,RUB
EQOB,2020-01-17,СамолетБП1,RU000A0JXRF0,2.0,27239.63,103.77,103.77,103.77,103.77,14.55,103.77,9.2,103.77,35.0,103.47,103.49,103.77,652635.39,575145.39,652635.39,2022-05-17,444.0,9.2,,,,22.44,,2020-01-17,750.0,SUR,,,,,RUB
TQCB,2020-01-17,ЕврХимБ1Р2,RU000A0JXRN4,1.0,20200.0,101.0,101.0,101.0,101.0,12.47,101.0,5.92,101.0,20.0,100.68,100.68,101.0,1751911.8,1743843.8,1751911.8,2020-05-26,130.0,5.92,,,,43.63,,2020-01-17,1000.0,SUR,,,,,RUB
EQOB,2020-01-17,АльфаБО-20,RU000A0JXRV7,6.0,2691763.0,100.79,100.89,100.89,100.89,12.39,100.82,6.19,100.79,2670.0,100.81,100.81,100.89,2834898.5,2829859.0,2834898.5,2032-05-11,130.0,6.4,,,,43.38,2020-05-26,2020-01-17,1000.0,SUR,,,,2020-05-28,RUB
TQCB,2020-01-17,СберБ БО19,RU000A0JXRW5,16.0,1139002.5,102.44,103.02,102.96,102.96,10.92,102.89,6.09,102.96,1107.0,102.89,102.89,102.96,1139002.5,1139002.5,1139002.5,2027-05-30,478.0,6.15,,,,41.39,2021-05-30,2020-01-17,1000.0,SUR,,,,2021-06-02,RUB
EQOB,2020-01-17,Лента Б1P1,RU000A0JXRX3,7.0,66707.1,100.73,101.4,101.35,101.3,12.39,101.07,4.86,101.4,66.0,,101.25,101.3,0.0,503224.8,0.0,2020-05-26,130.0,5.67,,,,43.38,,2020-01-17,1000.0,SUR,,,,,RUB
EQOB,2020-01-17,КТЖФинанс1,RU000A0JXS34,35.0,903812.8,103.04,104.49,104.49,104.49,9.11,104.37,6.79,104.39,866.0,104.37,104.37,104.49,903812.8,903812.8,903812.8,2022-06-07,801.0,6.85,,,,43.63,,2020-01-17,1000.0,SUR,,,,,RUB
EQOB,2020-01-17,ПочтаРБ1P3,RU000A0JXS59,6.0,5124679.7,100.7,101.24,101.24,101.24,11.81,100.8,4.95,100.7,5084.0,100.74,100.76,101.24,11663108.6,8631053.9,11663108.6,2027-05-19,131.0,6.22,,,,42.13,2020-05-27,2020-01-17,1000.0,SUR,,,,2020-06-01,RUB
TQCB,2020-01-17,УрКаПБО3P,RU000A0JXS75,6.0,17175.6,101.0,101.1,101.0,101.0,12.3,101.03,5.99,101.1,17.0,100.71,100.7,101.0,1935643.4,1603200.7,1935643.4,2020-05-27,131.0,5.91,,,,43.88,,2020-01-17,1000.0,SUR,,,,,RUB
EQOB,2020-01-17,ЯрОбл 2017,RU000A0JXS83,1.0,1097.9,109.79,109.79,109.79,109.79,18.41,109.79,6.45,109.79,1.0,,109.25,109.79,0.0,530975.3,0.0,2027-04-20,1641.0,6.45,,,,20.94,,2020-01-17,1000.0,SUR,,,,,RUB
EQOB,2020-01-17,ВлгОб35007,RU000A0JXSD3,25.0,283362.4,104.8,105.05,104.9,104.91,9.75,104.95,6.94,104.8,270.0,,104.94,104.91,0.0,504782.1,0.0,2024-06-02,1044.0,6.92,,,,22.19,,2020-01-17,1000.0,SUR,,,,,RUB
EQOB,2020-01-17,БалтЛизБП1,RU000A0JXT17,61.0,223468.31,100.9,101.35,101.18,101.17,4.55,101.12,6.86,101.2,650.0,,101.11,101.17,0.0,500180.75,0.0,2020-06-04,94.0,7.11,,,,9.62,,2020-01-17,340.0,SUR,,,,,RUB
EQOB,2020-01-17,СамарОбл13,RU000A0JXT41,3.0,3181.6,106.0,106.16,106.0,106.0,9.42,106.05,6.08,106.0,3.0,,106.83,106.0,0.0,1021257.3,0.0,2024-05-31,963.0,6.06,,,,20.42,,2020-01-17,1000.0,SUR,,,,,RUB
EQOB,2020-01-17,БелугаБП1,RU000A0JXTB5,3.0,22875.6,103.98,103.98,103.98,103.98,9.89,103.98,6.97,103.98,22.0,,103.9,103.98,0.0,2844878.2,0.0,2022-06-07,560.0,6.97,,,,47.37,,2020-01-17,1000.0,SUR,,,,,RUB
TQCB,2020-01-17,ГПБ БО-13,RU000A0JXTF6,5.0,236457.0,101.05,101.05,101.05,101.05,8.06,101.05,6.07,101.05,234.0,,100.95,101.05,0.0,748049.1,0.0,2020-06-14,149.0,6.07,,,,43.37,,2020-01-17,1000.0,SUR,,,,,RUB
EQOB,2020-01-17,КаркадеБ03,RU000A0JXTH2,97.0,210126.82,101.6,101.97,101.63,101.67,2.33,101.65,7.63,101.63,1216.0,,101.68,101.67,0.0,509220.27,0.0,2020-06-10,99.0,7.55,,,,5.72,,2020-01-17,170.0,SUR,,,,,RUB
EQOB,2020-01-17,ОткрФКББП3,RU000A0JXTN0,25.0,6119608.7,102.0,102.4,102.4,102.4,71.24,102.2,5.93,102.02,5988.0,102.2,102.2,102.4,6119608.7,6119608.7,6119608.7,2020-06-17,152.0,6.4,,,,121.83,,2020-01-17,1000.0,SUR,,,,,RUB
TQCB,2020-01-17,РусГидрБП5,RU000A0JXTQ3,25.0,587764.2,100.69,100.95,100.9,100.9,7.86,100.82,5.97,100.95,583.0,100.82,100.82,100.9,587764.2,587764.2,587764.2,2020-06-12,147.0,6.18,,,,40.89,,2020-01-17,1000.0,SUR,,,,,RUB
EQOB,2020-01-17,БелгОб2017,RU000A0JXTW1,2.0,14063.4,108.18,108.18,108.18,108.18,7.01,108.18,5.47,108.18,13.0,,105.29,108.18,0.0,500130.0,0.0,2024-06-11,1012.0,5.47,,,,20.57,,2020-01-17,1000.0,SUR,,,,,RUB
EQOB,2020-01-17,ЧТПЗ 1P4,RU000A0JXTY7,1.0,103000.0,103.0,103.0,103.0,103.0,7.6,103.0,6.79,103.0,100.0,102.74,103.07,103.0,10875028.6,2292338.6,10875028.6,2027-06-08,492.0,6.79,,,,44.63,2021-06-15,2020-01-17,1000.0,SUR,,,,2021-06-18,RUB
TQCB,2020-01-17,ВЭБ ПБО1Р9,RU000A0JXU71,90.0,17366069.6,103.4,103.64,103.4,103.48,6.71,103.41,6.3,103.63,16793.0,103.41,103.41,103.48,17366069.6,17366069.6,17366069.6,2021-06-18,496.0,6.29,,,,43.63,,2020-01-17,1000.0,SUR,,,,,RUB
TQCB,2020-01-17,РСХБ БО 2P,RU000A0JXUC1,8.0,318979.3,103.1,103.49,103.1,103.1,5.92,103.23,6.44,103.48,309.0,103.22,103.19,103.1,5739112.0,3090601.9,5739112.0,2021-06-21,499.0,6.34,,,,43.13,,2020-01-17,1000.0,SUR,,,,,RUB
EQOB,2020-01-17,КОМИ 14 об,RU000A0JXUD9,3.0,7703.0,107.74,110.97,107.74,107.74,5.52,110.04,6.36,110.96,7.0,,107.53,107.74,0.0,503244.2,0.0,2024-06-25,1268.0,5.72,,,,20.94,,2020-01-17,1000.0,SUR,,,,,RUB
EQOB,2020-01-17,Росбанк2P2,RU000A0JXUH0,10.0,257466.8,100.57,100.66,100.57,100.57,12.02,100.57,7.35,100.66,256.0,,100.77,100.57,0.0,591546.9,0.0,2020-06-30,165.0,7.35,,,,50.89,,2020-01-17,1000.0,SUR,,,,,RUB
EQDB,2020-01-17,ВолгКапПБ1,RU000A0JXUU3,2.0,107.0,5.35,5.35,5.35,5.35,4.19,5.35,,5.35,2.0,,7.35,5.35,0.0,500270.3,0.0,2022-06-27,164.0,0.0,,,,42.38,2020-06-29,2020-01-17,1000.0,SUR,,,,2020-07-02,RUB
EQOB,2020-01-17,СИНХФБО1P1,RU000A0JXVE5,2.0,53001.0,104.79,124.99,104.79,104.79,2.44,106.0,6.87,124.99,50.0,104.56,104.56,104.79,1343630.5,1245346.0,1343630.5,2022-07-05,828.0,6.33,,,,44.38,,2020-01-17,1000.0,SUR,,,,,RUB
EQOB,2020-01-17,ДелПорт1P1,RU000A0JXVG0,19.0,415467.1,104.64,105.31,105.25,105.25,2.58,105.18,7.17,105.31,395.0,,105.19,105.25,0.0,537518.7,0.0,2022-07-05,824.0,7.2,,,,46.87,,2020-01-17,1000.0,SUR,,,,,RUB
TQCB,2020-01-17,РоссетБ1Р1,RU000A0JXVM8,4.0,21765.0,103.3,104.5,104.5,104.5,1.79,103.64,6.25,103.3,21.0,,103.98,104.5,0.0,545902.2,0.0,2022-07-07,835.0,6.64,,,,40.64,,2020-01-17,1000.0,SUR,,,,,RUB
EQOB,2020-01-17,ИК МБС БО1,RU000A0JXW87,5.0,10830.0,97.0,99.0,99.0,98.63,0.0,98.45,14.08,99.0,11.0,,96.06,98.63,0.0,697398.5,0.0,2023-07-14,91.0,16.66,,,,23.06,2020-04-17,2020-01-17,1000.0,SUR,,,,,RUB
EQOB,2020-01-17,ПИК БО-П03,RU000A0JXY44,109.0,3825279.0,107.6,108.14,107.8,107.8,22.68,107.78,7.55,108.0,3549.0,107.78,107.78,107.8,3825279.0,3825279.0,3825279.0,2022-07-29,809.0,7.56,,,,26.8,,2020-01-17,1000.0,SUR,,,,,RUB
EQOB,2020-01-17,КраснодКр1,RU000A0JXYS9,7.0,41883.2,107.36,107.4,107.36,107.36,14.84,107.39,6.47,107.39,39.0,,107.52,107.36,0.0,503204.5,0.0,2024-08-09,1150.0,6.46,,,,21.44,,2020-01-17,1000.0,SUR,,,,,RUB
TQOD,2020-01-17,ГТЛК 1P-05,RU000A0JY023,10.0,14461.59,104.37,104.6,104.37,104.376,5.92,104.4912,3.0,104.5999,16.0,104.4912,104.4912,104.376,890391.43,890391.43,890391.43,2024-08-21,818.0,2.95,,,,10.57,,2020-01-17,865.0,USD,,,,,USD
EQOB,2020-01-17,МФ МарЭл17,RU000A0JY031,25.0,471645.4,105.11,105.3,105.29,105.29,12.02,105.28,6.95,105.3,448.0,,105.28,105.29,0.0,503232.4,0.0,2024-08-21,1043.0,6.95,,,,21.44,,2020-01-17,1000.0,SUR,,,,,RUB
EQOB,2020-01-17,ЛнССМУБ1P2,RU000A0ZYA66,48.0,4018987.7,102.24,102.89,102.88,102.88,8.58,102.32,7.27,102.35,3928.0,102.32,102.32,102.88,4018987.7,4018987.7,4018987.7,2022-09-09,562.0,7.64,,,,22.31,,2020-01-17,1000.0,SUR,,,,,RUB
EQOB,2020-01-17,РСГ-ФинБ3,RU000A0ZYA74,11.0,357330.0,102.0,102.19,102.1,102.1,45.74,102.09,10.03,102.19,350.0,,102.18,102.1,0.0,2045674.0,0.0,2020-09-11,227.0,10.05,,,,66.07,,2020-01-17,1000.0,SUR,,,,,RUB
TQCB,2020-01-17,ГПБ БО-14,RU000A0ZYAE3,21.0,734963.0,101.25,101.59,101.25,101.26,27.62,101.51,6.55,101.59,724.0,101.51,101.51,101.26,734963.0,734963.0,734963.0,2020-09-19,239.0,6.15,,,,41.88,,2020-01-17,1000.0,SUR,,,,,RUB
EQOB,2020-01-17,КарМаниБ1,RU000A0ZYAQ7,47.0,572504.2,104.2,105.5,104.99,104.99,4.82,105.24,12.31,105.18,544.0,105.24,105.24,104.99,572504.2,572504.2,572504.2,2022-10-25,414.0,12.08,,,,13.59,2021-04-15,2020-01-17,1000.0,SUR,,,,2021-04-22,RUB
EQOB,2020-01-17,ДОМ.РФ Б-9,RU000A0ZYAR5,2.0,163109.7,100.61,100.76,100.76,100.76,5.68,100.69,6.11,100.61,162.0,,101.52,100.76,0.0,856811.7,0.0,2020-09-17,239.0,6.23,,,,17.83,,2020-01-17,1000.0,SUR,,,,,RUB
EQOB,2020-01-17,Новсиб2017,RU000A0ZYBD3,1.0,3072.6,102.42,102.42,102.42,102.42,0.22,102.42,6.86,102.42,3.0,,,102.42,0.0,0.0,0.0,2022-09-27,769.0,6.86,,,,19.57,,2020-01-17,1000.0,SUR,,,,,RUB
EQOB,2020-01-17,РосбнБ1P1,RU000A0ZYBG6,8.0,1103283.5,101.04,101.3,101.3,101.3,24.94,101.22,6.51,101.2,1090.0,101.22,101.22,101.3,1106327.1,1106327.1,1106327.1,2020-09-30,250.0,6.63,,,,41.86,,2020-01-17,1000.0,SUR,,,,,RUB
TQCB,2020-01-17,АльфаБО-21,RU000A0ZYBM4,2.0,33334.5,101.0,101.45,101.45,101.45,24.02,101.03,6.32,101.0,33.0,,101.7,101.45,0.0,4772799.4,0.0,2032-10-13,254.0,6.94,,,,41.86,2020-10-04,2020-01-17,1000.0,SUR,,,,2020-10-07,RUB
EQOB,2020-01-17,СберБ БО3R,RU000A0ZYBS1,236.0,42628825.7,101.53,101.97,101.79,101.79,21.48,101.72,6.0,101.97,41908.0,101.72,101.72,101.79,42625766.6,42625766.6,42625766.6,2020-12-08,315.0,6.08,,,,39.89,,2020-01-17,1000.0,SUR,,,,,RUB
TQCB,2020-01-17,РСХБ БО 3P,RU000A0ZYBT9,8.0,67717480.0,103.01,103.25,103.25,103.25,24.85,103.25,6.44,103.01,65586.0,103.25,103.25,103.25,86296883.1,77297504.2,86296883.1,2021-09-28,578.0,6.44,,,,41.88,,2020-01-17,1000.0,SUR,,,,,RUB
EQOB,2020-01-17,ЛСР БО 1Р3,RU000A0ZYBV5,107.0,1794029.2,103.21,104.03,104.03,104.03,4.19,103.34,7.23,103.4,1736.0,103.34,103.34,104.03,1794029.2,1794029.2,1794029.2,2022-09-27,749.0,7.58,,,,22.44,,2020-01-17,1000.0,SUR,,,,,RUB
EQOB,2020-01-17,АвАгроБ1P1,RU000A0ZYC31,1.0,1006.5,100.65,100.65,100.65,100.65,3.39,100.65,7.5,100.65,1.0,100.07,100.07,100.65,2176470.6,2176470.6,2176470.6,2027-09-23,253.0,7.5,,,,20.57,2020-10-01,2020-01-17,1000.0,SUR,,,,2020-10-08,RUB
TQCB,2020-01-17,МегафнБ1P3,RU000A0ZYC98,1.0,1045.7,104.57,104.57,104.57,104.57,21.94,104.57,6.08,104.57,1.0,103.87,103.78,104.57,1644203.5,529298.2,1644203.5,2022-10-03,895.0,6.08,,,,39.14,,2020-01-17,1000.0,SUR,,,,,RUB
EQOB,2020-01-17,Курск35001,RU000A0ZYCD1,2.0,2822.67,103.63,105.0,103.63,103.63,0.0,104.54,6.75,105.0,3.0,,103.32,103.63,0.0,640679.04,0.0,2025-10-12,977.0,6.4,,,,17.86,,2020-01-17,900.0,SUR,,,,,RUB
TQCB,2020-01-17,ВБРР Б1P1,RU000A0ZYCJ8,11.0,274357.2,101.4,101.89,101.48,101.48,23.52,101.61,6.49,101.6,270.0,,101.58,101.48,0.0,506878.1,0.0,2020-10-12,261.0,6.3,,,,42.38,,2020-01-17,1000.0,SUR,,,,,RUB
TQCB,2020-01-17,РН БАНК1Р2,RU000A0ZYCQ3,1.0,5050.0,101.0,101.0,101.0,101.0,21.99,101.0,7.14,101.0,5.0,,101.84,101.0,0.0,532623.9,0.0,2020-10-14,264.0,7.14,,,,42.37,,2020-01-17,1000.0,SUR,,,,,RUB
EQOB,2020-01-17,ТКХ БП1,RU000A0ZYCR1,219.0,10506887.2,101.82,102.25,102.23,102.23,24.41,102.12,7.73,102.1,10289.0,102.12,102.12,102.23,10506887.2,10506887.2,10506887.2,2027-09-30,584.0,7.8,,,,44.88,2021-10-07,2020-01-17,1000.0,SUR,,,,2021-10-12,RUB
EQOB,2020-01-17,Карелия 18,RU000A0ZYCZ4,16.0,98648.4,103.67,103.92,103.69,103.69,15.56,103.84,6.74,103.9,95.0,,103.65,103.69,0.0,509971.9,0.0,2023-10-15,932.0,6.68,,,,19.95,,2020-01-17,1000.0,SUR,,,,,RUB
TQCB,2020-01-17,ТрнфБО1P8,RU000A0ZYDD9,9.0,36135.0,106.1,106.4,106.4,106.29,19.91,106.28,6.65,106.25,34.0,,106.36,106.29,0.0,1386930.2,0.0,2025-10-09,1704.0,6.67,,,,39.39,,2020-01-17,1000.0,SUR,,,,,RUB
TQCB,2020-01-17,ФСК ЕЭС Б3,RU000A0ZYDH0,8.0,564646.0,103.51,103.8,103.8,103.8,0.0,103.8,6.38,103.8,544.0,103.86,103.86,103.8,42116921.6,42110724.0,42116921.6,2052-09-06,913.0,6.38,,,,19.32,2022-10-14,2020-01-17,1000.0,SUR,,,,2022-10-21,RUB
EQOB,2020-01-17,НижгорОб12,RU000A0ZYDQ1,8.0,139553.51,102.92,103.5,103.5,103.5,16.6,103.26,5.59,102.92,159.0,,102.81,103.5,0.0,594233.74,0.0,2022-10-23,481.0,5.77,,,,17.17,,2020-01-17,850.0,SUR,,,,,RUB
TQCB,2020-01-17,Газпнф1P3R,RU000A0ZYDS7,57.0,488544.3,104.2,104.91,104.45,104.45,18.93,104.39,6.15,104.91,468.0,,104.39,104.45,0.0,500027.2,0.0,2022-10-17,909.0,6.18,,,,39.14,,2020-01-17,1000.0,SUR,,,,,RUB
EQOB,2020-01-17,СвердлОб4,RU000A0ZYDU3,6.0,18753.1,103.54,104.5,104.5,104.5,17.09,104.18,6.48,104.49,18.0,,104.01,104.5,0.0,529423.7,0.0,2025-10-22,1177.0,6.58,,,,19.2,,2020-01-17,1000.0,SUR,,,,,RUB
EQOB,2020-01-17,ДрктЛиз1P1,RU000A0ZYE96,16.0,533522.7,101.5,102.19,101.78,101.78,34.93,101.82,13.12,102.18,524.0,101.82,101.82,101.78,533522.7,533522.7,533522.7,2020-10-22,260.0,13.06,,,,37.4,,2020-01-17,1000.0,SUR,,,,,RUB
EQOB,2020-01-17,ТрансФ1P04,RU000A0ZYEB1,193.0,6589436.7,100.5,100.78,100.74,100.71,24.45,100.59,9.66,100.61,6551.0,100.59,100.59,100.71,6589436.7,6589436.7,6589436.7,2027-10-14,270.0,9.87,,,,52.36,2020-10-22,2020-01-17,1000.0,SUR,,,,2020-10-27,RUB
TQCB,2020-01-17,ГПБ БО-17,RU000A0ZYEE5,5.0,2458458.5,102.6,102.72,102.6,102.61,17.1,102.61,6.53,102.72,2396.0,102.92,102.85,102.61,3838949.2,3386758.3,3838949.2,2024-10-31,613.0,6.53,,,,39.89,2021-10-31,2020-01-17,1000.0,SUR,,,,2021-11-02,RUB
EQOB,2020-01-17,СамолетБП2,RU000A0ZYEM8,4.0,93979.8,105.59,105.7,105.7,105.7,24.58,105.6,9.47,105.59,89.0,105.75,105.75,105.7,694768.2,694768.2,694768.2,2022-10-27,866.0,9.51,,,,28.67,,2020-01-17,1000.0,SUR,,,,,RUB
EQOB,2020-01-17,СэтлГрБ1P1,RU000A0ZYEQ9,67.0,834680.8,103.8,104.4,104.15,104.06,20.73,103.95,7.38,104.4,803.0,103.95,103.95,104.06,834680.8,834680.8,834680.8,2022-10-27,594.0,7.51,,,,24.18,,2020-01-17,1000.0,SUR,,,,,RUB
EQOB,2020-01-17,НАО 2017,RU000A0ZYF61,15.0,64711.6,102.0,102.95,102.42,102.42,12.14,102.39,6.73,102.95,79.0,,102.21,102.42,0.0,1754687.92,0.0,2024-11-07,713.0,6.74,,,,15.56,,2020-01-17,800.0,SUR,,,,,RUB
EQOB,2020-01-17,КрасЯрКр14,RU000A0ZYFB8,4.0,224349.7,105.19,105.35,105.35,105.35,15.25,105.33,6.48,105.19,213.0,,105.07,105.35,0.0,506447.3,0.0,2024-10-31,1263.0,6.48,,,,19.55,,2020-01-17,1000.0,SUR,,,,,RUB
EQOB,2020-01-17,МТС 001P-3,RU000A0ZYFC6,14.0,389177.0,103.31,103.54,103.5,103.5,14.98,103.5,6.41,103.31,376.0,,103.53,103.5,0.0,502134.3,0.0,2022-11-03,927.0,6.41,,,,38.39,,2020-01-17,1000.0,SUR,,,,,RUB
EQOB,2020-01-17,ДОМ.РФ Б-8,RU000A0ZYFM5,1.0,1033.2,103.32,103.32,103.32,103.32,14.83,103.32,6.39,103.32,1.0,,103.26,103.32,0.0,263301531.2,0.0,2050-11-13,614.0,6.39,,,,20.44,2021-11-09,2020-01-17,1000.0,SUR,,,,2021-11-11,RUB
TQCB,2020-01-17,Ростел1P3R,RU000A0ZYG52,1.0,12421.2,103.51,103.51,103.51,103.51,12.45,103.8,6.42,103.51,12.0,103.79,103.79,103.51,68347953.7,68139773.7,68347953.7,2027-11-09,939.0,6.31,,,,38.39,2022-11-15,2020-01-17,1000.0,SUR,,,,2022-11-18,RUB
EQOB,2020-01-17,СаратОбл17,RU000A0ZYG60,45.0,2791040.9,104.31,104.59,104.58,104.58,11.32,104.57,6.93,104.58,2669.0,104.57,104.57,104.58,2791040.9,2791040.9,2791040.9,2024-11-20,1235.0,6.94,,,,20.19,,2020-01-17,1000.0,SUR,,,,,RUB
EQOB,2020-01-17,ОрлОбл2017,RU000A0ZYGM3,19.0,247724.5,103.2,103.24,103.23,103.23,5.0,103.22,6.71,103.24,240.0,,103.22,103.23,0.0,520225.2,0.0,2022-11-26,675.0,6.72,,,,20.69,,2020-01-17,1000.0,SUR,,,,,RUB
EQOB,2020-01-17,ТойотаБ1P1,RU000A0ZYHH1,12.0,222958.6,100.5,101.89,101.89,101.89,10.15,101.81,5.88,100.5,219.0,,101.99,101.89,0.0,501771.3,0.0,2020-12-02,313.0,5.97,,,,40.36,,2020-01-17,1000.0,SUR,,,,,RUB
TQCB,2020-01-17,ГПБ БО-15,RU000A0ZYHK5,14.0,571478.8,101.11,102.19,101.55,101.5,10.3,101.33,6.23,102.19,564.0,101.33,101.33,101.5,571478.8,571478.8,571478.8,2020-12-01,312.0,6.5,,,,40.11,,2020-01-17,1000.0,SUR,,,,,RUB
EQOB,2020-01-17,ЛевенгукБ1,RU000A0ZYHW0,11.0,32634.1,105.0,105.5,105.31,105.31,18.9,105.27,10.3,105.5,31.0,,105.18,105.31,0.0,504862.8,0.0,2027-11-22,378.0,10.34,,,,37.4,2021-03-01,2020-01-17,1000.0,SUR,,,,2021-03-04,RUB
EQOB,2020-01-17,СПбГО35001,RU000A0ZYHX8,27.0,984624.5,105.01,106.0,105.01,105.02,9.28,105.65,6.58,105.2,932.0,105.65,105.65,105.02,984624.5,984624.5,984624.5,2025-05-28,1510.0,6.43,,,,38.39,,2020-01-17,1000.0,SUR,,,,,RUB
EQOB,2020-01-17,ННовгор 17,RU000A0ZYJ00,11.0,81871.7,103.6,103.7,103.7,103.7,9.99,103.64,6.25,103.61,79.0,,103.72,103.7,0.0,511329.8,0.0,2022-12-05,673.0,6.28,,,,20.19,,2020-01-17,1000.0,SUR,,,,,RUB
EQOB,2020-01-17,ТамбовОб17,RU000A0ZYJ18,8.0,55029.5,105.05,105.9,105.7,105.7,7.67,105.83,6.78,105.05,52.0,,105.19,105.7,0.0,535439.0,0.0,2025-12-05,1481.0,6.74,,,,19.95,,2020-01-17,1000.0,SUR,,,,,RUB
TQCB,2020-01-17,РСХБ БО 4P,RU000A0ZYJ42,19.0,1385059.1,101.2,101.59,101.59,101.59,9.99,101.4,6.33,101.5,1366.0,101.4,101.4,101.59,1385059.1,1385059.1,1385059.1,2020-12-09,320.0,6.55,,,,40.39,,2020-01-17,1000.0,SUR,,,,,RUB
TQCB,2020-01-17,ФСК ЕЭС Б4,RU000A0ZYJ91,5.0,104975.6,103.61,104.4,104.39,104.39,9.16,103.94,6.46,104.4,101.0,,104.3,104.39,0.0,26909266.6,0.0,2052-10-23,1230.0,6.6,,,,18.95,2023-11-29,2020-01-17,1000.0,SUR,,,,2023-12-06,RUB
EQOB,2020-01-17,Ульян.об17,RU000A0ZYJB0,23.0,1072066.2,104.18,104.3,104.18,104.28,10.87,104.29,6.97,104.28,1028.0,104.29,104.29,104.28,1072066.2,1072066.2,1072066.2,2024-12-07,1156.0,6.93,,,,20.42,,2020-01-17,1000.0,SUR,,,,,RUB
TQCB,2020-01-17,Совком БО5,RU000A0ZYJR6,13.0,3961375.5,100.08,100.8,100.77,100.52,8.84,100.75,7.02,100.08,3932.0,100.75,100.75,100.52,3961375.5,3961375.5,3961375.5,2027-11-25,484.0,7.03,,,,37.4,2021-06-03,2020-01-17,1000.0,SUR,,,,2021-06-08,RUB
EQOB,2020-01-17,ДОМРФИА 2P,RU000A0ZYJT2,18.0,503740.79,107.41,107.72,107.72,107.72,10.26,107.45,7.7449,107.5,1166.0,107.45,107.45,107.72,503740.79,503740.79,503740.79,2046-04-28,701.0,7.8823,,,,11.65,2025-07-28,2020-01-17,402.07,SUR,,,,,RUB
EQOB,2020-01-17,МаниМенБ1,RU000A0ZYJX4,23.0,310684.3,100.98,101.35,101.0,101.0,16.11,101.2,13.39,100.98,307.0,,101.05,101.0,0.0,535554.8,0.0,2020-12-04,304.0,13.13,,,,34.9,,2020-01-17,1000.0,SUR,,,,,RUB
EQOB,2020-01-17,Оренб35004,RU000A0ZYKH5,2.0,2161.6,108.08,108.08,108.08,108.08,8.07,108.08,6.85,108.08,2.0,,108.28,108.08,0.0,504597.1,0.0,2027-12-02,1924.0,6.85,,,,20.39,,2020-01-17,1000.0,SUR,,,,,RUB
EQOB,2020-01-17,КалинОбл17,RU000A0ZYKU8,7.0,2482774.8,104.18,104.34,104.18,104.19,6.72,104.19,7.0,104.34,2383.0,104.23,104.19,104.19,2734920.4,2493225.5,2734920.4,2024-12-17,1396.0,6.99,,,,19.72,,2020-01-17,1000.0,SUR,,,,,RUB
EQOB,2020-01-17,ХМАО 11,RU000A0ZYKW4,20.0,670840.8,100.0,104.98,103.6,103.6,5.0,100.13,6.46,104.98,670.0,100.13,100.13,103.6,670840.8,670840.8,670840.8,2024-12-17,1011.0,7.77,,,,18.95,,2020-01-17,1000.0,SUR,,,,,RUB
EQOB,2020-01-17,КЧР 2017,RU000A0ZYL22,45.0,518298.6,106.03,106.75,106.58,106.24,7.15,106.43,7.04,106.03,487.0,106.43,106.43,106.24,518298.6,518298.6,518298.6,2024-12-18,1288.0,7.08,,,,21.69,,2020-01-17,1000.0,SUR,,,,,RUB
EQOB,2020-01-17,МгдОбл2017,RU000A0ZYL48,3.0,47479.8,102.71,103.24,102.71,102.71,6.58,103.22,6.59,103.24,46.0,,103.02,102.71,0.0,538780.0,0.0,2022-12-25,633.0,6.28,,,,19.95,,2020-01-17,1000.0,SUR,,,,,RUB
EQOB,2020-01-17,ФПКГарИнP3,RU000A0ZYL55,1.0,50500.0,101.0,101.0,101.0,101.0,9.86,100.75,11.09,101.0,50.0,,101.23,101.0,0.0,507148.0,0.0,2020-12-16,324.0,11.4,,,,59.84,,2020-01-17,1000.0,SUR,,,,,RUB
EQOB,2020-01-17,РСГ-ФинБ4,RU000A0ZYLB6,66.0,3850840.7,100.3,100.5,100.45,100.45,8.74,100.41,10.73,100.37,3835.0,100.41,100.41,100.45,3850840.7,3850840.7,3850840.7,2020-12-17,326.0,10.77,,,,54.85,,2020-01-17,1000.0,SUR,,,,,RUB
TQCB,2020-01-17,Газпнф1P4R,RU000A0ZYLC4,44.0,683503.8,105.24,105.7,105.7,105.7,6.12,105.64,6.43,105.46,647.0,105.64,105.64,105.7,683503.8,683503.8,683503.8,2024-12-12,1525.0,6.44,,,,38.39,,2020-01-17,1000.0,SUR,,,,,RUB
EQOB,2020-01-17,iСЛТ 1Р1,RU000A0ZYLD2,104.0,7222562.2,101.05,101.59,101.19,101.19,8.74,101.31,9.3,101.14,7129.0,101.31,101.31,101.19,7222562.2,7222562.2,7222562.2,2020-12-17,240.0,9.1,,,,54.85,,2020-01-17,1000.0,SUR,,,,2020-01-22,RUB
TQCB,2020-01-17,ВЭБПБО1Р10,RU000A0ZYLH3,11.0,102949.4,100.88,100.95,100.95,100.95,6.52,100.93,5.94,100.88,102.0,,100.87,100.95,0.0,640503.2,0.0,2020-06-18,153.0,5.99,,,,40.89,,2020-01-17,1000.0,SUR,,,,,RUB
EQOB,2020-01-17,ВЦЗ 1P1R,RU000A0ZYLK7,29.0,1404164.0,104.85,105.44,105.42,105.42,9.59,104.94,10.72,105.4,1338.0,104.94,104.94,105.42,1404164.0,1404164.0,1404164.0,2027-12-10,904.0,10.93,,,,31.16,2022-12-16,2020-01-17,1000.0,SUR,,,,2022-12-21,RUB
EQOB,2020-01-17,iУОМЗ БО-2,RU000A0ZYLL5,5.0,195709.0,101.3,101.6,101.5,101.5,7.1,101.4,7.66,101.3,193.0,101.91,101.9,101.5,826450.2,678640.2,826450.2,2020-12-18,328.0,7.78,,,,46.12,,2020-01-17,1000.0,SUR,,,,,RUB
TQCB,2020-01-17,ГПБ БО-25,RU000A0ZYM05,3.0,69223.1,101.2,101.83,101.2,101.2,4.82,101.8,6.77,101.83,68.0,101.79,101.8,101.2,13291123.8,12896172.1,13291123.8,2020-12-26,337.0,6.09,,,,40.11,,2020-01-17,1000.0,SUR,,,,,RUB
EQOB,2020-01-17,ДФФ 1Р-01,RU000A0ZYM21,99.0,6475425.6,102.3,103.49,102.59,102.59,5.33,102.57,7.23,103.48,6313.0,102.57,102.57,102.59,6475425.6,6475425.6,6475425.6,2022-12-20,969.0,7.24,,,,40.39,,2020-01-17,1000.0,SUR,,,,,RUB
EQOB,2020-01-17,МосОбл2017,RU000A0ZYML3,18.0,1856217.98,101.5,102.7,102.69,102.69,3.39,101.72,6.14,102.7,2433.0,101.72,101.72,102.69,1856217.98,1856217.98,1856217.98,2022-12-22,656.0,6.69,,,,14.02,,2020-01-17,750.0,SUR,,,,,RUB
TQCB,2020-01-17,ГТЛК 1P-07,RU000A0ZYNY4,131.0,2379891.3,99.3,99.55,99.48,99.44,0.0,99.41,7.39,99.55,2394.0,99.41,99.41,99.44,2379891.3,2379891.3,2379891.3,2032-12-31,994.0,7.42,,,,17.45,2023-01-13,2020-01-17,1000.0,SUR,,,,2023-01-18,RUB
TQCB,2020-01-17,ТрансКонБ1,RU000A0ZYPG6,1.0,1029.5,102.95,102.95,102.95,102.95,36.16,102.95,6.17,102.95,1.0,,101.04,102.95,0.0,622425.8,0.0,2023-01-19,747.0,6.17,,,,37.4,,2020-01-17,1000.0,SUR,,,,,RUB
TQCB,2020-01-17,ВБРР Б1P2,RU000A0ZYQX9,7.0,13476802.4,101.8,101.94,101.94,101.94,35.9,101.81,6.55,101.8,13237.0,101.81,101.81,101.94,13545837.0,13545837.0,13545837.0,2021-07-30,521.0,6.64,,,,38.89,,2020-01-17,1000.0,SUR,,,,,RUB
EQOB,2020-01-17,СистемБ1P7,RU000A0ZYQY7,124.0,4435376.6,102.53,103.46,103.34,103.21,46.03,103.05,6.71,103.25,4304.0,103.05,103.05,103.21,4435376.6,4435376.6,4435376.6,2028-01-21,353.0,7.01,,,,49.86,2021-01-29,2020-01-17,1000.0,SUR,,,,2021-02-03,RUB
TQCB,2020-01-17,БСК 1P1,RU000A0ZYR18,36.0,456630.6,101.55,101.75,101.75,101.75,17.09,101.7,7.57,101.55,449.0,,101.71,101.75,0.0,503456.1,0.0,2023-01-27,868.0,7.59,,,,20.19,,2020-01-17,1000.0,SUR,,,,,RUB
TQCB,2020-01-17,ГТЛК 1P-08,RU000A0ZYR91,70.0,105881270.4,99.62,99.81,99.81,99.81,16.3,99.81,8.49,99.81,106083.0,99.81,99.81,99.81,105881270.4,105881270.4,105881270.4,2033-01-18,834.0,8.49,,,,20.32,2022-08-02,2020-01-17,1000.0,SUR,,,,2022-08-05,RUB
TQCB,2020-01-17,ГПБ БО-18,RU000A0ZYRX7,2.0,606651.0,102.3,102.7,102.7,102.7,32.25,102.67,6.13,102.3,593.0,102.25,102.13,102.7,1445875.0,1243911.0,1445875.0,2023-02-12,695.0,6.15,,,,37.56,2022-02-12,2020-01-17,1000.0,SUR,,,,2022-02-15,RUB
TQCB,2020-01-17,ГПБ БО-19,RU000A0ZYRY5,31.0,331958.9,102.31,103.0,103.0,102.99,32.25,102.1,5.98,102.71,323.0,,102.79,102.99,0.0,508834.0,0.0,2023-02-12,694.0,6.45,,,,37.56,2022-02-12,2020-01-17,1000.0,SUR,,,,2022-02-15,RUB
EQOB,2020-01-17,ЖКИнвБО01,RU000A0ZYSS5,21.0,328714.1,102.52,103.4,102.52,102.96,52.16,103.37,11.86,103.38,318.0,,103.21,102.96,0.0,650232.6,0.0,2021-03-05,379.0,11.01,,,,69.81,,2020-01-17,1000.0,SUR,,,,,RUB
TQCB,2020-01-17,Роснфт2P4,RU000A0ZYT40,40.0,538442.0,103.2,103.4,103.2,103.22,31.85,103.35,6.43,103.39,521.0,103.35,103.35,103.22,538442.0,538442.0,538442.0,2028-02-03,992.0,6.38,,,,37.4,2023-02-09,2020-01-17,1000.0,SUR,,,,2023-02-14,RUB
TQCB,2020-01-17,Мегафон1P4,RU000A0ZYTM6,7.0,138716.0,100.65,101.64,101.29,101.29,29.79,101.25,6.03,101.64,137.0,100.98,100.98,101.29,593786.5,564489.3,593786.5,2021-02-15,376.0,6.07,,,,35.9,,2020-01-17,1000.0,SUR,,,,,RUB
EQOB,2020-01-17,НПК ПБО-01,RU000A0ZYTZ8,2.0,151254.5,101.45,101.65,101.65,101.65,29.79,101.51,6.57,101.45,149.0,,100.93,101.65,0.0,682282.4,0.0,2023-02-14,774.0,6.64,,,,36.15,,2020-01-17,1000.0,SUR,,,,,RUB
TQCB,2020-01-17,РЖД 1Р-05R,RU000A0ZYU05,68.0,130932881.0,103.11,104.4,104.4,104.39,30.0,103.47,6.52,103.35,126609.0,103.42,103.42,104.39,130932881.0,130932881.0,130932881.0,2033-02-01,1786.0,6.7,,,,36.4,2026-02-10,2020-01-17,1000.0,SUR,,,,2026-02-13,RUB
TQCB,2020-01-17,АЛЬФА БО40,RU000A0ZYU21,11.0,1649191.2,99.76,101.0,101.0,101.0,29.4,100.99,6.49,99.76,1633.0,100.99,100.99,101.0,1649191.2,1649191.2,1649191.2,2033-03-04,384.0,6.5,,,,36.85,2021-02-23,2020-01-17,1000.0,SUR,,,,2021-02-26,RUB
EQOB,2020-01-17,ЛидерИнБП2,RU000A0ZYU39,35.0,870440.0,104.11,105.0,104.33,104.33,47.76,104.37,7.61,104.15,834.0,104.37,104.37,104.33,870440.0,870440.0,870440.0,2023-02-15,368.0,7.57,,,,58.34,2021-02-17,2020-01-17,1000.0,SUR,,,,2021-02-22,RUB
EQOB,2020-01-17,ДерПлат1P1,RU000A0ZYU54,1.0,5000.0,100.0,100.0,100.0,100.0,40.82,100.0,10.04,100.0,5.0,,,100.0,0.0,0.0,0.0,2023-02-15,33.0,10.04,,,,49.86,2020-02-19,2020-01-17,1000.0,SUR,,,,2020-02-24,RUB
EQOB,2020-01-17,СберБ БО4R,RU000A0ZYUJ0,287.0,44160873.8,100.71,101.58,101.1,101.12,26.47,101.08,6.26,101.25,43690.0,101.08,101.08,101.12,44160873.8,44160873.8,44160873.8,2021-08-27,553.0,6.28,,,,34.41,,2020-01-17,1000.0,SUR,,,,,RUB
TQCB,2020-01-17,ТрнфБО1P9,RU000A0ZYUS1,21.0,532386.0,102.11,103.0,102.11,102.13,28.21,102.38,6.15,103.0,520.0,102.38,102.38,102.13,532386.0,532386.0,532386.0,2022-02-21,706.0,6.01,,,,35.65,,2020-01-17,1000.0,SUR,,,,,RUB
EQOB,2020-01-17,ГазпромКБ1,RU000A0ZYUV5,1.0,28893.2,103.19,103.19,103.19,103.19,28.01,103.19,6.51,103.19,28.0,102.62,102.67,103.19,530834158.7,463573954.7,530834158.7,2028-02-15,1554.0,6.51,,,,35.65,2025-02-18,2020-01-17,1000.0,SUR,,,,2025-02-21,RUB
TQCB,2020-01-17,ГазпромКБ3,RU000A0ZYUY9,1.0,1038.0,103.8,103.8,103.8,103.8,28.01,103.8,6.36,103.8,1.0,102.03,102.03,103.8,1145787.1,1142757.1,1145787.1,2028-02-15,1555.0,6.36,,,,35.65,2025-02-18,2020-01-17,1000.0,SUR,,,,2025-02-21,RUB
TQCB,2020-01-17,ГазпромКБ4,RU000A0ZYV04,1.0,1029.5,102.95,102.95,102.95,102.95,28.01,102.95,6.56,102.95,1.0,101.47,101.3,102.95,1587045.5,1490139.5,1587045.5,2028-02-15,1553.0,6.56,,,,35.65,2025-02-18,2020-01-17,1000.0,SUR,,,,2025-02-21,RUB
TQCB,2020-01-17,Роснфт2P5,RU000A0ZYVU5,4.0,130167.0,102.49,102.5,102.49,102.49,28.0,102.49,6.7,102.5,127.0,102.25,102.25,102.49,194628089.5,194628089.5,194628089.5,2028-02-18,1289.0,6.7,,,,36.4,2024-02-23,2020-01-17,1000.0,SUR,,,,2024-02-28,RUB
EQOB,2020-01-17,ДОК-15 БО1,RU000A0ZYVY7,1.0,1010.1,101.01,101.01,101.01,101.01,17.52,101.01,14.41,101.01,1.0,,,101.01,0.0,0.0,0.0,2028-02-21,1795.0,14.41,,,,34.65,,2020-01-17,1000.0,SUR,,,,,RUB
EQOB,2020-01-17,ИнфВотч1P1,RU000A0ZYW94,59.0,1982767.1,99.97,100.14,99.98,99.98,17.64,99.99,14.79,100.14,1983.0,99.99,99.99,99.98,1982767.1,1982767.1,1982767.1,2020-03-04,47.0,14.7,,,,35.67,,2020-01-17,1000.0,SUR,,,,,RUB
TQCB,2020-01-17,АЛЬФА БО39,RU000A0ZYWB3,1.0,2040.0,102.0,102.0,102.0,102.0,26.78,102.0,6.14,102.0,2.0,,101.35,102.0,0.0,231644884.4,0.0,2033-03-17,561.0,6.14,,,,36.85,2021-09-07,2020-01-17,1000.0,SUR,,,,2021-09-09,RUB
EQOB,2020-01-17,Система1P8,RU000A0ZYWU3,12.0,84376.7,106.49,106.99,106.5,106.5,33.29,106.81,7.45,106.91,79.0,,106.68,106.5,0.0,547276.5,0.0,2028-02-23,1383.0,7.37,,,,44.88,2024-08-28,2020-01-17,1000.0,SUR,,,,2024-09-02,RUB
TQCB,2020-01-17,МТС 1P-05,RU000A0ZYWX7,3.0,86940.2,101.11,102.3,101.11,101.11,26.26,102.28,6.46,102.29,85.0,,102.4,101.11,0.0,703521.4,0.0,2021-09-01,557.0,5.68,,,,35.4,,2020-01-17,1000.0,SUR,,,,,RUB
TQCB,2020-01-17,МТС 1P-06,RU000A0ZYWY5,26.0,315191.3,101.21,102.6,102.2,102.2,26.82,102.33,6.85,102.6,308.0,,102.39,102.2,0.0,519109.5,0.0,2025-02-26,1556.0,6.81,,,,36.15,,2020-01-17,1000.0,SUR,,,,,RUB
TQOD,2020-01-17,Совком 1В2,RU000A0ZYX28,5.0,50325.0,100.1201,101.0,101.0,101.0,3.24,100.65,8.59,101.0,500.0,101.03,101.17,101.0,9298191.93,6212058.23,9298191.93,,1126.0,8.71,,,,4.36,2023-08-30,2020-01-17,100.0,USD,,,,,USD
TQCB,2020-01-17,ФПК 1P-03,RU000A0ZYX69,37.0,651727.5,101.85,102.8,102.8,102.77,26.63,102.63,6.59,101.85,635.0,102.63,102.63,102.77,651727.5,651727.5,651727.5,2028-02-23,1430.0,6.63,,,,35.9,2024-08-28,2020-01-17,1000.0,SUR,,,,2024-09-02,RUB
TQCB,2020-01-17,РСХБ БО-5Р,RU000A0ZYXJ4,101.0,1609666.1,102.25,102.83,102.82,102.82,25.95,102.66,6.06,102.62,1568.0,102.66,102.66,102.82,1609666.1,1609666.1,1609666.1,2022-03-09,721.0,6.14,,,,36.9,,2020-01-17,1000.0,SUR,,,,,RUB
TQCB,2020-01-17,Газпнф1P6R,RU000A0ZYXV9,6.0,130627.0,102.6,103.0,102.85,102.85,25.05,102.86,6.5,103.0,127.0,,102.96,102.85,0.0,651730.1,0.0,2024-03-07,1305.0,6.5,,,,35.9,,2020-01-17,1000.0,SUR,,,,,RUB
TQCB,2020-01-17,Ростел1P4R,RU000A0ZYYE3,3.0,14288.0,101.8,102.7,102.7,102.7,24.68,102.06,6.5,101.8,14.0,101.97,101.96,102.7,979947.9,929909.4,979947.9,2028-03-03,1306.0,6.68,,,,35.65,2024-03-08,2020-01-17,1000.0,SUR,,,,2024-03-13,RUB
TQCB,2020-01-17,ИКС5Фин1P3,RU000A0ZZ083,5.0,130018.0,100.0,100.3,100.3,100.3,21.9,100.01,5.29,100.0,130.0,,100.25,100.3,0.0,689704.6,0.0,2033-03-08,67.0,6.93,,,,34.65,2020-03-24,2020-01-17,1000.0,SUR,,,,2020-03-27,RUB
EQOB,2020-01-17,ДрктЛиз1P2,RU000A0ZZ0D3,22.0,65358.4,100.16,100.9,100.79,100.79,7.84,100.55,12.84,100.16,65.0,,100.17,100.79,0.0,759295.1,0.0,2021-03-25,405.0,13.08,,,,32.41,,2020-01-17,1000.0,SUR,,,,,RUB
EQOB,2020-01-17,ЭлемЛиз1P1,RU000A0ZZ0L6,51.0,436475.78,101.02,102.08,102.08,102.08,2.56,101.93,7.69,101.51,1022.0,,101.94,102.08,0.0,520249.41,0.0,2021-03-26,246.0,7.92,,,,11.07,,2020-01-17,419.0,SUR,,,,,RUB
EQOB,2020-01-17,ГрузЦ БОП1,RU000A0ZZ0R3,2.0,101975.0,101.97,101.98,101.98,101.98,582.19,101.98,5.95,101.97,2.0,101.71,101.75,101.98,864510.0,508760.0,864510.0,2020-03-22,64.0,5.95,,,,698.63,,2020-01-17,50000.0,SUR,,,,,RUB
EQOB,2020-01-17,СберИОС5,RU000A0ZZ0Z6,1.0,21620.0,108.1,108.1,108.1,108.1,,108.1,,108.1,20.0,106.87,106.87,108.1,5428994.0,5428994.0,5428994.0,2021-10-08,630.0,0.0,,,,0.35,,2020-01-17,1000.0,SUR,,,,,RUB
TQCB,2020-01-17,СберБ БО6R,RU000A0ZZ117,66.0,1525088.7,103.03,103.65,103.5,103.49,11.05,103.4,6.11,103.62,1475.0,103.4,103.4,103.49,1525088.7,1525088.7,1525088.7,2023-05-19,1095.0,6.15,,,,35.9,,2020-01-17,1000.0,SUR,,,,,RUB
EQOB,2020-01-17,КарМаниБ2,RU000A0ZZ1F6,72.0,516718.2,103.3,103.87,103.79,103.79,0.0,103.55,11.36,103.87,499.0,103.55,103.55,103.79,516718.2,516718.2,516718.2,2023-05-10,265.0,11.72,,,,13.59,2020-10-22,2020-01-17,1000.0,SUR,,,,2020-10-29,RUB
TQCB,2020-01-17,ОГК-2 1P3R,RU000A0ZZ1H2,1.0,10070.0,100.7,100.7,100.7,100.7,19.99,100.7,6.43,100.7,10.0,,100.2,100.7,0.0,2638301.3,0.0,2023-03-31,423.0,6.43,,,,34.65,2021-04-02,2020-01-17,1000.0,SUR,,,,2021-04-07,RUB
TQCB,2020-01-17,ГТЛК 1P-09,RU000A0ZZ1J8,58.0,4886557.2,99.9,100.39,100.29,100.29,2.82,100.26,7.48,100.0,4874.0,100.26,100.26,100.29,4886557.2,4886557.2,4886557.2,2033-03-18,1462.0,7.48,,,,18.32,2024-09-27,2020-01-17,1000.0,SUR,,,,2024-10-02,RUB
TQCB,2020-01-17,ТрнфБО1P10,RU000A0ZZ349,6.0,156082.0,101.8,102.1,101.8,101.8,18.79,102.01,5.97,102.1,153.0,,101.81,101.8,0.0,558940.5,0.0,2021-10-08,594.0,5.83,,,,34.9,,2020-01-17,1000.0,SUR,,,,,RUB
EQOB,2020-01-17,СберИОС7,RU000A0ZZ3U1,2.0,297016.0,109.6,109.6,109.6,109.6,,109.6,,109.6,271.0,,107.45,109.6,0.0,2255325.4,0.0,2021-05-16,485.0,0.0,,,,0.31,,2020-01-17,1000.0,SUR,,,,,RUB
TQOD,2020-01-17,АЛЬФА-Б1P2,RU000A0ZZ4B9,3.0,2819.9,93.99,94.0,94.0,94.0,0.07,93.9967,3.59,93.99,3.0,93.985,93.979,94.0,808711.83,577724.51,808711.83,2021-10-20,642.0,3.59,,,,0.1,,2020-01-17,1000.0,USD,,,,,USD
EQOB,2020-01-17,РСХБ 01Т1,RU000A0ZZ4T1,56.0,15183007.9,102.9,103.98,103.98,103.97,21.21,103.62,8.49,103.01,14653.0,103.62,103.62,103.97,15183007.9,15183007.9,15183007.9,,2160.0,8.56,,,,44.88,2028-04-12,2020-01-17,1000.0,SUR,,,,,RUB
EQOB,2020-01-17,Томсккаб01,RU000A0ZZ4Z8,1.0,15150.0,101.0,101.0,101.0,101.0,14.84,,9.46,101.0,15.0,,,101.0,0.0,0.0,0.0,2023-05-18,,,,,,23.68,,2020-01-17,1000.0,SUR,,,,,RUB
EQOB,2020-01-17,РСХБ 09Т1,RU000A0ZZ505,34.0,1519422.0,102.89,103.21,103.0,103.0,20.96,103.01,8.66,103.2,1475.0,103.01,103.01,103.0,1519422.0,1519422.0,1519422.0,,2158.0,8.66,,,,44.88,2028-04-13,2020-01-17,1000.0,SUR,,,,,RUB
EQOB,2020-01-17,Пионер 1P3,RU000A0ZZ547,42.0,603088.9,100.73,101.0,100.82,100.82,27.62,100.85,9.17,100.9,598.0,100.85,100.85,100.82,603088.9,603088.9,603088.9,2021-04-23,95.0,9.05,,,,29.92,2020-04-24,2020-01-17,1000.0,SUR,,,,2020-04-29,RUB
TQCB,2020-01-17,ПочтаРБ1P5,RU000A0ZZ5J9,8.0,69754.4,103.64,104.15,104.15,104.15,15.61,104.11,6.38,103.64,67.0,103.72,103.82,104.15,25483905.0,3763376.0,25483905.0,2028-04-24,1070.0,6.39,,,,38.39,2023-05-01,2020-01-17,1000.0,SUR,,,,2023-05-04,RUB
EQOB,2020-01-17,РедСофт1P1,RU000A0ZZ695,26.0,695881.6,99.71,100.55,100.2,100.2,25.7,100.13,13.98,100.21,695.0,100.13,100.13,100.2,695881.6,695881.6,695881.6,2020-05-11,112.0,14.23,,,,34.9,,2020-01-17,1000.0,SUR,,,,,RUB
EQOB,2020-01-17,СберИОС8,RU000A0ZZ7U2,1.0,1111.0,111.1,111.1,111.1,111.1,,111.1,,111.1,1.0,,110.45,111.1,0.0,1423753.0,0.0,2021-06-27,527.0,0.0,,,,0.31,,2020-01-17,1000.0,SUR,,,,,RUB
EQOB,2020-01-17,КАМАЗ БО10,RU000A0ZZ877,1.0,2041.0,102.05,102.05,102.05,102.05,10.16,102.05,1.34,102.05,2.0,,99.88,102.05,0.0,617228.8,0.0,2033-05-10,130.0,1.34,,,,35.55,2020-05-26,2020-01-17,1000.0,SUR,,,,,RUB
EQOB,2020-01-17,КАМАЗ БО-9,RU000A0ZZ885,2.0,66000.4,100.0,100.04,100.04,100.04,10.16,100.0,7.1,100.0,66.0,,99.74,100.04,0.0,1047275.3,0.0,2033-05-10,130.0,7.22,,,,35.55,2020-05-26,2020-01-17,1000.0,SUR,,,,,RUB
EQOB,2020-01-17,КАМАЗ БО11,RU000A0ZZ893,5.0,80040.0,100.05,100.05,100.05,100.05,10.16,100.05,7.07,100.05,80.0,,100.06,100.05,0.0,722455.0,0.0,2033-05-10,130.0,7.07,,,,35.55,2020-05-26,2020-01-17,1000.0,SUR,,,,,RUB
EQOB,2020-01-17,ПЮДМ БО-П1,RU000A0ZZ8A2,5.0,309095.0,102.5,103.79,102.89,102.89,554.79,103.03,6.5,103.62,6.0,103.22,103.23,102.89,980555.0,774205.0,980555.0,2023-05-04,119.0,6.06,,,,616.44,2020-05-19,2020-01-17,50000.0,SUR,,,,2020-05-22,RUB
EQOB,2020-01-17,КраснодКр2,RU000A0ZZ8X4,4.0,27052.0,104.0,104.95,104.06,104.06,9.41,104.05,6.6,104.01,26.0,,103.29,104.06,0.0,2985103.2,0.0,2025-06-03,1243.0,6.61,,,,19.02,,2020-01-17,1000.0,SUR,,,,,RUB
TQCB,2020-01-17,ГТЛК 1P-10,RU000A0ZZ984,11.0,210305.2,98.61,98.74,98.74,98.74,8.23,98.73,7.5,98.61,213.0,,98.74,98.74,0.0,506522.5,0.0,2033-05-20,3140.0,7.5,,,,17.83,,2020-01-17,1000.0,SUR,,,,2022-06-08,RUB
EQOB,2020-01-17,СберИОС11,RU000A0ZZ992,4.0,104000.0,104.0,104.0,104.0,104.0,,104.0,,104.0,100.0,102.4,102.8,104.0,1991745.5,1033155.0,1991745.5,2021-12-24,707.0,0.0,,,,0.35,,2020-01-17,1000.0,SUR,,,,,RUB
TQCB,2020-01-17,РЖД 1Р-07R,RU000A0ZZ9R4,5.0,164590.0,109.0,109.0,109.0,109.0,7.2,109.0,5.05,109.0,151.0,,102.93,109.0,0.0,5401994.2,0.0,2033-05-26,1401.0,5.05,,,,36.4,2024-06-06,2020-01-17,1000.0,SUR,,,,2024-06-11,RUB
EQOB,2020-01-17,УрКаПБО4P,RU000A0ZZ9W4,35.0,1648058.6,102.8,103.02,103.02,103.02,7.38,102.94,6.8,102.84,1601.0,102.94,102.94,103.02,1648058.6,1648058.6,1648058.6,2023-06-09,1108.0,6.83,,,,38.39,,2020-01-17,1000.0,SUR,,,,,RUB
EQOB,2020-01-17,РоялКапБО1,RU000A0ZZ9X2,26.0,342094.1,100.92,101.5,101.49,101.49,14.86,101.21,12.14,101.42,338.0,,101.15,101.49,0.0,519918.9,0.0,2020-06-12,144.0,12.92,,,,38.64,,2020-01-17,1000.0,SUR,,,,,RUB
EQOB,2020-01-17,МясничБОП1,RU000A0ZZAE0,27.0,351743.4,102.13,102.34,102.28,102.28,1.85,102.25,7.93,102.34,344.0,,102.17,102.28,0.0,505731.4,0.0,2020-06-10,142.0,8.02,,,,11.1,,2020-01-17,1000.0,SUR,,,,,RUB
EQOB,2020-01-17,СберИОС9,RU000A0ZZAJ9,1.0,219497.0,110.3,110.3,110.3,110.3,,110.21,,110.3,199.0,,108.99,110.3,0.0,1639282.8,0.0,2021-08-01,562.0,0.0,,,,0.31,,2020-01-17,1000.0,SUR,,,,,RUB
TQOD,2020-01-17,ГТЛК 1P-11,RU000A0ZZAL5,3.0,4397.3,107.6,116.89,116.89,110.71,4.56,109.9325,0.92,107.6,4.0,,110.54,110.71,0.0,825095.07,0.0,2033-06-03,1138.0,2.91,,,,14.83,2023-06-16,2020-01-17,1000.0,USD,,,,2023-06-21,USD
EQOB,2020-01-17,ПионЛизБП1,RU000A0ZZAT8,37.0,874868.5,101.01,101.9,101.89,101.89,0.0,101.73,7.84,101.01,860.0,101.73,101.73,101.89,874868.5,874868.5,874868.5,2023-05-31,147.0,8.26,,,,10.07,2020-06-15,2020-01-17,1000.0,SUR,,,,2020-06-22,RUB
EQOB,2020-01-17,ПИК БО-П06,RU000A0ZZAW2,4.0,77409.5,100.5,100.99,100.99,100.99,4.85,100.53,5.43,100.5,77.0,,100.48,100.99,0.0,774700.5,0.0,2021-06-23,159.0,6.53,,,,38.39,2020-06-24,2020-01-17,1000.0,SUR,,,,,RUB
EQOB,2020-01-17,ПИК БО-П07,RU000A0ZZBJ7,34.0,215727.0,102.49,102.87,102.84,102.84,5.01,102.73,6.7,102.7,210.0,,102.81,102.84,0.0,500705.9,0.0,2021-06-25,503.0,6.78,,,,43.38,,2020-01-17,1000.0,SUR,,,,,RUB
TQCB,2020-01-17,СберБ Б12R,RU000A0ZZBN9,73.0,10415807.5,102.49,103.78,102.95,102.95,33.94,102.56,6.14,103.78,10157.0,102.55,102.55,102.95,10415807.5,10415807.5,10415807.5,2022-02-02,684.0,6.34,,,,37.9,,2020-01-17,1000.0,SUR,,,,,RUB
EQOB,2020-01-17,ЕвропланБ8,RU000A0ZZBV2,8.0,143708.6,101.0,101.26,101.26,101.26,4.35,101.2,6.57,101.26,142.0,,101.21,101.26,0.0,508053.9,0.0,2028-06-20,165.0,6.71,,,,46.62,2020-06-30,2020-01-17,1000.0,SUR,,,,2020-07-03,RUB
EQOB,2020-01-17,Томсккаб02,RU000A0ZZC22,1.0,15150.0,101.0,101.0,101.0,101.0,3.9,,9.47,101.0,15.0,,,101.0,0.0,0.0,0.0,2023-06-29,,,,,,23.68,,2020-01-17,1000.0,SUR,,,,,RUB
EQOB,2020-01-17,ИА ДОМ 5P2,RU000A0ZZCH9,1.0,1280776.57,103.0,103.0,103.0,103.0,12.4,103.0,7.1637,103.0,1780.0,,102.77,103.0,0.0,9839099.23,0.0,2043-04-28,1071.0,7.1637,,,,14.09,2029-10-28,2020-01-17,698.58,SUR,,,,,RUB
EQOB,2020-01-17,ЛЕГЕНДА1P1,RU000A0ZZCV0,268.0,15595097.1,101.63,102.24,102.1,101.92,2.59,101.97,12.16,101.63,18099.0,101.97,101.97,101.92,15594238.33,15594238.33,15594238.33,2021-07-08,332.0,12.31,,,,29.49,,2020-01-17,845.0,SUR,,,,,RUB
EQOB,2020-01-17,ЧЗПСН-П Б1,RU000A0ZZD39,44.0,285031.5,105.09,105.8,105.59,105.59,1.75,105.57,12.13,105.8,270.0,,105.47,105.59,0.0,518910.1,0.0,2021-07-12,504.0,12.15,,,,79.78,,2020-01-17,1000.0,SUR,,,,,RUB
TQCB,2020-01-17,ЕАБР 1Р-01,RU000A0ZZDB0,5.0,50015.0,100.03,100.03,100.03,100.03,37.06,100.03,4.86,100.03,50.0,99.97,99.97,100.03,5684343.2,4084820.2,5684343.2,2028-07-11,4.0,4.86,,,,37.9,2023-01-17,2020-01-17,1000.0,SUR,,,,2023-01-20,RUB
TQCB,2020-01-17,СберБ Б16R,RU000A0ZZE20,18.0,164020.4,104.33,104.67,104.47,104.47,36.37,104.57,5.94,104.67,157.0,,104.58,104.47,0.0,513511.5,0.0,2023-01-18,971.0,5.91,,,,37.4,,2020-01-17,1000.0,SUR,,,,,RUB
EQOB,2020-01-17,СберИОС15,RU000A0ZZE38,5.0,5215000.0,104.3,104.3,104.3,104.3,,104.3,,104.3,5000.0,103.8,103.8,104.3,9445168.0,9445168.0,9445168.0,2022-08-07,933.0,0.0,,,,0.4,,2020-01-17,1000.0,SUR,,,,,RUB
EQOB,2020-01-17,СолЛизБО01,RU000A0ZZEA0,12.0,160882.4,99.66,100.19,100.15,100.15,32.18,99.93,14.08,100.19,161.0,,99.82,100.15,0.0,508084.4,0.0,2023-07-18,491.0,14.26,,,,33.66,2021-07-20,2020-01-17,1000.0,SUR,,,,2021-08-03,RUB
TQCB,2020-01-17,Альфа-Б2Р1,RU000A0ZZEW4,3.0,8231.5,102.89,102.9,102.89,102.89,36.58,102.89,6.0,102.9,8.0,,102.77,102.89,0.0,508721.6,0.0,2021-08-02,523.0,6.0,,,,39.61,,2020-01-17,1000.0,SUR,,,,,RUB
EQOB,2020-01-17,ЦППК 1P-02,RU000A0ZZFH2,27.0,328361.5,104.3,104.6,104.6,104.6,44.26,104.57,6.78,104.55,314.0,,104.59,104.6,0.0,712243.5,0.0,2021-08-03,516.0,6.8,,,,49.12,,2020-01-17,1000.0,SUR,,,,,RUB
EQOB,2020-01-17,ПР-Лиз 1P1,RU000A0ZZFP5,22.0,2569337.8,100.11,100.37,100.29,100.29,25.64,100.02,11.76,100.11,2564.0,100.21,100.21,100.29,2569337.8,2569337.8,2569337.8,2021-08-04,357.0,12.06,,,,32.41,2021-02-03,2020-01-17,1000.0,SUR,,,,2021-02-10,RUB
TQOD,2020-01-17,АЛЬФА-Б1P3,RU000A0ZZG36,6.0,8486.6,93.7603,94.4999,94.0001,94.0001,0.04,94.2955,3.86,94.4999,9.0,93.5876,93.6889,94.0001,6440428.67,2533609.73,6440428.67,2021-09-06,598.0,3.66,,,,0.05,,2020-01-17,1000.0,USD,,,,,USD
TQCB,2020-01-17,ФолксвБ1P2,RU000A0ZZGE7,24.0,175437.8,103.03,103.47,103.45,103.45,36.28,103.2,6.37,103.1,170.0,,103.2,103.45,0.0,503591.9,0.0,2021-08-17,535.0,6.54,,,,43.12,,2020-01-17,1000.0,SUR,,,,,RUB
EQOB,2020-01-17,МясничБОП2,RU000A0ZZGZ2,16.0,193564.4,105.15,105.26,105.16,105.16,1.85,105.2,9.87,105.26,184.0,,105.33,105.16,0.0,507684.7,0.0,2021-08-04,457.0,9.84,,,,11.1,,2020-01-17,1000.0,SUR,,,,,RUB
EQOB,2020-01-17,ВТБ Б-1-8,RU000A0ZZH84,18.0,1025696.0,103.5,103.51,103.5,103.5,12.93,103.5,5.82,103.51,991.0,103.5,103.5,103.5,1025696.0,1025696.0,1025696.0,2021-08-24,549.0,5.82,,,,19.95,,2020-01-17,1000.0,SUR,,,,,RUB
EQOB,2020-01-17,СберИОС20,RU000A0ZZHD7,1.0,4400.0,110.0,110.0,110.0,110.0,,110.0,,110.0,4.0,109.5,109.64,110.0,10194442.4,6918442.4,10194442.4,2022-08-30,956.0,0.0,,,,0.4,,2020-01-17,1000.0,SUR,,,,,RUB
EQOB,2020-01-17,СберИОС22,RU000A0ZZL54,5.0,1013996.0,99.9,101.0,99.9,99.9,,101.02,,101.0,1004.0,101.31,101.31,99.9,2979483.0,2979483.0,2979483.0,2021-10-14,636.0,0.0,,,,0.31,,2020-01-17,1000.0,SUR,,,,,RUB
EQOB,2020-01-17,СберИОС23,RU000A0ZZMB1,2.0,537500.0,107.5,107.5,107.5,107.5,,107.44,,107.5,500.0,106.58,106.79,107.5,3213261.0,2280962.0,3213261.0,2022-03-24,797.0,0.0,,,,0.35,,2020-01-17,1000.0,SUR,,,,,RUB
EQOB,2020-01-17,СолЛизБО02,RU000A0ZZMQ9,12.0,65130.4,99.9,100.3,100.15,100.15,8.88,100.2,14.08,100.29,65.0,,100.11,100.15,0.0,527565.6,0.0,2023-09-19,554.0,14.04,,,,33.66,2021-09-21,2020-01-17,1000.0,SUR,,,,2021-10-05,RUB
EQOB,2020-01-17,Якут-11 об,RU000A0ZZNJ2,1.0,1088.9,108.89,108.89,108.89,108.89,11.28,108.89,6.4,108.89,1.0,,109.26,108.89,0.0,55332499.7,0.0,2025-09-24,1174.0,6.4,,,,22.31,,2020-01-17,1000.0,SUR,,,,,RUB
EQOB,2020-01-17,ДерПлат1P2,RU000A0ZZNL8,2.0,14990.0,99.9,100.0,99.9,99.9,18.74,99.93,12.56,100.0,15.0,,100.0,99.9,0.0,590989.6,0.0,2023-05-18,125.0,12.47,,,,59.84,2020-05-21,2020-01-17,1000.0,SUR,,,,2020-05-26,RUB
EQOB,2020-01-17,СберИОС29,RU000A0ZZP27,1.0,1020.0,102.0,102.0,102.0,102.0,,102.0,,102.0,1.0,101.6,101.45,102.0,1282160.0,1077360.0,1282160.0,2021-11-11,664.0,0.0,,,,0.31,,2020-01-17,1000.0,SUR,,,,,RUB
EQOB,2020-01-17,СберИОС30,RU000A0ZZPE8,5.0,12925.5,90.26,93.58,90.26,90.26,,92.33,,92.6,14.0,,92.03,90.26,0.0,732551.8,0.0,2022-04-21,825.0,0.0,,,,0.35,,2020-01-17,1000.0,SUR,,,,,RUB
TQCB,2020-01-17,РСХБ БО-6Р,RU000A0ZZPZ3,15.0,367861.3,106.03,106.5,106.03,106.04,22.44,106.32,6.66,106.34,346.0,,106.55,106.04,0.0,558301.5,0.0,2022-10-14,894.0,6.55,,,,44.88,,2020-01-17,1000.0,SUR,,,,,RUB
EQOB,2020-01-17,СветофорП1,RU000A0ZZQ59,3.0,32217.0,103.76,104.1,104.1,104.1,33.37,103.93,8.63,104.0,31.0,,103.91,104.1,0.0,528908.3,0.0,2020-10-20,259.0,8.87,,,,34.9,,2020-01-17,1000.0,SUR,,,,,RUB
EQOB,2020-01-17,СвердлОбл5,RU000A0ZZQH9,1.0,1078.5,107.85,107.85,107.85,107.85,5.95,107.85,5.92,107.85,1.0,,106.62,107.85,0.0,623745.2,0.0,2026-10-23,983.0,5.92,,,,21.64,,2020-01-17,1000.0,SUR,,,,,RUB
EQOB,2020-01-17,СберИОС31,RU000A0ZZQK3,1.0,112700.0,112.7,112.7,112.7,112.7,,112.7,,112.7,100.0,,107.83,112.7,0.0,5053799.0,0.0,2022-10-27,1014.0,0.0,,,,0.4,,2020-01-17,1000.0,SUR,,,,,RUB
TQCB,2020-01-17,ФСК ЕЭС1Р1,RU000A0ZZQN7,1.0,1081.5,108.15,108.15,108.15,108.15,20.26,108.15,6.4,108.15,1.0,108.1,108.1,108.15,2203025.0,2203025.0,2203025.0,2023-10-19,1171.0,6.4,,,,21.69,,2020-01-17,1000.0,SUR,,,,,RUB
EQOB,2020-01-17,ХабарКрай7,RU000A0ZZQQ0,3.0,27982.0,110.39,119.99,119.99,111.93,20.71,111.93,4.21,110.39,25.0,,109.72,111.93,0.0,701141.3,0.0,2025-10-24,1372.0,6.11,,,,22.44,,2020-01-17,1000.0,SUR,,,,,RUB
EQOB,2020-01-17,ДрктЛиз1P3,RU000A0ZZR90,15.0,257680.1,102.24,102.27,102.25,102.25,30.68,102.25,13.17,102.27,252.0,,102.36,102.25,0.0,592636.1,0.0,2021-10-26,569.0,13.17,,,,34.9,,2020-01-17,1000.0,SUR,,,,,RUB
TQCB,2020-01-17,АЛЬФА-Б2Р2,RU000A0ZZRB0,65.0,4706270.7,104.88,105.06,104.9,104.9,19.13,104.91,6.1,105.0,4486.0,104.91,104.91,104.9,4706270.7,4706270.7,4706270.7,2021-11-01,610.0,6.1,,,,44.87,,2020-01-17,1000.0,SUR,,,,,RUB
EQOB,2020-01-17,СберИОС35,RU000A0ZZRU0,4.0,381855.0,92.3,93.0,93.0,93.0,,92.86,,92.5,412.0,92.26,92.15,93.0,887560.0,833978.0,887560.0,2021-12-06,689.0,0.0,,,,0.31,,2020-01-17,1000.0,SUR,,,,,RUB
TQCB,2020-01-17,ТрансмхПБ2,RU000A0ZZRZ9,2.0,75240.0,104.5,104.5,104.5,104.5,19.3,104.5,6.53,104.5,72.0,104.41,104.4,104.5,2402398.3,2281178.3,2402398.3,2021-10-29,606.0,6.53,,,,45.62,,2020-01-17,1000.0,SUR,,,,,RUB
EQOB,2020-01-17,КамчКрай01,RU000A0ZZSW4,7.0,78462.7,108.97,109.0,108.97,108.97,14.88,108.98,6.59,108.97,72.0,,108.92,108.97,0.0,503193.3,0.0,2024-11-11,1212.0,6.58,,,,22.56,,2020-01-17,1000.0,SUR,,,,,RUB
TQCB,2020-01-17,УрКаПБО5P,RU000A0ZZT80,7.0,319199.9,104.31,104.5,104.31,104.31,16.82,104.31,6.84,104.5,306.0,104.45,104.48,104.31,5581877.5,4741182.5,5581877.5,2021-11-09,616.0,6.84,,,,46.37,,2020-01-17,1000.0,SUR,,,,,RUB
EQOB,2020-01-17,СберИОС28,RU000A0ZZTW2,4.0,27730.0,98.0,99.5,99.5,99.5,,100.15,,99.0,28.0,99.71,99.71,99.5,3683104.0,3658179.0,3683104.0,2021-12-20,703.0,0.0,,,,0.31,,2020-01-17,1000.0,SUR,,,,,RUB
TQCB,2020-01-17,РН БАНК1Р3,RU000A0ZZUK5,1.0,1040.6,104.06,104.06,104.06,104.06,14.45,104.7,6.98,104.06,1.0,104.5,104.5,104.06,52492572.1,52486309.9,52492572.1,2021-11-22,629.0,6.61,,,,46.38,,2020-01-17,1000.0,SUR,,,,,RUB
EQOB,2020-01-17,МСБЛиз2P01,RU000A0ZZUR0,63.0,641525.62,101.14,102.36,101.85,101.8,0.46,101.7,11.5,102.34,1025.0,101.7,101.7,101.8,641525.62,641525.62,641525.62,2021-05-09,241.0,11.75,,,,6.95,,2020-01-17,615.4,SUR,,,,,RUB
EQOB,2020-01-17,ХКФинБ1P2,RU000A0ZZUZ3,3.0,170700.0,105.0,105.6,105.0,105.37,15.34,105.37,7.27,105.6,162.0,105.06,105.08,105.37,1140900.0,761850.0,1140900.0,2021-11-19,615.0,7.05,,,,24.93,,2020-01-17,1000.0,SUR,,,,,RUB
EQOB,2020-01-17,ГрузЦ БОП2,RU000A0ZZV03,9.0,126787.0,105.47,106.28,105.97,105.97,0.0,105.66,7.75,105.47,12.0,,105.97,105.97,0.0,582843.0,0.0,2020-11-12,285.0,8.16,,,,123.29,,2020-01-17,10000.0,SUR,,,,,RUB
TQCB,2020-01-17,ГТЛК 1P-12,RU000A0ZZV11,3.0,27554.4,105.8,106.0,105.8,105.81,15.19,105.98,6.69,106.0,26.0,105.63,105.67,105.81,889403.1,809469.4,889403.1,2033-11-04,616.0,6.58,,,,24.68,2021-11-19,2020-01-17,1000.0,SUR,,,,2021-11-24,RUB
EQOB,2020-01-17,Роделен1Р1,RU000A0ZZV52,80.0,343453.28,100.82,102.19,102.09,102.09,5.9,101.67,10.53,101.9,529.0,,101.62,102.09,0.0,537327.73,0.0,2021-11-10,309.0,11.06,,,,6.56,,2020-01-17,638.6,SUR,,,,,RUB
EQOB,2020-01-17,ИА ДОМ 6P2,RU000A0ZZV86,20.0,29775511.17,106.85,107.02,107.0,107.0,10.09,106.85,7.5548,106.99,37645.0,106.89,106.89,107.0,29775511.17,29775511.17,29775511.17,2048-05-28,982.0,7.6101,,,,18.56,2028-11-28,2020-01-17,739.99,SUR,,,,,RUB
EQOB,2020-01-17,СберИОС41,RU000A0ZZW51,5.0,1021034.0,100.0,101.7,101.7,101.7,,101.68,,100.0,1004.0,101.4,101.4,101.7,1988483.0,1988483.0,1988483.0,2020-12-15,333.0,0.0,,,,0.2,,2020-01-17,1000.0,SUR,,,,,RUB
EQOB,2020-01-17,СберИОС42,RU000A0ZZW69,2.0,31522.0,98.4,100.1,98.4,98.4,,98.51,,100.1,32.0,97.52,97.57,98.4,616348.9,567848.9,616348.9,2022-01-10,724.0,0.0,,,,0.31,,2020-01-17,1000.0,SUR,,,,,RUB
EQOB,2020-01-17,РоялКапБО2,RU000A0ZZWG9,6.0,15270.0,101.48,102.16,102.16,102.16,17.26,101.8,11.85,101.48,15.0,,101.82,102.16,0.0,500977.9,0.0,2020-12-01,301.0,12.32,,,,34.9,,2020-01-17,1000.0,SUR,,,,,RUB
EQOB,2020-01-17,ОАЭ  БО-П1,RU000A0ZZWJ3,24.0,291159.6,101.15,101.99,101.64,101.63,6.78,101.45,13.75,101.15,287.0,,101.39,101.63,0.0,560697.5,0.0,2023-02-12,746.0,13.85,,,,11.3,,2020-01-17,1000.0,SUR,,,,,RUB
EQOB,2020-01-17,СберБ Б52R,RU000A0ZZWZ9,37.0,1843921.9,104.32,104.69,104.45,104.45,36.58,104.41,6.21,104.32,1766.0,104.41,104.41,104.45,1843921.9,1843921.9,1843921.9,2022-02-07,683.0,6.23,,,,42.13,,2020-01-17,1000.0,SUR,,,,,RUB
TQCB,2020-01-17,РЖД 1Р-10R,RU000A0ZZX19,8.0,109233.4,105.45,106.43,106.43,106.43,10.07,106.05,5.9,105.61,103.0,,105.6,106.43,0.0,519567.2,0.0,2022-06-03,798.0,6.07,,,,43.63,,2020-01-17,1000.0,SUR,,,,,RUB
EQOB,2020-01-17,ПР-Лиз 1P2,RU000A0ZZX35,31.0,811307.2,100.05,100.61,100.61,100.12,13.36,100.29,11.31,100.6,809.0,100.29,100.29,100.12,811307.2,811307.2,811307.2,2021-12-06,140.0,12.22,,,,31.16,2020-06-08,2020-01-17,1000.0,SUR,,,,,RUB
TQCB,2020-01-17,ГПБ001P03P,RU000A0ZZXM5,5.0,86665.5,106.85,107.0,107.0,107.0,8.58,106.99,5.87,107.0,81.0,106.8,106.74,107.0,570293.5,500631.5,570293.5,2022-06-13,806.0,5.87,,,,44.87,,2020-01-17,1000.0,SUR,,,,,RUB
EQOB,2020-01-17,КЕБ БО1Р02,RU000A0ZZXP8,67.0,1028246.9,100.0,100.23,100.18,100.22,7.6,100.12,7.41,100.09,1027.0,100.12,100.12,100.22,1028246.9,1028246.9,1028246.9,2020-12-09,320.0,7.48,,,,37.4,,2020-01-17,1000.0,SUR,,,,,RUB
EQOB,2020-01-17,ВсИнстрБО1,RU000A0ZZXT0,32.0,257651.2,101.7,102.08,102.08,102.08,11.34,101.84,9.37,101.97,253.0,,101.58,102.08,0.0,664352.5,0.0,2021-12-09,313.0,9.66,,,,28.67,2020-12-10,2020-01-17,1000.0,SUR,,,,2020-12-15,RUB
EQOB,2020-01-17,СберИОС47,RU000A0ZZY83,8.0,4860715.0,100.0,114.7,113.5,113.5,,108.35,,100.5,4499.0,108.07,108.07,113.5,4887831.0,4887831.0,4887831.0,2022-06-28,893.0,0.0,,,,0.35,,2020-01-17,1000.0,SUR,,,,,RUB
EQOB,2020-01-17,Калсб 1P01,RU000A0ZZYL5,210.0,8260254.9,100.05,100.13,100.1,100.08,11.4,100.06,13.34,100.13,8255.0,100.06,100.06,100.08,8255248.4,8255248.4,8255248.4,2023-12-11,632.0,13.37,,,,64.82,2021-12-13,2020-01-17,1000.0,SUR,,,,2021-12-20,RUB
EQOB,2020-01-17,ОАЭ  БО-П2,RU000A0ZZYP6,72.0,721266.7,101.13,101.67,101.67,101.57,1.88,101.44,13.74,101.49,711.0,101.44,101.44,101.57,721266.7,721266.7,721266.7,2023-02-25,758.0,13.86,,,,11.3,,2020-01-17,1000.0,SUR,,,,,RUB
EQOB,2020-01-17,ВТБ Б-1-10,RU000A0ZZYR2,69.0,7170370.3,100.78,100.99,100.95,100.94,6.7,100.82,5.94,100.83,7112.0,100.82,100.82,100.94,7170370.3,7170370.3,7170370.3,2020-06-17,150.0,6.27,,,,20.32,,2020-01-17,1000.0,SUR,,,,,RUB
EQOB,2020-01-17,НКНХ 1Р-01,RU000A0ZZZ17,11.0,21669.0,114.0,114.2,114.1,114.02,7.75,114.05,6.92,114.0,19.0,,114.25,114.02,0.0,900251.5,0.0,2028-12-07,1711.0,6.93,,,,48.62,2025-12-11,2020-01-17,1000.0,SUR,,,,2025-12-16,RUB
TQCB,2020-01-17,АЛЬФА-Б2Р3,RU000A0ZZZ66,2.0,4298.5,106.0,107.95,107.95,107.95,6.55,107.46,5.74,106.0,4.0,,106.36,107.95,0.0,1192254.1,0.0,2022-06-24,815.0,5.95,,,,46.13,,2020-01-17,1000.0,SUR,,,,,RUB
EQOB,2020-01-17,СоллФин1P1,RU000A0ZZZN8,45.0,563531.1,103.6,105.86,104.53,104.53,6.81,104.55,7.01,103.61,539.0,104.55,104.55,104.53,563531.1,563531.1,563531.1,2021-12-21,469.0,6.99,,,,25.8,,2020-01-17,1000.0,SUR,,,,,RUB
TQCB,2020-01-17,ВЭБ 1P-12,RU000A0ZZZP3,12.0,176091.2,105.99,106.43,106.0,106.0,6.01,106.08,5.96,106.19,166.0,,105.92,106.0,0.0,512670.7,0.0,2021-12-21,652.0,5.91,,,,22.79,,2020-01-17,1000.0,SUR,,,,,RUB
EQOB,2020-01-17,iСЛТ001P02,RU000A0ZZZU3,50.0,1310090.4,103.3,103.63,103.48,103.48,6.93,103.4,9.19,103.31,1267.0,103.4,103.4,103.48,1310090.4,1310090.4,1310090.4,2021-12-22,651.0,9.24,,,,54.85,,2020-01-17,1000.0,SUR,,,,,RUB
EQOB,2020-01-17,ВТБ Б-1-13,RU000A100089,41.0,2905047.9,100.76,101.13,100.96,100.96,4.69,100.87,6.06,100.83,2880.0,100.87,100.87,100.96,2905047.9,2905047.9,2905047.9,2020-06-26,159.0,6.27,,,,20.32,,2020-01-17,1000.0,SUR,,,,,RUB
EQOB,2020-01-17,СберИОС48,RU000A1000J1,2.0,1009924.5,98.49,100.5,98.49,98.49,,100.49,,100.5,1005.0,100.28,100.29,98.49,1830100.1,1816285.1,1830100.1,2022-08-08,934.0,0.0,,,,0.35,,2020-01-17,1000.0,SUR,,,,,RUB
EQOB,2020-01-17,РедСофт1P2,RU000A1000V6,71.0,1204637.3,100.3,102.46,101.64,101.64,23.67,101.15,12.69,100.7,1191.0,101.15,101.15,101.64,1204637.3,1204637.3,1204637.3,2021-05-13,440.0,13.14,,,,33.66,,2020-01-17,1000.0,SUR,,,,,RUB
EQOB,2020-01-17,ЛомМасБОП3,RU000A1001K7,16.0,205072.9,99.97,100.45,100.0,100.0,40.52,100.04,17.7,100.03,205.0,,100.05,100.0,0.0,515253.7,0.0,2020-01-21,4.0,13.64,,,,42.38,,2020-01-17,1000.0,SUR,,,,,RUB
EQOB,2020-01-17,ЮАИЗ 1-001,RU000A1001L5,2.0,12468.0,103.9,103.9,103.9,103.9,24.15,103.9,8.37,103.9,12.0,102.86,103.11,103.9,837317.1,528967.2,837317.1,2024-01-22,658.0,8.37,,,,25.55,2022-01-19,2020-01-17,1000.0,SUR,,,,2022-02-16,RUB
EQOB,2020-01-17,СберИОС49,RU000A1001M3,5.0,114806.0,107.0,109.4,107.22,107.22,,109.38,,107.0,107.0,,108.62,107.22,0.0,524644.0,0.0,2021-02-12,392.0,0.0,,,,0.2,,2020-01-17,1000.0,SUR,,,,,RUB
EQOB,2020-01-17,ММЦБ П01-1,RU000A1001T8,2.0,31200.0,104.0,104.0,104.0,104.0,8.88,104.0,9.28,104.0,30.0,,104.04,104.0,0.0,504593.1,0.0,2029-01-12,323.0,9.28,,,,33.66,2020-12-22,2020-01-17,1000.0,SUR,,,,2020-12-25,RUB
TQCB,2020-01-17,Росбанк2P4,RU000A100220,8.0,60851.9,104.85,106.99,104.85,104.85,41.68,104.97,6.48,106.99,58.0,104.81,104.81,104.85,229694605.4,17581001.0,229694605.4,2022-01-31,672.0,6.41,,,,44.87,,2020-01-17,1000.0,SUR,,,,,RUB
TQCB,2020-01-17,МТС 1P-07,RU000A100238,9.0,215888.5,106.0,107.85,107.8,107.8,19.07,106.88,6.64,106.0,202.0,,107.3,107.8,0.0,532189.5,0.0,2024-01-23,1240.0,6.9,,,,21.69,,2020-01-17,1000.0,SUR,,,,,RUB
TQCB,2020-01-17,РЖД 1Р-12R,RU000A1002C2,5.0,26037.5,108.48,108.49,108.48,108.48,40.04,108.49,6.38,108.49,24.0,,106.59,108.48,0.0,2561341.9,0.0,2024-01-26,1235.0,6.38,,,,43.38,,2020-01-17,1000.0,SUR,,,,,RUB
TQCB,2020-01-17,ГПБ 1P-05P,RU000A1002E8,44.0,1579153.1,106.8,108.41,107.65,107.65,42.62,107.57,6.44,108.35,1468.0,107.57,107.57,107.65,1579153.1,1579153.1,1579153.1,2023-01-31,961.0,6.47,,,,46.13,,2020-01-17,1000.0,SUR,,,,,RUB
TQCB,2020-01-17,ИКС5Фин1P4,RU000A1002L3,4.0,25237162.0,102.85,102.9,102.9,102.9,38.42,102.87,6.59,102.85,24532.0,,102.87,102.9,0.0,30010039.5,0.0,2034-01-16,521.0,6.62,,,,42.38,2021-08-02,2020-01-17,1000.0,SUR,,,,2021-08-05,RUB
TQCB,2020-01-17,Магнит3Р01,RU000A1002U4,2.0,11687.4,106.24,106.25,106.24,106.24,39.09,106.25,5.5,106.25,11.0,105.15,105.35,106.24,707672.6,545688.1,707672.6,2022-02-01,676.0,5.5,,,,43.38,,2020-01-17,1000.0,SUR,,,,,RUB
EQOB,2020-01-17,НафттрнБО1,RU000A100303,36.0,738730.0,100.68,101.79,101.55,101.55,55.48,101.2,13.8,100.72,73.0,101.2,101.2,101.55,738730.0,738730.0,738730.0,2024-01-11,1129.0,13.93,,,,110.96,,2020-01-17,10000.0,SUR,,,,2021-02-04,RUB
TQCB,2020-01-17,ГТЛК 1P-13,RU000A1003A4,14.0,2626139.3,104.91,105.1,105.1,105.1,18.22,105.09,6.99,105.1,2499.0,105.09,105.09,105.1,2626139.3,2626139.3,2626139.3,2034-01-20,679.0,6.99,,,,23.68,2022-02-04,2020-01-17,1000.0,SUR,,,,2022-02-09,RUB
TQCB,2020-01-17,КАМАЗ БОП1,RU000A1003C0,36.0,2238859.8,102.69,102.7,102.7,102.7,39.7,102.7,6.87,102.7,2180.0,102.7,102.7,102.7,2238859.8,2238859.8,2238859.8,2022-02-04,438.0,6.87,,,,44.88,,2020-01-17,1000.0,SUR,,,,,RUB
EQOB,2020-01-17,АПРИФП БП1,RU000A1003E6,91.0,752171.0,104.5,105.29,105.29,105.28,3.95,105.05,13.83,105.29,716.0,105.05,105.05,105.28,752171.0,752171.0,752171.0,2022-01-27,638.0,13.97,,,,13.15,,2020-01-17,1000.0,SUR,,,,,RUB
EQOB,2020-01-17,СберИОС57,RU000A1003G1,2.0,102045.6,105.2,105.21,105.2,105.2,,105.2,,105.21,97.0,104.24,104.25,105.2,802644.6,798542.2,802644.6,2022-03-21,794.0,0.0,,,,0.31,,2020-01-17,1000.0,SUR,,,,,RUB
EQOB,2020-01-17,СберИОС58,RU000A1003H9,1.0,18880.0,94.4,94.4,94.4,94.4,,94.4,,94.4,20.0,,92.32,94.4,0.0,574254.2,0.0,2022-03-21,794.0,0.0,,,,0.31,,2020-01-17,1000.0,SUR,,,,,RUB
TQCB,2020-01-17,ФолксвБ1P3,RU000A1003L1,29.0,6876154.3,104.44,104.75,104.45,104.62,37.79,104.66,6.68,104.75,6565.0,104.74,104.74,104.62,6876154.3,6876154.3,6876154.3,2022-02-15,687.0,6.57,,,,44.62,,2020-01-17,1000.0,SUR,,,,,RUB
EQOB,2020-01-17,ФридФинБО1,RU000A1003N7,10.0,1151698.6,105.9,106.4,106.4,106.4,50.96,106.15,8.73,106.28,1085.0,106.15,106.15,106.4,1151698.6,1151698.6,1151698.6,2022-02-10,662.0,8.87,,,,59.84,,2020-01-17,1000.0,SUR,,,,,RUB
EQOB,2020-01-17,ТойотаБ1P2,RU000A100436,1.0,1060.0,106.0,106.0,106.0,106.0,35.72,106.0,5.75,106.0,1.0,,104.36,106.0,0.0,534313.4,0.0,2022-02-21,695.0,5.75,,,,43.87,,2020-01-17,1000.0,SUR,,,,,RUB
TQCB,2020-01-17,Магнит3Р02,RU000A1004G9,11.0,324148.2,100.54,103.0,102.6,102.6,33.3,102.58,6.11,103.0,316.0,,102.94,102.6,0.0,510596.0,0.0,2021-02-23,382.0,6.13,,,,42.38,,2020-01-17,1000.0,SUR,,,,,RUB
EQOB,2020-01-17,ЕвропланБ5,RU000A1004K1,13.0,74295.0,102.3,103.2,103.2,103.2,37.93,103.19,6.8,103.2,72.0,,105.05,103.2,0.0,501099.7,0.0,2029-02-14,380.0,6.81,,,,48.62,2021-02-24,2020-01-17,1000.0,SUR,,,,2021-03-01,RUB
EQOB,2020-01-17,ПравоурмБ1,RU000A1004L9,5.0,324000.0,108.0,108.0,108.0,108.0,28.37,108.0,7.38,108.0,300.0,108.0,108.0,108.0,864000.0,540000.0,864000.0,2028-03-31,1277.0,7.38,,,,47.63,2024-03-29,2020-01-17,1000.0,SUR,,,,2024-04-03,RUB
EQOB,2020-01-17,СберИОС59,RU000A1004M7,3.0,3019.6,99.96,102.0,100.0,100.0,,100.65,,102.0,3.0,,101.59,100.0,0.0,841163.7,0.0,2022-04-04,808.0,0.0,,,,0.31,,2020-01-17,1000.0,SUR,,,,,RUB
EQOB,2020-01-17,СберИОС64,RU000A1004N5,8.0,1715907.0,98.0,101.3,99.0,99.0,,100.82,,101.0,1702.0,100.64,100.82,99.0,2024816.0,1721972.4,2024816.0,2022-09-30,987.0,0.0,,,,0.35,,2020-01-17,1000.0,SUR,,,,,RUB
EQOB,2020-01-17,ЛомМасБОП4,RU000A1004R6,19.0,294266.0,100.35,100.6,100.5,100.5,23.05,100.43,12.24,100.35,293.0,,100.4,100.5,0.0,537146.5,0.0,2020-02-26,40.0,12.94,,,,41.14,,2020-01-17,1000.0,SUR,,,,,RUB
EQOB,2020-01-17,РЕСОЛизБП2,RU000A1004S4,2.0,220479.0,104.99,104.99,104.99,104.99,37.47,104.99,7.23,104.99,210.0,104.61,104.64,104.99,1394511.1,1022304.1,1394511.1,2022-02-24,691.0,7.23,,,,48.37,,2020-01-17,1000.0,SUR,,,,,RUB
EQOB,2020-01-17,НЗРМ БО-П1,RU000A1004Z9,27.0,618626.0,101.21,101.6,101.48,101.48,90.41,101.41,0.78,101.3,61.0,101.41,101.41,101.48,618626.0,618626.0,618626.0,2022-08-12,38.0,1.45,,,,123.29,2020-02-24,2020-01-17,10000.0,SUR,,,,2020-02-27,RUB
EQOB,2020-01-17,БЭЛТИ БОП1,RU000A100535,35.0,372760.9,101.37,101.9,101.37,101.51,17.26,101.57,13.26,101.55,367.0,,101.64,101.51,0.0,521416.2,0.0,2022-03-01,377.0,13.04,,,,34.9,,2020-01-17,1000.0,SUR,,,,,RUB
TQCB,2020-01-17,МОЭК БО1P1,RU000A1005H4,1.0,5200.0,104.0,104.0,104.0,104.0,31.99,104.0,6.7,104.0,5.0,,103.98,104.0,0.0,500163.0,0.0,2025-02-26,705.0,6.7,,,,43.13,2022-03-02,2020-01-17,1000.0,SUR,,,,2022-03-07,RUB
EQOB,2020-01-17,Система1P9,RU000A1005L6,83.0,2921403.4,105.55,105.79,105.65,105.65,36.62,105.62,7.1,105.55,2766.0,105.62,105.62,105.65,2921403.4,2921403.4,2921403.4,2029-02-21,696.0,7.12,,,,49.36,2022-03-02,2020-01-17,1000.0,SUR,,,,2022-03-07,RUB
EQOB,2020-01-17,СолЛизБО04,RU000A1005N2,2.0,6010.2,100.17,100.17,100.17,100.17,13.89,100.17,12.22,100.17,6.0,99.95,100.01,100.17,803609.7,677076.8,803609.7,2024-03-04,52.0,12.22,,,,32.41,2020-03-09,2020-01-17,1000.0,SUR,,,,2020-03-23,RUB
EQOB,2020-01-17,ГарИнв1P05,RU000A1005T9,805.0,39791805.6,99.86,100.0,100.0,100.0,3.95,99.99,12.55,100.0,39808.0,99.96,99.96,100.0,39791805.6,39791805.6,39791805.6,2024-04-05,838.0,12.55,,,,29.92,,2020-01-17,1000.0,SUR,,,,,RUB
EQOB,2020-01-17,РОЛЬФ 1Р01,RU000A1005Y9,61.0,4682213.3,104.47,105.0,104.47,104.47,10.88,104.7,8.4,104.47,4472.0,104.7,104.7,104.47,4682213.3,4682213.3,4682213.3,2022-03-08,705.0,8.28,,,,26.05,,2020-01-17,1000.0,SUR,,,,,RUB
EQOB,2020-01-17,СберИОС67,RU000A100634,9.0,5555404.0,110.4,111.4,111.4,111.4,,111.07,,110.4,5000.0,110.63,111.08,111.4,9846004.0,5776204.0,9846004.0,2022-04-11,815.0,0.0,,,,0.3,,2020-01-17,1000.0,SUR,,,,,RUB
EQOB,2020-01-17,МясничБОП3,RU000A1006B5,115.0,1958294.6,103.11,103.9,103.6,103.6,2.96,103.45,12.59,103.48,1893.0,103.45,103.45,103.6,1958294.6,1958294.6,1958294.6,2024-02-17,821.0,12.66,,,,11.1,,2020-01-17,1000.0,SUR,,,,,RUB
EQOB,2020-01-17,ПионЛизБП2,RU000A1006C3,123.0,2535388.7,99.97,100.1,100.1,100.1,2.79,100.05,12.56,100.09,2534.0,100.05,100.05,100.1,2535388.7,2535388.7,2535388.7,2029-01-21,52.0,12.96,,,,10.48,2020-03-09,2020-01-17,1000.0,SUR,,,,,RUB
TQCB,2020-01-17,Мегафон1P6,RU000A1006G4,2.0,2109.2,102.32,108.6,108.6,108.6,29.99,105.46,6.6,102.32,2.0,,108.1,108.6,0.0,108197218.9,0.0,2024-03-11,1271.0,7.48,,,,44.38,,2020-01-17,1000.0,SUR,,,,,RUB
EQOB,2020-01-17,БрайтФ БП1,RU000A100725,6.0,129782.0,99.8,100.0,100.0,100.0,6.78,99.83,11.69,99.9,130.0,,99.87,100.0,0.0,550279.7,0.0,2029-03-15,69.0,12.7,,,,28.05,2020-03-26,2020-01-17,1000.0,SUR,,,,2021-04-01,RUB
EQOB,2020-01-17,АВТОБФ БП2,RU000A100733,12.0,4144292.2,101.4,101.79,101.79,101.79,34.66,101.63,9.56,101.4,4078.0,101.63,101.63,101.79,4144292.2,4144292.2,4144292.2,2024-03-19,403.0,9.71,,,,54.85,2021-03-23,2020-01-17,1000.0,SUR,,,,2021-03-26,RUB
EQOB,2020-01-17,ТрейдбБОП1,RU000A100741,45.0,325566.2,101.93,102.51,102.0,102.0,11.18,102.06,6.06,102.39,319.0,,102.01,102.0,0.0,526351.9,0.0,2021-03-23,67.0,5.73,,,,42.38,2020-03-24,2020-01-17,1000.0,SUR,,,,2020-03-27,RUB
TQCB,2020-01-17,СберБ Б78R,RU000A100758,52.0,7072007.5,102.09,102.44,102.41,102.4,25.16,102.37,6.15,102.35,6908.0,102.37,102.37,102.4,7072007.5,7072007.5,7072007.5,2021-03-26,413.0,6.18,,,,40.89,,2020-01-17,1000.0,SUR,,,,,RUB
EQOB,2020-01-17,ВТБ Б-1-27,RU000A100774,20.0,341313.6,100.33,100.4,100.35,100.35,25.21,100.39,6.07,100.33,340.0,,100.43,100.35,0.0,590528.4,0.0,2020-03-24,67.0,5.84,,,,39.89,,2020-01-17,1000.0,SUR,,,,,RUB
EQOB,2020-01-17,Лента Б1P2,RU000A100782,2.0,346486.5,104.05,104.05,104.05,104.05,27.02,104.05,6.73,104.05,333.0,104.41,104.41,104.05,5168436.2,5168436.2,5168436.2,2029-03-14,726.0,6.73,,,,43.13,2022-03-23,2020-01-17,1000.0,SUR,,,,2022-03-28,RUB
EQOB,2020-01-17,СберИОС70,RU000A1007B3,4.0,153138.2,96.14,99.0,98.2,98.2,,98.2,,96.14,156.0,,98.55,98.2,0.0,629707.2,0.0,2021-04-15,454.0,0.0,,,,0.2,,2020-01-17,1000.0,SUR,,,,,RUB
EQOB,2020-01-17,СберИОС71,RU000A1007C1,2.0,6100.0,100.0,102.0,100.0,101.67,,103.21,,102.0,6.0,100.77,100.8,101.67,2658401.1,2526104.9,2658401.1,2022-04-28,832.0,0.0,,,,0.3,,2020-01-17,1000.0,SUR,,,,,RUB
EQOB,2020-01-17,СберИОС69,RU000A1007D9,1.0,8139.2,101.74,101.74,101.74,101.74,,101.22,,101.74,8.0,100.96,101.31,101.74,5877943.3,540988.8,5877943.3,2020-04-14,88.0,0.0,,,,0.1,,2020-01-17,1000.0,SUR,,,,,RUB
EQOB,2020-01-17,Славнеф1Р2,RU000A1007H0,12.0,329530.0,106.3,106.3,106.3,106.3,5.21,106.05,6.6,106.3,310.0,,106.33,106.3,0.0,515712.5,0.0,2029-03-15,1027.0,6.69,,,,21.57,2023-03-23,2020-01-17,1000.0,SUR,,,,2023-03-28,RUB
EQOB,2020-01-17,КАМАЗ БОП2,RU000A1007V1,3.0,34860.0,102.5,102.75,102.75,102.75,5.03,102.53,6.46,102.5,34.0,,102.6,102.75,0.0,508877.0,0.0,2022-03-25,414.0,6.66,,,,21.82,,2020-01-17,1000.0,SUR,,,,,RUB
EQOB,2020-01-17,РЖД 1Р-13R,RU000A1007Z2,2.0,204337.5,115.4,116.99,115.4,115.4,27.18,115.44,6.93,116.99,177.0,,115.25,115.4,0.0,537060.5,0.0,2029-03-19,2363.0,6.92,,,,45.38,,2020-01-17,1000.0,SUR,,,,,RUB
TQCB,2020-01-17,Ростел1P5R,RU000A100881,1.0,5285.0,105.7,105.7,105.7,105.7,24.77,105.7,5.73,105.7,5.0,,104.49,105.7,0.0,5614005.4,0.0,2029-03-21,735.0,5.73,,,,42.13,2022-03-30,2020-01-17,1000.0,SUR,,,,2022-04-04,RUB
TQCB,2020-01-17,Тинькофф2R,RU000A1008B1,73.0,1117110.3,104.31,105.0,104.99,104.99,27.12,104.7,6.88,105.0,1067.0,104.7,104.7,104.99,1117110.3,1117110.3,1117110.3,2029-03-21,728.0,7.02,,,,46.12,2022-03-30,2020-01-17,1000.0,SUR,,,,2022-04-04,RUB
TQCB,2020-01-17,РЖД 1Р-14R,RU000A1008D7,2.0,115100000.0,115.1,115.1,115.1,115.1,15.71,115.1,6.99,115.1,100000.0,115.1,115.1,115.1,172656960.0,172654640.0,172656960.0,2029-05-04,2406.0,6.99,,,,45.38,,2020-01-17,1000.0,SUR,,,,,RUB
TQCB,2020-01-17,РСХБ БО-8Р,RU000A1008F2,2.0,11068.8,100.38,100.65,100.65,100.65,24.25,100.63,5.18,100.38,11.0,100.39,100.39,100.65,2036814.7,1007884.8,2036814.7,2020-04-02,76.0,5.28,,,,41.64,,2020-01-17,1000.0,SUR,,,,,RUB
EQOB,2020-01-17,Систем1P10,RU000A1008J4,35.0,792939.0,106.47,106.77,106.75,106.75,28.48,106.72,7.23,106.77,743.0,106.72,106.72,106.75,792939.0,792939.0,792939.0,2029-03-23,871.0,7.24,,,,49.36,2022-09-30,2020-01-17,1000.0,SUR,,,,2022-10-05,RUB
TQCB,2020-01-17,Роснфт2P6,RU000A1008P1,2.0,2205.7,103.57,117.0,117.0,117.0,3.34,110.29,4.33,103.57,2.0,,108.07,117.0,0.0,675420.9,0.0,2029-03-23,1310.0,6.05,,,,21.69,2024-03-29,2020-01-17,1000.0,SUR,,,,2024-04-03,RUB
TQCB,2020-01-17,iРОСНАНО 8,RU000A1008V9,30.0,521642.1,104.11,105.0,104.65,104.65,23.75,104.75,-11.34,104.11,498.0,104.75,104.75,104.65,521642.1,521642.1,521642.1,2028-03-27,80.0,-11.72,,,,42.38,2020-04-06,2020-01-17,1000.0,SUR,,,,,RUB
TQCB,2020-01-17,СеверстБ06,RU000A1008W7,10.0,107411.0,108.1,108.5,108.5,108.5,23.94,108.5,6.41,108.5,99.0,,108.25,108.5,0.0,504423.5,0.0,2029-03-27,1303.0,6.41,,,,43.13,2024-04-02,2020-01-17,1000.0,SUR,,,,2024-04-04,RUB
TQCB,2020-01-17,ЕврХимБ1Р3,RU000A1008Z0,4.0,1061088.5,104.85,105.2,105.15,105.15,23.42,104.85,6.13,104.85,1012.0,104.53,104.53,105.15,15000515.5,14997351.5,15000515.5,2022-04-09,743.0,6.27,,,,42.87,,2020-01-17,1000.0,SUR,,,,,RUB
EQOB,2020-01-17,СберИОС76,RU000A100923,1.0,96500.0,96.5,96.5,96.5,96.5,,96.5,,96.5,100.0,96.25,96.25,96.5,1197327.8,1197327.8,1197327.8,2021-04-30,469.0,0.0,,,,0.2,,2020-01-17,1000.0,SUR,,,,,RUB
EQOB,2020-01-17,СберИОС77,RU000A100931,2.0,58725.0,101.25,101.25,101.25,101.25,,101.25,,101.25,58.0,98.43,99.47,101.25,1832802.2,850478.5,1832802.2,2022-05-13,847.0,0.0,,,,0.3,,2020-01-17,1000.0,SUR,,,,,RUB
EQOB,2020-01-17,АЛЬФА-Б2Р4,RU000A100998,1.0,3082.5,102.75,102.75,102.75,102.75,22.72,102.75,6.29,102.75,3.0,,102.84,102.75,0.0,625266.4,0.0,2021-04-13,430.0,6.29,,,,42.87,,2020-01-17,1000.0,SUR,,,,,RUB
EQOB,2020-01-17,ДетМир БО7,RU000A1009B9,45.0,1059938.8,104.15,104.75,104.74,104.7,23.16,104.43,6.68,104.75,1015.0,104.43,104.43,104.7,1059938.8,1059938.8,1059938.8,2026-04-06,743.0,6.84,,,,44.38,2022-04-11,2020-01-17,1000.0,SUR,,,,2022-04-13,RUB
EQOB,2020-01-17,ФЭС-АгроБ1,RU000A1009R5,97.0,412156.9,103.57,104.64,104.61,104.61,0.38,104.38,8.7,103.7,395.0,,104.25,104.61,0.0,502484.0,0.0,2021-04-15,304.0,8.99,,,,34.9,,2020-01-17,1000.0,SUR,,,,,RUB
EQOB,2020-01-17,О'КЕЙ Б1Р2,RU000A1009Z8,60.0,2685910.5,103.74,104.25,104.25,104.25,0.0,104.23,7.48,104.25,2577.0,104.23,104.23,104.25,2685910.5,2685910.5,2685910.5,2029-04-06,750.0,7.49,,,,23.31,2022-04-15,2020-01-17,1000.0,SUR,,,,2022-04-20,RUB
EQOB,2020-01-17,СберИОС82,RU000A100A17,12.0,229973.0,97.39,97.8,97.39,97.39,,97.31,,97.49,236.0,,97.47,97.39,0.0,510757.2,0.0,2020-04-29,103.0,0.0,,,,0.1,,2020-01-17,1000.0,SUR,,,,,RUB
TQCB,2020-01-17,БКЕ БО 1P2,RU000A100A33,4.0,762881.9,103.85,104.56,104.56,104.56,20.15,104.08,6.45,103.85,733.0,103.49,103.83,104.56,6668077.6,3574872.1,6668077.6,2022-04-23,757.0,6.68,,,,42.87,,2020-01-17,1000.0,SUR,,,,,RUB
EQOB,2020-01-17,ЭлемЛиз1P2,RU000A100A41,9.0,637456.13,103.2,104.0,104.0,103.2,21.7,103.29,7.4,104.0,695.0,103.36,103.29,103.2,692989.87,642073.73,692989.87,2022-04-19,471.0,7.96,,,,22.69,,2020-01-17,888.0,SUR,,,,,RUB
TQCB,2020-01-17,МТС 1P-08,RU000A100A58,8.0,29631.5,105.7,106.15,105.7,105.7,20.25,105.83,6.27,106.15,28.0,104.96,104.91,105.7,2880177.5,523523.0,2880177.5,2022-10-17,893.0,6.22,,,,20.94,,2020-01-17,1000.0,SUR,,,,,RUB
TQCB,2020-01-17,МТС 1P-09,RU000A100A66,6.0,636420.0,108.4,108.7,108.7,108.7,20.73,108.6,6.61,108.6,586.0,108.61,108.6,108.7,692948.8,661396.8,692948.8,2024-10-14,1427.0,6.64,,,,21.44,,2020-01-17,1000.0,SUR,,,,,RUB
TQCB,2020-01-17,РН БАНК1Р5,RU000A100A90,1.0,1050000.0,105.0,105.0,105.0,105.0,20.97,105.0,6.59,105.0,1000.0,104.35,104.35,105.0,5880040.8,5827801.0,5880040.8,2022-04-25,756.0,6.59,,,,44.62,,2020-01-17,1000.0,SUR,,,,,RUB
EQOB,2020-01-17,ТАЛАНФБ1P1,RU000A100AA4,129.0,1679454.7,100.42,100.65,100.65,100.65,34.93,100.57,15.32,100.5,1670.0,100.57,100.57,100.65,1679454.7,1679454.7,1679454.7,2022-04-21,489.0,15.39,,,,37.4,,2020-01-17,1000.0,SUR,,,,,RUB
TQCB,2020-01-17,МОЭСКБО1P1,RU000A100AD8,3.0,54626.0,105.05,105.05,105.05,105.05,20.14,105.05,6.52,105.05,52.0,,104.87,105.05,0.0,2359530.3,0.0,2022-10-18,904.0,6.52,,,,42.13,,2020-01-17,1000.0,SUR,,,,,RUB
EQOB,2020-01-17,ВТБ Б-1-28,RU000A100AE6,35.0,1281825.0,100.42,100.66,100.6,100.6,19.07,100.54,5.67,100.43,1275.0,100.54,100.54,100.6,1281825.0,1281825.0,1281825.0,2020-04-21,95.0,5.91,,,,39.89,,2020-01-17,1000.0,SUR,,,,,RUB
TQCB,2020-01-17,ГПБ001P09P,RU000A100AF3,5.0,3873622.5,105.75,105.75,105.75,105.75,20.5,105.75,6.03,105.75,3663.0,105.72,105.72,105.75,4062777.5,4062777.5,4062777.5,2022-04-23,756.0,6.03,,,,43.62,,2020-01-17,1000.0,SUR,,,,,RUB
EQOB,2020-01-17,ЛомМасБОП5,RU000A100AM9,24.0,535894.7,101.02,101.19,101.19,101.19,38.42,101.11,12.41,101.1,530.0,101.11,101.11,101.19,535894.7,535894.7,535894.7,2020-04-23,93.0,12.75,,,,41.14,,2020-01-17,1000.0,SUR,,,,,RUB
TQCB,2020-01-17,МОЭК БО1P2,RU000A100AN7,1.0,5110.0,102.2,102.2,102.2,102.2,19.91,102.2,6.7,102.2,5.0,102.4,102.4,102.2,68084131.5,62964631.5,68084131.5,2025-04-16,439.0,6.7,,,,42.13,2021-04-21,2020-01-17,1000.0,SUR,,,,2021-04-26,RUB
EQOB,2020-01-17,ТКХ БО-П03,RU000A100AZ1,50.0,1171755.1,101.76,104.2,104.19,104.19,22.44,103.51,7.84,104.01,1132.0,103.51,103.51,104.19,1171755.1,1171755.1,1171755.1,2029-04-13,747.0,8.17,,,,48.62,2022-04-22,2020-01-17,1000.0,SUR,,,,2022-04-27,RUB
TQCB,2020-01-17,Автодор2Р3,RU000A100B40,10.0,562822.1,102.62,103.3,103.24,103.24,20.02,102.99,6.08,103.05,545.0,103.27,103.27,103.24,562822.1,562822.1,562822.1,2021-04-23,440.0,6.29,,,,43.38,,2020-01-17,1000.0,SUR,,,,,RUB
EQOB,2020-01-17,СберИОС83,RU000A100B57,6.0,1572140.1,101.14,105.6,103.01,103.01,,104.05,,101.14,1511.0,103.82,103.82,103.01,2120987.7,2120987.7,2120987.7,2022-05-30,864.0,0.0,,,,0.3,,2020-01-17,1000.0,SUR,,,,,RUB
TQCB,2020-01-17,РУСАБрБ1P1,RU000A100BB0,10.0,308782.1,103.87,104.98,103.87,104.24,19.97,104.32,7.24,104.98,296.0,,104.22,104.24,0.0,2251070.1,0.0,2029-04-16,756.0,7.02,,,,44.88,2022-04-25,2020-01-17,1000.0,SUR,,,,2022-04-27,RUB
TQCB,2020-01-17,ВЭБ 1P-16,RU000A100BM7,2.0,5288.5,105.77,105.77,105.77,105.77,19.0,105.77,6.0,105.77,5.0,,104.93,105.77,0.0,1364069.1,0.0,2022-04-26,760.0,6.0,,,,43.23,,2020-01-17,1000.0,SUR,,,,,RUB
EQOB,2020-01-17,СберИОС84,RU000A100CD4,3.0,255200.0,100.0,100.2,100.0,100.0,,100.14,,100.0,255.0,99.44,99.8,100.0,2515897.0,1126716.0,2515897.0,2020-06-04,139.0,0.0,,,,0.1,,2020-01-17,1000.0,SUR,,,,,RUB
EQOB,2020-01-17,ОАЭ  БО-П3,RU000A100CG7,114.0,1206072.0,101.2,101.7,101.69,101.69,9.42,101.61,13.98,101.68,1187.0,101.61,101.61,101.69,1206072.0,1206072.0,1206072.0,2024-05-22,1028.0,14.01,,,,11.68,,2020-01-17,1000.0,SUR,,,,,RUB
EQOB,2020-01-17,ВТБ Б-1-29,RU000A100CS2,34.0,144068.4,100.63,100.83,100.67,100.67,12.39,100.75,5.83,100.82,143.0,,100.59,100.67,0.0,983760.1,0.0,2020-05-20,124.0,5.58,,,,38.89,,2020-01-17,1000.0,SUR,,,,,RUB
EQOB,2020-01-17,АйДиЭфБ01,RU000A100CT0,109.0,1065018.2,100.26,100.48,100.48,100.48,24.21,100.38,14.74,100.28,1061.0,100.38,100.38,100.48,1065018.2,1065018.2,1065018.2,2022-05-19,122.0,15.08,,,,38.64,2020-05-21,2020-01-17,1000.0,SUR,,,,2020-05-26,RUB
EQOB,2020-01-17,Беларусь03,RU000A100D30,32.0,5790262.4,103.85,104.68,104.0,104.0,38.63,103.9,7.03,104.68,5573.0,103.9,103.9,104.0,5790262.4,5790262.4,5790262.4,2022-08-03,825.0,7.07,,,,43.13,,2020-01-17,1000.0,SUR,,,,,RUB
EQOB,2020-01-17,Беларусь04,RU000A100D63,83.0,47480731.8,103.85,103.98,103.95,103.95,38.63,103.91,7.05,103.93,45692.0,103.91,103.91,103.95,47480731.8,47480731.8,47480731.8,2022-08-03,825.0,7.07,,,,43.13,,2020-01-17,1000.0,SUR,,,,,RUB
EQOB,2020-01-17,СберИОС88,RU000A100DA8,20.0,3481121.5,96.5,97.39,96.5,96.5,,96.56,,97.29,3605.0,96.56,96.56,96.5,3481121.5,3481121.5,3481121.5,2020-06-16,151.0,0.0,,,,0.1,,2020-01-17,1000.0,SUR,,,,,RUB
EQOB,2020-01-17,МСБЛиз2Р02,RU000A100DC4,55.0,1402217.8,100.52,101.3,101.3,101.3,8.73,101.1,12.79,101.1,1387.0,101.1,101.1,101.3,1402217.8,1402217.8,1402217.8,2024-04-30,721.0,12.9,,,,10.48,,2020-01-17,1000.0,SUR,,,,,RUB
EQOB,2020-01-17,ЧЗПСНП БП1,RU000A100DF7,73.0,1214419.4,102.0,102.29,102.21,102.21,19.97,102.14,12.78,102.29,1189.0,102.14,102.14,102.21,1214419.4,1214419.4,1214419.4,2022-05-23,530.0,12.83,,,,34.28,,2020-01-17,1000.0,SUR,,,,,RUB
EQOB,2020-01-17,ЕвропланБ6,RU000A100DG5,1.0,10266.0,102.66,102.66,102.66,102.66,13.39,102.68,7.42,102.66,10.0,102.61,102.61,102.66,995284.3,994258.0,995284.3,2029-05-15,470.0,7.4,,,,46.87,2021-05-25,2020-01-17,1000.0,SUR,,,,2021-05-28,RUB
EQOB,2020-01-17,ТЕХЛиз 1P1,RU000A100DM3,53.0,643392.8,100.8,101.24,101.19,101.19,19.59,101.0,13.23,101.24,637.0,101.0,101.0,101.19,643392.8,643392.8,643392.8,2021-05-25,392.0,13.43,,,,34.28,,2020-01-17,1000.0,SUR,,,,,RUB
TQCB,2020-01-17,СовкомБОП1,RU000A100DZ5,3.0,12334.9,102.79,102.8,102.79,102.79,12.33,102.79,7.01,102.8,12.0,,102.55,102.79,0.0,551725.1,0.0,2029-05-17,467.0,7.01,,,,22.44,2021-05-27,2020-01-17,1000.0,SUR,,,,2021-06-01,RUB
TQCB,2020-01-17,ТрнфБО1P11,RU000A100E39,2.0,20300.0,101.5,101.5,101.5,101.5,10.61,101.5,6.17,101.5,20.0,,101.8,101.5,0.0,511031.2,0.0,2020-11-27,308.0,6.17,,,,39.39,,2020-01-17,1000.0,SUR,,,,,RUB
EQOB,2020-01-17,ТаксФ БП1,RU000A100E70,38.0,643669.0,105.12,105.87,105.7,105.7,73.97,105.52,11.29,105.23,61.0,105.52,105.52,105.7,643669.0,643669.0,643669.0,2022-05-18,480.0,11.44,,,,123.29,,2020-01-17,10000.0,SUR,,,,,RUB
EQOB,2020-01-17,СберИОС95,RU000A100EC2,2.0,208080.0,102.0,102.0,102.0,102.0,,102.0,,102.0,204.0,101.74,101.73,102.0,5126791.0,4767084.0,5126791.0,2024-06-21,1617.0,0.0,,,,0.5,,2020-01-17,1000.0,SUR,,,,,RUB
EQOB,2020-01-17,ВТБ Б-1-18,RU000A100EJ7,14.0,295163.2,100.31,100.6,100.6,100.6,9.37,100.4,6.1,100.32,294.0,,100.39,100.6,0.0,540093.5,0.0,2020-06-02,135.0,6.66,,,,18.95,,2020-01-17,1000.0,SUR,,,,,RUB
EQOB,2020-01-17,РОСНАНО2P1,RU000A100ER0,11.0,87146.1,104.51,106.0,104.56,104.56,10.97,105.0,6.58,105.0,83.0,,105.09,104.56,0.0,601112.7,0.0,2021-12-01,639.0,6.32,,,,45.38,,2020-01-17,1000.0,SUR,,,,,RUB
TQCB,2020-01-17,ГазпромКP1,RU000A100EX8,4.0,21951.4,104.5,104.64,104.6,104.6,9.41,104.53,5.97,104.5,21.0,104.14,104.14,104.6,19362157.8,19361117.9,19362157.8,2022-06-02,802.0,6.0,,,,39.84,,2020-01-17,1000.0,SUR,,,,,RUB
EQOB,2020-01-17,РЕСОЛизБП4,RU000A100F95,35.0,360182.0,103.48,103.6,103.49,103.49,9.68,103.5,6.73,103.6,348.0,,103.5,103.49,0.0,501977.0,0.0,2021-06-08,485.0,6.73,,,,46.37,,2020-01-17,1000.0,SUR,,,,,RUB
EQOB,2020-01-17,СберИОС97,RU000A100FC9,2.0,990025.0,99.5,99.5,99.5,99.5,,99.5,,99.5,995.0,99.25,99.27,99.5,3070917.5,2931340.0,3070917.5,2021-07-02,532.0,0.0,,,,0.2,,2020-01-17,1000.0,SUR,,,,,RUB
TQCB,2020-01-17,ГТЛК 1P-14,RU000A100FE5,4.0,1405407.3,104.71,105.05,105.05,105.05,8.73,104.95,7.09,104.8,1338.0,105.03,105.04,105.05,1767711.0,1504154.3,1767711.0,2034-05-25,939.0,7.13,,,,22.06,2022-12-08,2020-01-17,1000.0,SUR,,,,2022-12-13,RUB
EQOB,2020-01-17,МКБ П01,RU000A100FF2,7.0,60349.0,104.05,104.05,104.05,104.05,27.12,104.05,2.73,104.05,58.0,104.07,104.12,104.05,2078242.5,508128.0,2078242.5,2022-06-11,831.0,2.73,,,,45.12,,2020-01-17,1000.0,SUR,,,,,RUB
TQCB,2020-01-17,КАМАЗ БОП3,RU000A100FR7,19.0,969595.8,103.08,103.15,103.15,103.15,8.39,103.15,7.19,103.15,940.0,103.15,103.15,103.15,969595.8,969595.8,969595.8,2022-06-10,656.0,7.19,,,,21.82,,2020-01-17,1000.0,SUR,,,,,RUB
EQOB,2020-01-17,ВТБ Б-1-25,RU000A100FW7,20.0,8684723.0,100.55,100.6,100.6,100.6,6.58,100.6,6.14,100.6,8633.0,100.6,100.6,100.6,8684723.0,8684723.0,8684723.0,2020-06-15,148.0,6.14,,,,18.7,,2020-01-17,1000.0,SUR,,,,,RUB
EQOB,2020-01-17,ГрузЦ БОП3,RU000A100FY3,13.0,174656.0,108.56,109.4,108.79,108.79,8.22,109.16,8.61,109.0,16.0,,108.73,108.79,0.0,576262.0,0.0,2022-06-03,464.0,8.32,,,,123.29,2021-06-08,2020-01-17,10000.0,SUR,,,,2021-06-11,RUB
EQOB,2020-01-17,КИСТФ БОП1,RU000A100FZ0,12.0,183332.0,101.83,101.87,101.87,101.86,12.33,101.85,10.74,101.83,18.0,,101.67,101.86,0.0,508368.0,0.0,2022-06-02,143.0,10.79,,,,123.29,2020-06-12,2020-01-17,10000.0,SUR,,,,2020-06-23,RUB
TQCB,2020-01-17,БКЕ БО 1P3,RU000A100G03,5.0,6674883.0,105.0,105.99,105.8,105.8,6.9,105.8,6.58,105.0,6309.0,105.86,105.8,105.8,22823144.7,14238604.8,22823144.7,2023-06-18,1108.0,6.58,,,,42.12,,2020-01-17,1000.0,SUR,,,,,RUB
EQOB,2020-01-17,СберИОС94,RU000A100GG8,15.0,4249059.3,96.0,96.58,96.0,96.11,,96.15,,96.58,4419.0,96.15,96.15,96.11,4249059.3,4249059.3,4249059.3,2020-06-29,164.0,0.0,,,,0.1,,2020-01-17,1000.0,SUR,,,,,RUB
EQOB,2020-01-17,МигКр 01МС,RU000A100GK0,73.0,854930.1,103.3,105.47,105.47,105.47,12.71,104.39,11.64,103.89,819.0,104.39,104.39,105.47,854930.1,854930.1,854930.1,2022-06-19,396.0,12.69,,,,13.59,,2020-01-17,1000.0,SUR,,,,,RUB
TQCB,2020-01-17,ВЭБ 1P-17,RU000A100GY1,7.0,2622004.2,104.9,105.89,105.1,105.1,4.91,105.16,6.57,105.89,2482.0,105.57,105.55,105.1,5991916.3,3038860.9,5991916.3,2023-06-22,1116.0,6.55,,,,40.64,,2020-01-17,1000.0,SUR,,,,,RUB
TQCB,2020-01-17,Магнит3Р03,RU000A100H02,3.0,4090.5,102.0,102.8,102.0,102.0,4.73,102.26,5.7,102.8,4.0,,102.41,102.0,0.0,500796.0,0.0,2020-12-24,335.0,5.41,,,,39.14,,2020-01-17,1000.0,SUR,,,,,RUB
EQOB,2020-01-17,СберИОС107,RU000A100H69,9.0,105662.0,93.1,96.0,95.0,95.0,,95.19,,95.0,111.0,,94.16,95.0,0.0,508462.7,0.0,2022-07-29,924.0,0.0,,,,0.3,,2020-01-17,1000.0,SUR,,,,,RUB
EQOB,2020-01-17,СберИОС108,RU000A100H77,4.0,111301.8,99.38,101.2,101.2,101.2,,101.78,,99.38,110.0,101.43,101.39,101.2,4844205.8,3788065.8,4844205.8,2020-07-21,186.0,0.0,,,,0.1,,2020-01-17,1000.0,SUR,,,,,RUB
EQOB,2020-01-17,АЗБУКАВКП1,RU000A100HE1,210.0,15266609.5,103.5,104.19,104.0,104.0,5.47,103.88,7.9,103.91,14697.0,103.88,103.88,104.0,15266609.5,15266609.5,15266609.5,2029-06-15,802.0,7.96,,,,23.68,2022-06-24,2020-01-17,1000.0,SUR,,,,2022-06-29,RUB
TQCB,2020-01-17,ГПБ001P11P,RU000A100HH4,1.0,1070.0,107.0,107.0,107.0,107.0,3.59,107.0,6.47,107.0,1.0,105.55,105.56,107.0,1307732.7,543636.0,1307732.7,2024-07-01,1400.0,6.47,,,,40.89,,2020-01-17,1000.0,SUR,,,,,RUB
TQCB,2020-01-17,МТС 1P-10,RU000A100HU7,20.0,282994.0,106.25,107.8,106.65,106.65,3.51,106.39,6.7,106.55,266.0,,106.5,106.65,0.0,20709689.5,0.0,2025-06-25,1637.0,6.76,,,,19.95,,2020-01-17,1000.0,SUR,,,,,RUB
EQOB,2020-01-17,С-ИнновБП1,RU000A100HW3,60.0,448200.1,100.97,101.8,101.7,101.7,6.58,101.63,11.57,101.41,441.0,,101.64,101.7,0.0,503108.4,0.0,2021-06-30,163.0,11.74,,,,37.4,2020-07-01,2020-01-17,1000.0,SUR,,,,2020-07-06,RUB
EQOB,2020-01-17,РЖД 1Р-16R,RU000A100HY9,24.0,5385432.5,106.8,107.0,107.0,107.0,3.25,106.7,6.66,106.99,5035.0,106.96,106.96,107.0,5385432.5,5385432.5,5385432.5,2026-06-25,1899.0,6.71,,,,39.39,,2020-01-17,1000.0,SUR,,,,,RUB
EQOB,2020-01-17,ДФФ БО1P-2,RU000A100J18,14.0,5800924.1,103.58,104.67,104.67,104.67,3.55,104.0,6.74,103.69,5578.0,104.0,104.0,104.67,5800924.1,5800924.1,5800924.1,2022-06-30,815.0,7.04,,,,21.57,,2020-01-17,1000.0,SUR,,,,,RUB
EQOB,2020-01-17,ВТБ Б-1-31,RU000A100J34,45.0,10590093.3,100.25,100.86,100.47,100.47,2.76,100.33,6.23,100.32,10555.0,100.33,100.33,100.47,10590093.3,10590093.3,10590093.3,2020-07-03,168.0,6.56,,,,35.9,,2020-01-17,1000.0,SUR,,,,,RUB
TQCB,2020-01-17,ЕАБР 1Р-04,RU000A100JC1,1.0,4160.0,104.0,104.0,104.0,104.0,0.66,104.0,6.61,104.0,4.0,103.98,103.98,104.0,2359244.5,2355090.0,2359244.5,2023-01-10,992.0,6.61,,,,39.89,,2020-01-17,1000.0,SUR,,,,,RUB
EQOB,2020-01-17,БалтЛизБП2,RU000A100JE7,2.0,39614.04,104.79,104.8,104.8,104.8,2.5,104.8,6.28,104.79,42.0,104.08,104.1,104.8,2914114.14,1097078.31,2914114.14,2022-07-04,570.0,6.28,,,,20.64,,2020-01-17,900.0,SUR,,,,,RUB
TQCB,2020-01-17,ТрнфБО1P12,RU000A100JF4,6.0,5437959.5,103.3,105.95,105.95,105.95,2.16,103.5,5.36,103.3,5254.0,103.33,103.34,105.95,39708905.0,31209336.0,39708905.0,2022-07-05,835.0,6.44,,,,39.39,,2020-01-17,1000.0,SUR,,,,,RUB
EQOB,2020-01-17,ЛомМасБОП6,RU000A100JG2,36.0,912653.5,103.59,103.85,103.84,103.84,4.38,103.71,13.74,103.75,880.0,103.71,103.71,103.84,912653.5,912653.5,912653.5,2021-07-06,487.0,13.84,,,,39.89,,2020-01-17,1000.0,SUR,,,,2020-07-09,RUB
EQOB,2020-01-17,РитейлБФ01,RU000A100JH0,136.0,8518942.2,107.9,108.34,108.15,108.15,3.0,108.23,8.63,107.9,7871.0,108.23,108.23,108.15,8518942.2,8518942.2,8518942.2,2024-07-02,1136.0,8.61,,,,27.3,,2020-01-17,1000.0,SUR,,,,2024-07-02,RUB
EQOB,2020-01-17,Рубеж 1P1,RU000A100K31,41.0,549400.6,102.96,103.79,103.7,103.69,3.45,103.27,12.59,103.79,532.0,103.27,103.27,103.69,549400.6,549400.6,549400.6,2022-07-06,792.0,12.8,,,,69.81,,2020-01-17,1000.0,SUR,,,,,RUB
EQOB,2020-01-17,КАМАЗ БОП4,RU000A100K49,12.0,1091780.0,102.8,103.0,103.0,103.0,2.1,103.0,7.07,103.0,1060.0,103.0,103.0,103.0,1091780.0,1091780.0,1091780.0,2022-07-06,683.0,7.07,,,,21.19,,2020-01-17,1000.0,SUR,,,,,RUB
EQOB,2020-01-17,АПРИФП БП2,RU000A100K64,73.0,1182590.3,101.83,102.07,102.06,102.06,3.7,102.04,14.58,101.83,1159.0,102.04,102.04,102.06,1182590.3,1182590.3,1182590.3,2022-07-06,668.0,14.59,,,,37.4,,2020-01-17,1000.0,SUR,,,,,RUB
EQOB,2020-01-17,Сбер Sb12R,RU000A100K80,74.0,109561907.7,103.4,104.0,103.79,103.79,0.84,103.78,6.12,103.63,105565.0,103.79,103.79,103.79,109561907.7,109561907.7,109561907.7,2022-07-11,843.0,6.13,,,,38.39,,2020-01-17,1000.0,SUR,,,,,RUB
EQOB,2020-01-17,СберИОС110,RU000A100KQ9,2.0,98825.5,98.8,99.31,98.8,98.83,,99.7,,99.31,100.0,99.28,99.27,98.83,1835596.9,1826631.0,1835596.9,2021-07-30,560.0,0.0,,,,0.2,,2020-01-17,1000.0,SUR,,,,,RUB
EQOB,2020-01-17,МКБ П02,RU000A100KS5,8.0,1365412.5,103.05,103.05,103.05,103.05,22.93,103.05,3.2,103.05,1325.0,103.05,103.05,103.05,1822954.5,1594183.5,1822954.5,2022-07-15,864.0,3.2,,,,45.12,,2020-01-17,1000.0,SUR,,,,,RUB
EQOB,2020-01-17,МКБ П03,RU000A100KT3,9.0,30765.0,102.55,102.55,102.55,102.55,20.38,102.55,2.92,102.55,30.0,102.55,102.55,102.55,531209.0,531209.0,531209.0,2022-07-15,869.0,2.92,,,,40.11,,2020-01-17,1000.0,SUR,,,,,RUB
EQOB,2020-01-17,СберИОС111,RU000A100KU1,1.0,5075.0,101.5,101.5,101.5,101.5,,101.72,,101.5,5.0,100.45,100.45,101.5,1600219.9,1600219.9,1600219.9,2020-08-05,201.0,0.0,,,,0.1,,2020-01-17,1000.0,SUR,,,,,RUB
TQCB,2020-01-17,Роснфт2P8,RU000A100KY3,1.0,5447.5,108.95,108.95,108.95,108.95,0.87,108.95,5.74,108.95,5.0,105.2,105.2,108.95,43778405.0,43775240.0,43778405.0,2029-07-02,1416.0,5.74,,,,39.64,2024-07-08,2020-01-17,1000.0,SUR,,,,2024-07-11,RUB
EQOB,2020-01-17,СберИОС112,RU000A100KZ0,1.0,382140.0,99.0,99.0,99.0,99.0,,99.0,,99.0,386.0,96.9,97.6,99.0,3028100.8,1372244.7,3028100.8,2024-08-05,1662.0,0.0,,,,0.5,,2020-01-17,1000.0,SUR,,,,,RUB
EQOB,2020-01-17,ОткрФКБОП5,RU000A100L14,13.0,343401.9,100.38,100.74,100.74,100.74,0.65,100.7,6.39,100.7,341.0,,100.72,100.74,0.0,592208.5,0.0,2022-07-12,179.0,6.48,,,,39.14,2020-07-14,2020-01-17,1000.0,SUR,,,,,RUB
EQOB,2020-01-17,БелугаБП2,RU000A100L63,57.0,720005.2,106.56,107.11,106.8,106.84,0.52,106.83,7.51,106.8,674.0,106.83,106.83,106.84,720005.2,720005.2,720005.2,2024-07-10,1180.0,7.5,,,,47.37,,2020-01-17,1000.0,SUR,,,,,RUB
EQOB,2020-01-17,ЛамбумБП01,RU000A100LE3,23.0,722960.0,103.01,103.31,103.11,103.11,14.79,103.28,11.79,103.31,70.0,103.28,103.28,103.11,722960.0,722960.0,722960.0,2024-06-20,489.0,11.65,,,,110.96,2021-07-06,2020-01-17,10000.0,SUR,,,,2021-07-09,RUB
EQOB,2020-01-17,ГазпромКP2,RU000A100LL8,7.0,8585497.3,104.9,105.5,105.5,105.5,0.21,105.5,6.47,104.9,8138.0,105.43,105.5,105.5,23678231.0,8600234.1,23678231.0,2024-07-11,1419.0,6.47,,,,38.89,,2020-01-17,1000.0,SUR,,,,,RUB
TQCB,2020-01-17,ЕврХимБ1Р4,RU000A100LS3,33.0,372299.5,103.89,104.0,104.0,104.0,39.36,103.77,6.47,103.99,358.0,,103.96,104.0,0.0,519823.3,0.0,2023-01-18,964.0,6.55,,,,39.57,,2020-01-17,1000.0,SUR,,,,,RUB
EQOB,2020-01-17,iДЭНИКОЛБ1,RU000A100M47,541.0,7094911.2,74.0,76.28,75.87,75.12,32.18,75.04,52.46,75.7,9449.0,75.09,75.09,75.12,7094911.2,7094911.2,7094911.2,2022-07-19,333.0,54.24,,,,33.66,2021-01-19,2020-01-17,1000.0,SUR,,,,2021-01-22,RUB
EQOB,2020-01-17,СэтлГрБ1P2,RU000A100MG6,108.0,7090360.3,106.15,107.38,107.38,107.38,25.62,106.69,8.2,106.85,6646.0,106.69,106.69,107.38,7090360.3,7090360.3,7090360.3,2023-01-17,934.0,8.47,,,,26.8,,2020-01-17,1000.0,SUR,,,,,RUB
TQCB,2020-01-17,Автодор2Р4,RU000A100MV5,1.0,7210.0,103.0,103.0,103.0,103.0,38.36,103.0,5.24,103.0,7.0,,101.58,103.0,0.0,518048.7,0.0,2021-02-25,382.0,5.24,,,,39.89,,2020-01-17,1000.0,SUR,,,,,RUB
TQCB,2020-01-17,Систем1P11,RU000A100N12,44.0,18437355.1,106.6,106.8,106.8,106.8,44.3,106.74,7.31,106.6,17273.0,106.74,106.74,106.8,18437355.1,18437355.1,18437355.1,2029-07-16,1084.0,7.33,,,,46.87,2023-07-24,2020-01-17,1000.0,SUR,,,,2023-07-27,RUB
EQOB,2020-01-17,СберИОС121,RU000A100N79,9.0,2256341.3,101.91,108.1,104.86,104.86,,107.1,,103.98,2148.0,105.63,105.04,104.86,5073274.3,2257402.3,5073274.3,2022-08-29,955.0,0.0,,,,0.3,,2020-01-17,1000.0,SUR,,,,,RUB
EQOB,2020-01-17,СберИОС122,RU000A100N87,3.0,98674.0,95.8,95.8,95.8,95.8,,95.8,,95.8,103.0,95.76,95.74,95.8,824531.0,809982.0,824531.0,2020-08-25,221.0,0.0,,,,0.1,,2020-01-17,1000.0,SUR,,,,,RUB
TQCB,2020-01-17,ЕврХол2P1R,RU000A100P85,2.0,1150800.0,104.55,104.7,104.7,104.7,35.94,104.62,6.84,104.55,1100.0,104.61,104.69,104.7,27815972.1,16008517.1,27815972.1,2024-07-29,1380.0,6.86,,,,39.64,,2020-01-17,1000.0,SUR,,,,,RUB
EQOB,2020-01-17,ВТБ Б-1-33,RU000A100P93,1.0,1006.2,100.62,100.62,100.62,100.62,31.87,100.62,5.95,100.62,1.0,100.54,100.54,100.62,523832.2,523832.2,523832.2,2020-08-03,193.0,5.95,,,,35.15,,2020-01-17,1000.0,SUR,,,,,RUB
EQOB,2020-01-17,ЖКХРСЯ БО1,RU000A100PB0,238.0,5436626.4,108.88,109.44,109.32,109.28,25.0,109.08,8.66,109.44,4984.0,109.08,109.08,109.28,5436626.4,5436626.4,5436626.4,2026-07-28,797.0,8.76,,,,31.16,2022-08-02,2020-01-17,1000.0,SUR,,,,2022-08-05,RUB
EQOB,2020-01-17,РЕСОЛизБП6,RU000A100PE4,19.0,878312.2,103.75,104.39,104.29,104.29,40.44,104.07,7.74,104.39,844.0,104.07,104.07,104.29,878312.2,878312.2,878312.2,2023-08-01,1096.0,7.81,,,,44.88,,2020-01-17,1000.0,SUR,,,,,RUB
EQOB,2020-01-17,РСГ-ФинБ11,RU000A100PM7,8.0,153537.4,103.02,105.0,103.21,103.21,50.96,103.74,10.81,105.0,148.0,,103.73,103.21,0.0,513450.4,0.0,2022-08-11,797.0,10.56,,,,59.84,,2020-01-17,1000.0,SUR,,,,,RUB
EQOB,2020-01-17,АЛЬФА-Б2Р5,RU000A100PQ8,17.0,1547540.0,103.15,103.5,103.5,103.5,34.85,103.17,6.5,103.15,1500.0,103.17,103.17,103.5,1547540.0,1547540.0,1547540.0,2022-08-11,840.0,6.64,,,,39.61,,2020-01-17,1000.0,SUR,,,,,RUB
EQOB,2020-01-17,ВТБ Б-1-35,RU000A100Q19,4.0,106788.5,97.0,97.89,97.0,97.0,0.04,97.08,5.53,97.88,110.0,,101.35,97.0,0.0,521957.9,0.0,2020-08-11,207.0,5.38,,,,0.05,,2020-01-17,1000.0,SUR,,,,,RUB
EQOB,2020-01-17,ПР-Лиз 1P3,RU000A100Q35,82.0,1712552.4,100.13,100.34,100.34,100.34,2.3,100.21,12.47,100.13,1709.0,100.21,100.21,100.34,1712552.4,1712552.4,1712552.4,2026-07-07,661.0,12.55,,,,9.86,2022-01-29,2020-01-17,1000.0,SUR,,,,2022-02-04,RUB
EQOB,2020-01-17,Самолет1P5,RU000A100Q50,13.0,2435439.1,100.03,100.06,100.06,100.05,18.99,100.06,9.86,100.06,2434.0,100.06,100.06,100.05,2435439.1,2435439.1,2435439.1,2029-07-31,25.0,9.86,,,,26.18,2020-02-11,2020-01-17,1000.0,SUR,,,,2020-02-14,RUB
EQOB,2020-01-17,Каскад1Р01,RU000A100Q76,83.0,889452.7,102.3,102.76,102.5,102.5,28.49,102.47,11.88,102.75,868.0,102.47,102.47,102.5,889452.7,889452.7,889452.7,2022-08-10,198.0,11.94,,,,39.89,2020-08-12,2020-01-17,1000.0,SUR,,,,,RUB
EQOB,2020-01-17,ЮАИЗ 1-002,RU000A100Q92,2.0,8208.0,102.6,102.6,102.6,102.6,17.53,102.6,9.15,102.6,8.0,,102.09,102.6,0.0,569680.9,0.0,2024-08-13,826.0,9.15,,,,24.93,2022-08-11,2020-01-17,1000.0,SUR,,,,,RUB
EQOB,2020-01-17,СберИОС128,RU000A100QV6,1.0,151350.0,100.9,100.9,100.9,100.9,,101.61,,100.9,150.0,99.99,100.15,100.9,2404731.0,1606433.0,2404731.0,2020-09-04,231.0,0.0,,,,0.1,,2020-01-17,1000.0,SUR,,,,,RUB
EQOB,2020-01-17,ЭлщитСтБП1,RU000A100QY0,47.0,319753.5,101.98,102.86,102.79,102.79,21.01,102.49,12.25,102.86,312.0,,102.4,102.79,0.0,519158.9,0.0,2022-08-16,801.0,12.4,,,,32.41,,2020-01-17,1000.0,SUR,,,,,RUB
TQCB,2020-01-17,ЕврХимБ1Р6,RU000A100RG5,8.0,466137.5,104.75,104.75,104.75,104.75,12.04,104.75,6.51,104.75,445.0,104.75,104.75,104.75,519560.0,519560.0,519560.0,2023-08-18,1145.0,6.51,,,,19.57,,2020-01-17,1000.0,SUR,,,,,RUB
EQOB,2020-01-17,ЭконЛиз1P1,RU000A100RQ4,52.0,2055510.9,100.1,103.24,101.8,101.8,18.86,101.21,13.29,102.03,2031.0,101.21,101.21,101.8,2055510.9,2055510.9,2055510.9,2022-08-24,803.0,13.58,,,,33.66,,2020-01-17,1000.0,SUR,,,,,RUB
EQOB,2020-01-17,ТЕХЛиз 1P2,RU000A100RS0,51.0,748605.7,100.65,100.99,100.99,100.99,18.51,100.75,13.38,100.75,743.0,100.75,100.75,100.99,748605.7,748605.7,748605.7,2022-08-24,755.0,13.51,,,,33.03,,2020-01-17,1000.0,SUR,,,,,RUB
EQOB,2020-01-17,ВТБ Б-1-36,RU000A100RV4,2.0,24024.0,100.1,100.1,100.1,100.1,27.04,100.1,6.02,100.1,24.0,100.09,100.08,100.1,924830.0,670529.9,924830.0,2020-02-26,40.0,6.02,,,,34.65,,2020-01-17,1000.0,SUR,,,,,RUB
EQOB,2020-01-17,СберИОС135,RU000A100S41,12.0,850286.4,96.14,99.8,97.0,97.62,,98.3,,96.14,865.0,98.3,98.3,97.62,850286.4,850286.4,850286.4,2022-09-26,983.0,0.0,,,,0.3,,2020-01-17,1000.0,SUR,,,,,RUB
EQOB,2020-01-17,СберИОС136,RU000A100S58,7.0,33159.6,100.01,102.4,100.01,100.01,,100.5,,100.4,33.0,,99.85,100.01,0.0,533222.6,0.0,2020-09-24,251.0,0.0,,,,0.1,,2020-01-17,1000.0,SUR,,,,,RUB
EQOB,2020-01-17,МКБ П04,RU000A100SF5,8.0,1907980.0,100.42,100.42,100.42,100.42,13.04,100.42,3.33,100.42,1900.0,100.42,100.42,100.42,2018442.0,2018442.0,2018442.0,2022-09-03,923.0,3.33,,,,35.1,,2020-01-17,1000.0,SUR,,,,,RUB
EQOB,2020-01-17,ВТБ Б-1-26,RU000A100SS8,2.0,28091.8,100.31,100.41,100.31,100.33,25.7,100.33,6.58,100.41,28.0,101.37,101.37,100.33,1679626.5,1679626.5,1679626.5,2020-09-03,224.0,6.54,,,,34.9,,2020-01-17,1000.0,SUR,,,,,RUB
EQOB,2020-01-17,СберИОС138,RU000A100T24,1.0,1000.0,100.0,100.0,100.0,100.0,,100.0,,100.0,1.0,,100.13,100.0,0.0,506667.8,0.0,2020-04-02,76.0,0.0,,,,15.0,,2020-01-17,1000.0,SUR,,,,,RUB
EQOB,2020-01-17,ЮниМетр01,RU000A100T81,37.0,405122.7,100.28,100.7,100.68,100.69,3.42,100.53,12.89,100.31,403.0,,100.53,100.69,0.0,514729.4,0.0,2022-08-24,813.0,12.97,,,,10.27,,2020-01-17,1000.0,SUR,,,,,RUB
EQOB,2020-01-17,ПНППК 1P01,RU000A100TB2,1.0,3270.0,109.0,109.0,109.0,109.0,11.45,109.0,7.42,109.0,3.0,,106.52,109.0,0.0,567725.0,0.0,2029-08-28,846.0,7.42,,,,27.42,2022-09-06,2020-01-17,1000.0,SUR,,,,,RUB
EQOB,2020-01-17,СолЛизБО05,RU000A100TD8,91.0,2037140.7,99.95,100.06,100.03,100.03,13.68,100.01,14.12,100.06,2037.0,100.01,100.01,100.03,2037140.7,2037140.7,2037140.7,2022-09-07,227.0,14.16,,,,33.66,2020-09-09,2020-01-17,1000.0,SUR,,,,,RUB
TQCB,2020-01-17,РУСАБрБ1P3,RU000A100TF3,11.0,4265268.3,102.6,102.95,102.95,102.95,28.71,102.93,7.13,102.6,4144.0,102.93,102.93,102.95,4265268.3,4265268.3,4265268.3,2029-08-30,865.0,7.13,,,,41.14,2022-09-08,2020-01-17,1000.0,SUR,,,,2022-09-12,RUB
EQOB,2020-01-17,Кузина1P01,RU000A100TL1,48.0,960487.0,103.0,103.93,103.93,103.93,12.33,103.28,12.99,103.37,93.0,103.28,103.28,103.93,960487.0,960487.0,960487.0,2023-08-26,521.0,13.48,,,,123.29,2021-09-05,2020-01-17,10000.0,SUR,,,,,RUB
EQOB,2020-01-17,СберИОС146,RU000A100TP2,1.0,890100.0,98.9,98.9,98.9,98.9,,98.9,,98.9,900.0,98.74,98.74,98.9,2075487.1,2074491.1,2075487.1,2024-10-04,1722.0,0.0,,,,0.5,,2020-01-17,1000.0,SUR,,,,,RUB
EQOB,2020-01-17,БЭЛТИ БОП2,RU000A100TT4,101.0,1668956.9,100.04,100.1,100.06,100.06,0.68,100.06,13.21,100.1,1668.0,100.06,100.06,100.06,1668956.9,1668956.9,1668956.9,2024-08-21,953.0,13.21,,,,10.27,,2020-01-17,1000.0,SUR,,,,,RUB
EQOB,2020-01-17,ВТБ Б-1-39,RU000A100TW8,32.0,422057.1,95.16,96.19,96.14,96.14,0.03,96.14,6.13,95.16,439.0,,96.07,96.14,0.0,821406.8,0.0,2020-09-15,242.0,6.13,,,,0.05,,2020-01-17,1000.0,SUR,,,,,RUB
EQOB,2020-01-17,ВТБ Б-1-40,RU000A100TY4,13.0,68401.8,100.51,100.97,100.96,100.91,22.73,100.59,5.36,100.97,68.0,,100.44,100.91,0.0,521260.5,0.0,2020-09-15,236.0,5.95,,,,33.91,,2020-01-17,1000.0,SUR,,,,,RUB
EQOB,2020-01-17,ХКФБанкБ06,RU000A100UG9,5.0,753621.9,103.93,103.95,103.93,103.93,6.64,103.95,7.21,103.95,725.0,103.98,103.95,103.93,2210597.4,785825.6,2210597.4,2024-09-13,876.0,7.2,,,,21.57,2022-09-16,2020-01-17,1000.0,SUR,,,,2022-09-21,RUB
EQOB,2020-01-17,ИТЦ-Тр1P01,RU000A100UP0,19.0,426052.0,101.16,101.54,101.54,101.53,103.29,101.44,14.83,101.3,42.0,,101.42,101.53,0.0,507111.0,0.0,2023-09-02,946.0,14.88,,,,119.18,,2020-01-17,10000.0,SUR,,,,,RUB
EQOB,2020-01-17,РН БАНК1Р6,RU000A100UU0,5.0,1280442.0,102.3,102.5,102.5,102.5,24.1,102.63,6.72,102.3,1250.0,102.3,102.3,102.5,206192998.7,206138467.0,206192998.7,2022-09-26,888.0,6.67,,,,38.35,,2020-01-17,1000.0,SUR,,,,,RUB
EQOB,2020-01-17,ВТБ Б-1-43,RU000A100UX4,10.0,29040.1,100.06,100.16,100.16,100.16,21.11,100.14,5.83,100.06,29.0,,100.07,100.16,0.0,863639.4,0.0,2020-03-24,67.0,5.95,,,,33.41,,2020-01-17,1000.0,SUR,,,,,RUB
EQOB,2020-01-17,МоторТ1Р01,RU000A100V38,4.0,48172.8,106.81,107.5,107.5,107.5,9.45,107.05,12.22,106.81,45.0,,107.4,107.5,0.0,512308.9,0.0,2022-09-21,822.0,12.43,,,,37.4,,2020-01-17,1000.0,SUR,,,,,RUB
EQOB,2020-01-17,ОбувьРо1Р1,RU000A100V61,274.0,6372609.0,102.05,102.69,102.65,102.6,7.23,102.57,11.12,102.05,6213.0,102.57,102.57,102.6,6372609.0,6372609.0,6372609.0,2022-09-22,744.0,11.16,,,,29.92,,2020-01-17,1000.0,SUR,,,,,RUB
TQCB,2020-01-17,Тинькофф3R,RU000A100V79,70.0,2569830.3,103.0,103.2,103.2,103.2,25.77,103.16,7.03,103.01,2491.0,103.16,103.16,103.2,2569830.3,2569830.3,2569830.3,2029-09-12,878.0,7.05,,,,41.14,2022-09-21,2020-01-17,1000.0,SUR,,,,2022-09-26,RUB
EQOB,2020-01-17,СберИОС150,RU000A100V87,8.0,173683.0,95.0,99.6,98.0,98.0,,98.13,,96.93,177.0,98.02,98.02,98.0,804731.0,804731.0,804731.0,2022-10-28,1015.0,0.0,,,,0.3,,2020-01-17,1000.0,SUR,,,,,RUB
EQOB,2020-01-17,Сбер Sb13R,RU000A100VB8,17.0,3881906.3,101.49,101.6,101.54,101.54,21.63,101.54,6.16,101.59,3823.0,101.54,101.54,101.54,3881906.3,3881906.3,3881906.3,2021-09-24,580.0,6.16,,,,35.15,,2020-01-17,1000.0,SUR,,,,,RUB
EQOB,2020-01-17,НорНикБ1P1,RU000A100VQ6,36.0,57966080.7,102.81,103.25,103.24,103.24,21.3,103.13,6.49,102.81,56205.0,103.13,103.13,103.24,57966080.7,57966080.7,57966080.7,2024-09-24,1458.0,6.52,,,,35.9,,2020-01-17,1000.0,SUR,,,,,RUB
EQOB,2020-01-17,ГПБ001P13P,RU000A100VR4,4.0,100492.0,103.6,103.6,103.6,103.6,22.1,103.6,6.39,103.6,97.0,,103.0,103.6,0.0,667454.6,0.0,2023-09-30,1186.0,6.39,,,,36.9,,2020-01-17,1000.0,SUR,,,,,RUB
EQOB,2020-01-17,Атомстр 01,RU000A100VS2,30.0,229471.4,105.99,107.4,106.0,106.0,34.77,106.24,8.05,106.9,216.0,,106.47,106.0,0.0,500429.8,0.0,2024-09-24,564.0,7.89,,,,58.59,2021-09-28,2020-01-17,1000.0,SUR,,,,2021-09-30,RUB
EQOB,2020-01-17,СберИОС152,RU000A100VT0,8.0,20380.5,97.05,97.05,97.05,97.05,,96.38,,97.05,21.0,,94.47,97.05,0.0,1199823.1,0.0,2021-10-22,644.0,0.0,,,,0.2,,2020-01-17,1000.0,SUR,,,,,RUB
EQOB,2020-01-17,СберИОС154,RU000A100VU8,6.0,113711.3,98.0,99.0,98.01,98.02,,98.88,,99.0,115.0,99.53,99.52,98.02,594166.5,588184.6,594166.5,2020-04-28,102.0,0.0,,,,15.0,,2020-01-17,1000.0,SUR,,,,,RUB
EQOB,2020-01-17,СберИОС153,RU000A100VV6,6.0,27581.5,94.0,95.16,95.16,95.16,,95.11,,95.16,29.0,93.32,93.32,95.16,2512160.6,2511227.5,2512160.6,2024-10-23,1741.0,0.0,,,,0.5,,2020-01-17,1000.0,SUR,,,,,RUB
EQOB,2020-01-17,МБЭС 1P-01,RU000A100VX2,2.0,51128074.7,102.25,102.49,102.49,102.49,21.64,102.25,6.99,102.25,50003.0,102.25,102.25,102.49,51390628.9,51288628.9,51390628.9,2029-09-26,895.0,7.09,,,,39.39,2022-10-05,2020-01-17,1000.0,SUR,,,,2022-10-10,RUB
EQOB,2020-01-17,ЭБИС Б1P01,RU000A100VY0,20.0,202576.6,102.22,102.38,102.36,102.36,6.99,102.31,13.47,102.37,198.0,,102.34,102.36,0.0,542384.7,0.0,2022-09-27,407.0,13.52,,,,37.4,2021-03-30,2020-01-17,1000.0,SUR,,,,2021-04-02,RUB
EQOB,2020-01-17,Роделен1Р2,RU000A100W29,53.0,1812402.0,100.43,101.2,101.19,101.19,5.59,101.03,11.69,101.13,1794.0,101.03,101.03,101.19,1812402.0,1812402.0,1812402.0,2022-09-16,486.0,11.82,,,,9.86,,2020-01-17,1000.0,SUR,,,,,RUB
EQOB,2020-01-17,СОксБ1P1,RU000A100W52,23.0,195523.9,103.99,104.15,104.14,104.14,6.58,104.0,13.81,104.1,188.0,,104.02,104.14,0.0,500359.0,0.0,2022-09-28,826.0,13.88,,,,37.4,,2020-01-17,1000.0,SUR,,,,,RUB
EQOB,2020-01-17,ЕвропланБ3,RU000A100W60,11.0,52594.6,102.79,103.29,103.29,103.29,25.56,103.13,7.56,102.89,51.0,,103.18,103.29,0.0,2326681.8,0.0,2029-09-20,880.0,7.63,,,,43.88,2022-09-29,2020-01-17,1000.0,SUR,,,,2022-10-04,RUB
EQOB,2020-01-17,ЛСР БО 1Р4,RU000A100WA8,181.0,8563967.7,102.3,102.75,102.59,102.59,3.26,102.56,7.95,102.74,8350.0,102.56,102.56,102.59,8563967.7,8563967.7,8563967.7,2024-09-27,1221.0,7.96,,,,21.19,,2020-01-17,1000.0,SUR,,,,,RUB
TQCB,2020-01-17,МКБ 1P1,RU000A100WC4,9.0,373488.3,103.7,103.88,103.7,103.7,24.02,103.75,6.94,103.88,360.0,103.75,103.75,103.7,5704076.9,3593888.3,5704076.9,2022-09-30,886.0,6.92,,,,41.64,,2020-01-17,1000.0,SUR,,,,,RUB
EQOB,2020-01-17,Новосиб10,RU000A100WF7,4.0,63219.5,102.55,103.7,103.7,103.7,19.8,103.64,6.5,102.55,61.0,,103.07,103.7,0.0,540083.9,0.0,2026-10-08,1387.0,6.52,,,,24.0,,2020-01-17,1000.0,SUR,,,,,RUB
EQOB,2020-01-17,УльтраБ1P1,RU000A100WR2,22.0,470929.0,102.3,102.58,102.58,102.57,36.99,102.38,14.41,102.35,46.0,,102.36,102.57,0.0,624382.0,0.0,2022-09-24,641.0,14.53,,,,123.29,,2020-01-17,10000.0,SUR,,,,,RUB
EQOB,2020-01-17,СберИОС156,RU000A100X36,4.0,3924.0,98.1,98.1,98.1,98.1,,98.1,,98.1,4.0,97.08,97.04,98.1,2121255.8,567655.8,2121255.8,2024-11-07,1756.0,0.0,,,,0.5,,2020-01-17,1000.0,SUR,,,,,RUB
EQOB,2020-01-17,СберИОС159,RU000A100X51,2.0,112360.0,96.0,97.0,97.0,96.86,,96.86,,96.0,116.0,,95.55,96.86,0.0,504506.5,0.0,2021-11-08,661.0,0.0,,,,0.2,,2020-01-17,1000.0,SUR,,,,,RUB
EQOB,2020-01-17,РенСтр1P1,RU000A100X69,62.0,2691902.7,101.7,102.15,102.0,102.0,24.16,101.97,7.88,101.7,2640.0,101.97,101.97,102.0,2691902.7,2691902.7,2691902.7,2022-10-07,585.0,7.9,,,,44.88,2021-10-08,2020-01-17,1000.0,SUR,,,,2021-10-13,RUB
EQOB,2020-01-17,КЕБ БО1Р03,RU000A100X77,87.0,3812629.3,101.6,101.9,101.84,101.81,1.73,101.75,8.5,101.9,3747.0,101.75,101.75,101.81,3812629.3,3812629.3,3812629.3,2022-10-07,892.0,8.54,,,,22.44,,2020-01-17,1000.0,SUR,,,,,RUB
EQOB,2020-01-17,Полюс Б1P1,RU000A100XC2,6.0,34725.6,103.83,105.76,103.83,103.83,19.26,105.23,6.55,105.76,33.0,,104.73,103.83,0.0,526775.0,0.0,2029-10-01,1468.0,6.2,,,,36.9,2024-10-07,2020-01-17,1000.0,SUR,,,,2024-10-10,RUB
EQOB,2020-01-17,МосОбл2019,RU000A100XP4,14.0,922051.4,102.2,102.6,102.55,102.55,0.58,102.45,6.31,102.6,900.0,102.45,102.45,102.55,922051.4,922051.4,922051.4,2024-10-08,1057.0,6.34,,,,17.58,,2020-01-17,1000.0,SUR,,,,,RUB
EQOB,2020-01-17,РЕСОЛизБП7,RU000A100XU4,16.0,484741.6,103.5,103.6,103.57,103.57,21.57,103.58,7.88,103.6,468.0,,103.58,103.57,0.0,587275.6,0.0,2024-10-11,1432.0,7.88,,,,43.13,,2020-01-17,1000.0,SUR,,,,,RUB
EQOB,2020-01-17,ВТБ Б-1-38,RU000A100Y01,26.0,500112.4,100.08,100.8,100.43,100.43,16.7,100.63,6.18,100.08,497.0,100.63,100.63,100.43,500112.4,500112.4,500112.4,2020-10-16,267.0,5.9,,,,33.41,,2020-01-17,1000.0,SUR,,,,,RUB
EQOB,2020-01-17,СУЭК-Ф1P4R,RU000A100Y50,1.0,1072050.0,102.1,102.1,102.1,102.1,17.84,102.01,6.87,102.1,1050.0,102.14,102.1,102.1,1407517.5,1212940.5,1407517.5,2029-10-08,1201.0,6.89,,,,36.9,2023-10-16,2020-01-17,1000.0,SUR,,,,2023-10-19,RUB
EQOB,2020-01-17,ВТБ Б-1-45,RU000A100Y92,19.0,2101226.4,96.5,97.45,97.4,97.4,,96.52,,96.51,2177.0,96.52,96.52,97.4,2101226.4,2101226.4,2101226.4,2020-10-20,277.0,0.0,,,,0.05,,2020-01-17,1000.0,SUR,,,,,RUB
EQOB,2020-01-17,СберИОС160,RU000A100YB2,35.0,2368067.9,92.61,97.85,94.95,94.65,,97.53,,97.85,2428.0,97.53,97.53,94.65,2368067.9,2368067.9,2368067.9,2024-11-07,1756.0,0.0,,,,0.5,,2020-01-17,1000.0,SUR,,,,,RUB
EQOB,2020-01-17,НафттрнБО2,RU000A100YD8,67.0,2458246.0,99.55,100.03,100.0,100.02,92.6,99.93,13.8,99.69,246.0,99.93,99.93,100.02,2458246.0,2458246.0,2458246.0,2024-09-26,34.0,14.66,,,,106.85,2020-02-20,2020-01-17,10000.0,SUR,,,,,RUB
EQOB,2020-01-17,ТрансКо1P1,RU000A100YE6,5.0,50984713.0,101.9,102.45,102.05,102.05,17.2,101.9,6.81,101.9,50034.0,101.9,101.9,102.05,51103731.0,50999993.0,51103731.0,2024-10-16,1272.0,6.86,,,,36.4,,2020-01-17,1000.0,SUR,,,,,RUB
EQOB,2020-01-17,Самолет1P7,RU000A100YG1,300.0,38815030.8,103.86,104.5,104.3,104.3,28.27,104.39,10.59,104.44,37183.0,104.39,104.39,104.3,38815030.8,38815030.8,38815030.8,2022-10-19,852.0,10.55,,,,29.92,,2020-01-17,1000.0,SUR,,,,,RUB
EQOB,2020-01-17,КАМАЗ БОП5,RU000A100YK3,30.0,1217060.5,101.4,101.87,101.87,101.87,18.26,101.59,7.04,101.87,1198.0,101.59,101.59,101.87,1217060.5,1217060.5,1217060.5,2022-10-19,765.0,7.18,,,,19.32,,2020-01-17,1000.0,SUR,,,,,RUB
EQOB,2020-01-17,Шевченк1Р1,RU000A100YP2,134.0,2024460.4,101.11,101.9,101.89,101.9,31.44,101.68,13.29,101.18,1991.0,101.68,101.68,101.9,2024460.4,2024460.4,2024460.4,2022-10-20,833.0,13.39,,,,33.66,,2020-01-17,1000.0,SUR,,,,,RUB
EQOB,2020-01-17,Роснфт2P9,RU000A100YQ0,5.0,115403.1,102.95,103.05,103.05,103.05,16.53,103.04,6.43,102.95,112.0,,102.86,103.05,0.0,510166.1,0.0,2029-10-11,1336.0,6.43,,,,17.7,2024-04-18,2020-01-17,1000.0,SUR,,,,2024-04-23,RUB
EQOB,2020-01-17,iРОСНАН2P3,RU000A100YR8,71.0,9719037.6,100.34,102.35,102.35,102.35,17.93,102.33,6.86,102.0,9498.0,102.33,102.33,102.35,9719037.6,9719037.6,9719037.6,2022-10-20,912.0,6.87,,,,38.39,,2020-01-17,1000.0,SUR,,,,,RUB
EQOB,2020-01-17,Экспоб Б02,RU000A100YT4,88.0,4101367.6,100.1,100.27,100.23,100.23,20.14,100.16,8.71,100.27,4095.0,100.16,100.16,100.23,4101367.6,4101367.6,4101367.6,2022-11-02,272.0,8.81,,,,22.05,2020-10-27,2020-01-17,1000.0,SUR,,,,2020-10-30,RUB
EQOB,2020-01-17,Акрон Б1P3,RU000A100YU2,6.0,16661869.0,102.1,102.4,102.2,102.2,16.68,102.18,6.59,102.4,16303.0,102.13,102.13,102.2,26790469.0,26786389.0,26790469.0,2023-04-21,1066.0,6.6,,,,36.15,,2020-01-17,1000.0,SUR,,,,,RUB
EQOB,2020-01-17,ТойотаБ1P3,RU000A100YW8,24.0,570080.0,101.8,101.8,101.8,101.8,16.57,101.8,6.58,101.8,560.0,101.8,101.8,101.8,570080.0,570080.0,570080.0,2022-10-27,924.0,6.58,,,,36.1,,2020-01-17,1000.0,SUR,,,,,RUB
EQOB,2020-01-17,ДрктЛиз1P4,RU000A100Z00,14.0,246894.0,101.0,101.55,101.2,101.2,28.49,101.19,13.08,101.15,244.0,,101.27,101.2,0.0,504343.4,0.0,2022-10-25,843.0,13.08,,,,32.41,,2020-01-17,1000.0,SUR,,,,,RUB
EQOB,2020-01-17,СберИОС164,RU000A100Z59,3.0,22861.2,99.08,101.1,99.08,99.4,,99.4,,101.1,23.0,,100.54,99.4,0.0,613267.2,0.0,2023-05-29,1228.0,0.0,,,,0.35,,2020-01-17,1000.0,SUR,,,,,RUB
EQOB,2020-01-17,СберИОС139,RU000A100Z75,1.0,50000.0,100.0,100.0,100.0,100.0,,100.0,,100.0,50.0,98.06,97.92,100.0,11425529.0,7002560.0,11425529.0,2024-11-29,1778.0,0.0,,,,0.5,,2020-01-17,1000.0,SUR,,,,,RUB
EQOB,2020-01-17,ГТЛК 1P-15,RU000A100Z91,100.0,136670837.1,101.29,101.84,101.7,101.7,16.85,101.6,7.36,101.45,134510.0,101.61,101.61,101.7,136670837.1,136670837.1,136670837.1,2025-10-21,1171.0,7.39,,,,19.17,,2020-01-17,1000.0,SUR,,,,,RUB
EQOB,2020-01-17,МТС 1P-12,RU000A100ZK0,15.0,14364321.2,101.05,101.33,101.24,101.24,14.64,101.24,6.64,101.33,14188.0,101.24,101.24,101.24,14364321.2,14364321.2,14364321.2,2023-10-26,1210.0,6.64,,,,17.08,,2020-01-17,1000.0,SUR,,,,,RUB
EQOB,2020-01-17,ЛСР БО 1Р5,RU000A100ZL8,133.0,8007261.2,102.03,102.35,102.2,102.2,17.95,102.12,7.98,102.28,7841.0,102.12,102.12,102.2,8007261.2,8007261.2,8007261.2,2024-10-24,1224.0,8.0,,,,20.94,,2020-01-17,1000.0,SUR,,,,,RUB
EQOB,2020-01-17,СберИОС165,RU000A100ZP9,2.0,49000.0,98.0,98.0,98.0,98.0,,98.0,,98.0,50.0,,96.88,98.0,0.0,517344.3,0.0,2021-12-02,685.0,0.0,,,,0.2,,2020-01-17,1000.0,SUR,,,,,RUB
EQOB,2020-01-17,Магнит3Р04,RU000A100ZS3,4.0,65926.2,101.4,101.5,101.5,101.5,13.8,101.42,6.28,101.4,65.0,,100.64,101.5,0.0,773891.9,0.0,2022-05-03,779.0,6.32,,,,34.41,,2020-01-17,1000.0,SUR,,,,,RUB
EQOB,2020-01-17,Систем1P12,RU000A101012,56.0,3570452.9,102.11,102.95,102.29,102.3,15.7,102.51,7.4,102.95,3483.0,102.51,102.51,102.3,3570452.9,3570452.9,3570452.9,2029-10-23,1472.0,7.35,,,,39.14,2024-10-29,2020-01-17,1000.0,SUR,,,,2024-11-01,RUB
TQOB,2020-01-17,КОБР-27,RU000A101061,7.0,539947797.0,99.99,100.001,99.99,99.99,11.52,99.99,6.32,100.001,540000.0,99.996,99.996,99.99,865144341.0,859443771.0,865144341.0,2020-02-12,26.0,6.32,,,,15.96,2020-02-12,2020-01-17,1000.0,SUR,,,,,RUB
EQOB,2020-01-17,ТрнфБО1P13,RU000A1010B7,8.0,527643.7,100.55,100.89,100.89,100.89,13.14,100.89,6.8,100.85,523.0,100.88,100.88,100.89,5474704.5,538725.2,5474704.5,2026-10-30,2000.0,6.8,,,,34.16,,2020-01-17,1000.0,SUR,,,,,RUB
EQOB,2020-01-17,Якут-13 об,RU000A1010D3,4.0,5091.7,101.01,102.39,102.39,102.39,12.76,101.83,6.52,102.38,5.0,102.0,102.0,102.39,20499876.0,17749045.0,20499876.0,2026-11-02,1487.0,6.66,,,,17.33,,2020-01-17,1000.0,SUR,,,,,RUB
EQOB,2020-01-17,РЖД 1Р-17R,RU000A1010M4,17.0,554566.1,100.21,102.29,100.21,100.24,12.39,100.28,6.82,102.25,553.0,100.28,100.28,100.24,554566.1,554566.1,554566.1,2025-11-03,1766.0,6.8,,,,33.66,,2020-01-17,1000.0,SUR,,,,,RUB
EQOB,2020-01-17,СберИОС170,RU000A1010Z6,28.0,2735166.7,99.21,100.55,99.21,100.45,,100.26,,99.79,2728.0,100.26,100.26,100.45,2735166.7,2735166.7,2735166.7,2020-11-19,307.0,0.0,,,,0.1,,2020-01-17,1000.0,SUR,,,,,RUB
EQOB,2020-01-17,Газпнф3P1R,RU000A101137,25.0,15175019.5,100.7,101.17,101.1,101.1,12.39,101.1,6.75,100.7,15010.0,101.1,101.1,101.1,15175019.5,15175019.5,15175019.5,2024-11-05,1493.0,6.75,,,,17.08,,2020-01-17,1000.0,SUR,,,,,RUB
EQOB,2020-01-17,МКБ П07,RU000A101160,4.0,729172.5,99.75,99.75,99.75,99.75,5.34,99.75,3.09,99.75,731.0,99.76,99.75,99.75,3069692.5,1190017.5,3069692.5,2022-11-13,999.0,3.09,,,,30.08,,2020-01-17,1000.0,SUR,,,,,RUB
EQOB,2020-01-17,АПРИФП БП3,RU000A101178,83.0,1916421.4,100.83,101.27,101.1,101.1,24.99,101.02,14.43,101.0,1897.0,101.02,101.02,101.1,1916421.4,1916421.4,1916421.4,2022-11-10,750.0,14.47,,,,35.53,,2020-01-17,1000.0,SUR,,,,,RUB
EQOB,2020-01-17,Лента Б1P3,RU000A1011A7,4.0,50130010.4,100.2,100.25,100.25,100.25,11.92,100.25,6.81,100.24,50005.0,100.21,100.23,100.25,176673260.7,75465720.1,176673260.7,2029-11-01,942.0,6.81,,,,33.91,2022-11-10,2020-01-17,1000.0,SUR,,,,2022-11-15,RUB
EQOB,2020-01-17,КраснодКр3,RU000A1011B5,3.0,38760.0,102.0,102.0,102.0,102.0,12.19,102.0,6.7,102.0,38.0,101.65,101.65,102.0,661873300.1,56541886.5,661873300.1,2026-11-12,1767.0,6.7,,,,17.33,,2020-01-17,1000.0,SUR,,,,,RUB
EQOB,2020-01-17,РУСАБрБ1P4,RU000A1011C3,15.0,133724.4,101.06,101.39,101.25,101.25,13.06,101.31,7.14,101.06,132.0,,101.26,101.25,0.0,503286.9,0.0,2029-11-01,926.0,7.11,,,,18.57,2022-11-10,2020-01-17,1000.0,SUR,,,,2022-11-14,RUB
EQOB,2020-01-17,СберИОС167,RU000A1011E9,2.0,1964.2,97.92,98.5,97.92,97.92,,98.21,,98.5,2.0,,,97.92,0.0,0.0,0.0,2020-12-04,322.0,0.0,,,,0.1,,2020-01-17,1000.0,SUR,,,,,RUB
EQOB,2020-01-17,СберИОС171,RU000A1011F6,6.0,63073.5,94.1,94.75,94.1,94.1,,94.14,,94.75,67.0,,93.63,94.1,0.0,956862.9,0.0,2024-12-05,1784.0,0.0,,,,0.5,,2020-01-17,1000.0,SUR,,,,,RUB
EQOB,2020-01-17,СберИОС172,RU000A1011H2,4.0,4920.1,97.01,99.0,97.01,97.51,,98.4,,99.0,5.0,,97.71,97.51,0.0,500284.6,0.0,2024-12-05,1784.0,0.0,,,,0.5,,2020-01-17,1000.0,SUR,,,,,RUB
EQOB,2020-01-17,РСХБ БО10Р,RU000A1011R1,10.0,2107346.4,101.45,101.51,101.45,101.45,12.08,101.51,6.67,101.51,2076.0,101.51,101.51,101.45,2107346.4,2107346.4,2107346.4,2023-11-10,1234.0,6.65,,,,34.9,,2020-01-17,1000.0,SUR,,,,,RUB
EQOB,2020-01-17,ФПК 1P-07,RU000A1012B3,2.0,202300.0,101.15,101.15,101.15,101.15,11.34,101.15,6.77,101.15,200.0,100.95,100.95,101.15,127386917.9,126443197.0,127386917.9,2029-11-05,1768.0,6.77,,,,34.41,2025-11-10,2020-01-17,1000.0,SUR,,,,2025-11-13,RUB
EQOB,2020-01-17,СЭЗ 1P1,RU000A1012K4,65.0,781532.0,105.02,105.99,105.58,105.58,20.21,105.47,10.43,105.7,741.0,105.47,105.47,105.58,781532.0,781532.0,781532.0,2022-11-15,889.0,10.47,,,,62.33,,2020-01-17,1000.0,SUR,,,,,RUB
EQOB,2020-01-17,ВТБ Б-1-41,RU000A1012L2,35.0,706970.4,99.85,100.28,100.14,100.19,10.18,100.14,6.21,99.93,706.0,100.14,100.14,100.19,706970.4,706970.4,706970.4,2020-11-17,299.0,6.21,,,,31.41,,2020-01-17,1000.0,SUR,,,,,RUB
EQOB,2020-01-17,Сбер Sb14R,RU000A1012R9,3.0,4031.0,100.7,100.9,100.8,100.8,9.82,100.78,6.02,100.7,4.0,100.87,100.87,100.8,537627.3,533593.3,537627.3,2021-11-19,639.0,6.03,,,,31.91,,2020-01-17,1000.0,SUR,,,,,RUB
EQOB,2020-01-17,ГПБ001P14P,RU000A101350,9.0,7835892.0,100.85,100.9,100.9,100.9,10.59,100.9,6.79,100.9,7766.0,100.85,100.9,100.9,15429145.0,7841940.0,15429145.0,2024-11-22,1521.0,6.79,,,,34.41,,2020-01-17,1000.0,SUR,,,,,RUB
EQOB,2020-01-17,ИСпетр1P1,RU000A1013C9,59.0,482614.5,101.5,101.89,101.89,101.89,8.44,101.82,14.12,101.55,474.0,,101.82,101.89,0.0,518241.0,0.0,2024-12-28,959.0,14.15,,,,11.89,,2020-01-17,1000.0,SUR,,,,,RUB
EQOB,2020-01-17,СберИОС178,RU000A1013E5,7.0,23615.8,96.7,98.73,96.76,96.76,,99.66,,98.73,24.0,96.83,96.83,96.76,664238.8,664238.8,664238.8,2021-12-23,706.0,0.0,,,,0.2,,2020-01-17,1000.0,SUR,,,,,RUB
EQOB,2020-01-17,СберИОС177,RU000A1013J4,49.0,3273420.2,96.34,100.81,98.3,98.29,,99.44,,98.4,3292.0,99.44,99.44,98.29,3273420.2,3273420.2,3273420.2,2023-06-23,1253.0,0.0,,,,0.35,,2020-01-17,1000.0,SUR,,,,,RUB
EQOB,2020-01-17,ПионЛизБП3,RU000A1013N6,112.0,3056503.2,99.95,100.1,100.1,100.01,7.53,99.98,11.93,100.0,3057.0,99.98,99.98,100.01,3056503.2,3056503.2,3056503.2,2029-10-04,38.0,13.23,,,,10.27,2020-02-24,2020-01-17,1000.0,SUR,,,,2020-03-02,RUB
EQOB,2020-01-17,ВЭБ1P-18,RU000A1013P1,27.0,33510639.0,101.8,101.9,101.9,101.9,10.36,101.81,7.03,101.8,32903.0,101.85,101.85,101.9,33510639.0,33510639.0,33510639.0,2026-11-17,1996.0,7.05,,,,36.25,,2020-01-17,1000.0,SUR,,,,,RUB
EQOB,2020-01-17,ЛипецкОб11,RU000A1013T3,1.0,3045.0,101.5,101.5,101.5,101.5,9.04,101.5,6.15,101.5,3.0,,,101.5,0.0,0.0,0.0,2024-11-21,934.0,6.15,,,,16.45,,2020-01-17,1000.0,SUR,,,,,RUB
EQOB,2020-01-17,Славнеф1Р3,RU000A1013U1,4.0,301811077.0,100.6,100.7,100.7,100.7,9.18,100.6,6.58,100.7,300011.0,100.6,100.6,100.7,304748428.0,304656805.9,304748428.0,2029-11-15,949.0,6.62,,,,16.7,2022-11-24,2020-01-17,1000.0,SUR,,,,2022-11-29,RUB
EQOB,2020-01-17,ЧеркизБ1P2,RU000A1013Y3,50.0,2777089.6,101.3,101.5,101.4,101.4,10.27,101.39,7.21,101.49,2739.0,101.39,101.39,101.4,2777089.6,2777089.6,2777089.6,2023-05-25,1084.0,7.22,,,,18.7,,2020-01-17,1000.0,SUR,,,,,RUB
EQOB,2020-01-17,СберИОС180,RU000A101400,3.0,10098.0,100.98,100.98,100.98,100.98,,100.98,,100.98,10.0,96.85,96.84,100.98,1373360.7,1369321.0,1373360.7,2024-12-26,1805.0,0.0,,,,0.5,,2020-01-17,1000.0,SUR,,,,,RUB
EQOB,2020-01-17,БДеньги1Р1,RU000A101483,75.0,3719298.1,102.88,103.29,103.1,103.1,6.58,103.0,15.17,102.88,3611.0,103.0,103.0,103.1,3719298.1,3719298.1,3719298.1,2022-11-17,629.0,15.24,,,,13.15,,2020-01-17,1000.0,SUR,,,,,RUB
EQOB,2020-01-17,ВТБ Б-1-47,RU000A101491,19.0,224255.8,95.55,100.0,98.02,98.02,0.01,99.67,0.71,99.45,225.0,,97.16,98.02,0.0,640287.7,0.0,2022-11-29,1047.0,0.13,,,,0.05,,2020-01-17,1000.0,SUR,,,,,RUB
EQOB,2020-01-17,ЭБИС Б1P02,RU000A1014A1,16.0,309868.4,101.46,101.71,101.71,101.7,17.26,101.6,13.94,101.46,305.0,,101.53,101.7,0.0,526945.2,0.0,2022-11-29,867.0,13.99,,,,34.9,,2020-01-17,1000.0,SUR,,,,,RUB
EQOB,2020-01-17,О'КЕЙ Б1Р3,RU000A1014B9,152.0,11212782.5,99.88,100.0,99.9,99.9,9.68,99.93,8.11,100.0,11221.0,99.93,99.93,99.9,11212782.5,11212782.5,11212782.5,2024-11-26,1249.0,8.1,,,,19.57,,2020-01-17,1000.0,SUR,,,,,RUB
EQOB,2020-01-17,МКБ 1P2,RU000A1014H6,21.0,648764.1,101.5,101.6,101.5,101.5,9.55,101.53,6.99,101.6,639.0,101.53,101.53,101.5,648764.1,648764.1,648764.1,2021-11-30,644.0,6.98,,,,38.64,,2020-01-17,1000.0,SUR,,,,,RUB
EQOB,2020-01-17,КарМаниБ03,RU000A1014P9,56.0,526465.3,103.72,103.96,103.8,103.8,5.34,103.84,13.58,103.84,507.0,103.84,103.84,103.8,526465.3,526465.3,526465.3,2022-12-24,628.0,13.56,,,,12.74,,2020-01-17,1000.0,SUR,,,,,RUB
TQOB,2020-01-17,КОБР-28,RU000A1014Q7,2.0,39004800.0,100.01,100.02,100.01,100.01,6.53,100.012,6.11,100.02,39000.0,100.003,100.003,100.01,123504314.0,123504314.0,123504314.0,2020-03-11,54.0,6.1,,,,15.75,2020-03-11,2020-01-17,1000.0,SUR,,,,,RUB
EQOB,2020-01-17,Новотр 1Р1,RU000A1014S3,270.0,49934764.0,101.03,101.2,101.15,101.15,10.55,101.09,8.68,101.2,49395.0,101.09,101.09,101.15,49934764.0,49934764.0,49934764.0,2024-11-27,1231.0,8.69,,,,21.82,,2020-01-17,1000.0,SUR,,,,,RUB
EQOB,2020-01-17,Л&Д БП1,RU000A1014V7,66.0,6115532.0,99.9,100.35,100.11,100.11,49.86,100.09,13.36,100.35,611.0,100.09,100.09,100.11,6115532.0,6115532.0,6115532.0,2023-11-13,104.0,13.44,,,,106.85,2020-05-02,2020-01-17,10000.0,SUR,,,,,RUB
EQOB,2020-01-17,Ростел2P1R,RU000A101541,7.0,140726.5,101.15,101.25,101.15,101.15,8.07,101.24,6.72,101.25,139.0,,101.0,101.15,0.0,50656943.5,0.0,2025-11-27,1787.0,6.7,,,,34.16,,2020-01-17,1000.0,SUR,,,,,RUB
EQOB,2020-01-17,СберИОС183,RU000A101558,2.0,143856.0,99.9,99.9,99.9,99.9,,99.9,,99.9,144.0,,,99.9,0.0,0.0,0.0,2020-06-29,164.0,0.0,,,,0.05,,2020-01-17,1000.0,SUR,,,,,RUB
EQOB,2020-01-17,ДОМ 1P-7R,RU000A101590,1.0,3015.0,100.5,100.5,100.5,100.5,7.42,100.5,6.25,100.5,3.0,,,100.5,0.0,0.0,0.0,2039-11-11,653.0,6.25,,,,32.16,2021-12-03,2020-01-17,1000.0,SUR,,,,2021-12-08,RUB
EQOB,2020-01-17,ДетМир БО5,RU000A1015A8,58.0,6127154.2,100.55,101.8,100.95,100.95,7.55,100.94,7.0,101.0,6070.0,100.94,100.94,100.95,6127154.2,6127154.2,6127154.2,2026-12-01,964.0,7.0,,,,36.15,2022-12-06,2020-01-17,1000.0,SUR,,,,2022-12-08,RUB
EQOB,2020-01-17,СберИОС185,RU000A1015B6,1.0,20000.0,100.0,100.0,100.0,100.0,,100.0,,100.0,20.0,,100.83,100.0,0.0,520284.7,0.0,2020-06-24,159.0,0.0,,,,15.04,,2020-01-17,1000.0,SUR,,,,,RUB
EQOB,2020-01-17,БелугаБП3,RU000A1015E0,14.0,375800.4,103.5,103.58,103.58,103.58,8.59,103.53,7.36,103.5,363.0,,103.58,103.58,0.0,572799.9,0.0,2024-12-03,1297.0,7.37,,,,41.14,,2020-01-17,1000.0,SUR,,,,,RUB
EQOB,2020-01-17,ОбувьРо1Р2,RU000A1015P6,376.0,9708978.6,103.5,103.81,103.78,103.75,2.3,103.74,11.3,103.6,9359.0,103.74,103.74,103.75,9708978.6,9708978.6,9708978.6,2024-11-14,1099.0,11.31,,,,9.86,,2020-01-17,1000.0,SUR,,,,,RUB
EQOB,2020-01-17,ЭТС 1Р01,RU000A1015S0,14.0,154317.5,102.7,103.6,103.6,103.45,12.16,102.88,10.52,102.71,150.0,,102.9,103.45,0.0,559771.5,0.0,2022-12-07,704.0,10.92,,,,29.92,,2020-01-17,1000.0,SUR,,,,,RUB
EQOB,2020-01-17,Труд 1P-01,RU000A101624,11.0,144406.5,106.71,106.99,106.99,106.99,11.99,106.97,10.06,106.99,135.0,,106.92,106.99,0.0,565602.7,0.0,2022-12-09,899.0,10.06,,,,31.16,,2020-01-17,1000.0,SUR,,,,,RUB
EQOB,2020-01-17,Пионер 1P4,RU000A1016F5,124.0,11681549.8,101.38,101.48,101.4,101.4,9.21,101.4,10.37,101.42,11520.0,101.4,101.4,101.4,11681549.8,11681549.8,11681549.8,2023-12-11,1019.0,10.37,,,,26.18,,2020-01-17,1000.0,SUR,,,,,RUB
EQOB,2020-01-17,ЗЕНИТБО1Р5,RU000A1016K5,2.0,1600665.8,101.0,101.18,101.0,101.0,6.71,101.18,7.2,101.18,1582.0,101.09,101.09,101.0,2111725.2,2111725.2,2111725.2,2022-12-12,657.0,7.1,,,,38.15,2021-12-13,2020-01-17,1000.0,SUR,,,,2021-12-16,RUB
EQOB,2020-01-17,СвердлОбл6,RU000A1016N9,6.0,2051394.0,100.8,103.9,100.8,100.8,5.69,100.81,6.68,103.9,2035.0,100.8,100.79,100.8,2517919.5,2452178.5,2517919.5,2026-12-15,1653.0,6.68,,,,16.7,,2020-01-17,1000.0,SUR,,,,,RUB
EQOB,2020-01-17,ГарИнв1P06,RU000A1016U4,116.0,8611778.9,99.6,100.0,99.91,99.91,9.77,99.99,12.04,100.0,8627.0,99.82,99.82,99.91,8611778.9,8611778.9,8611778.9,2022-12-13,908.0,12.01,,,,28.67,,2020-01-17,1000.0,SUR,,,,,RUB
EQOB,2020-01-17,МКБ П09,RU000A1016X8,14.0,1250452.0,99.4,99.4,99.4,99.4,1.23,99.4,1.76,99.4,1258.0,99.4,99.4,99.4,1250452.0,1250452.0,1250452.0,2022-12-19,1050.0,1.76,,,,15.54,,2020-01-17,1000.0,SUR,,,,,RUB
EQOB,2020-01-17,МКБ П08,RU000A1016Y6,14.0,1251180.0,99.3,99.3,99.3,99.3,2.03,99.3,2.8,99.3,1260.0,99.3,99.3,99.3,1251180.0,1251180.0,1251180.0,2022-12-19,1040.0,2.8,,,,25.57,,2020-01-17,1000.0,SUR,,,,,RUB
EQOB,2020-01-17,ПИК К 1P2,RU000A1016Z3,1448.0,33480198.6,101.11,101.5,101.45,101.45,6.78,101.23,8.07,101.5,33073.0,101.23,101.23,101.45,33480198.6,33480198.6,33480198.6,2024-12-11,1290.0,8.14,,,,20.57,,2020-01-17,1000.0,SUR,,,,,RUB
EQOB,2020-01-17,ГПБ002P-13,RU000A101731,1.0,419000.0,100.0,100.0,100.0,100.0,,100.0,,100.0,419.0,,100.0,100.0,0.0,2313000.0,0.0,2021-12-25,708.0,0.0,,,,0.2,,2020-01-17,1000.0,SUR,,,,,RUB
EQOB,2020-01-17,Автодор2Р5,RU000A1017H9,15.0,67922293.0,101.0,101.29,101.29,101.29,4.51,101.15,6.74,101.1,67149.0,101.15,101.15,101.29,67922293.0,67922293.0,67922293.0,2029-12-12,932.0,6.8,,,,35.65,2022-12-21,2020-01-17,1000.0,SUR,,,,2022-12-26,RUB
EQOB,2020-01-17,Газпнф3P2R,RU000A1017J5,23.0,7033030.2,102.8,103.42,102.9,102.9,5.48,102.95,6.92,103.42,6828.0,103.0,103.0,102.9,7033030.2,7033030.2,7033030.2,2029-12-07,2622.0,6.91,,,,17.83,,2020-01-17,1000.0,SUR,,,,,RUB
EQOB,2020-01-17,ВТБ Б-1-48,RU000A1017Y4,79.0,4245242.2,99.99,100.17,100.08,100.08,4.64,100.05,6.04,100.13,4243.0,100.05,100.05,100.08,4245242.2,4245242.2,4245242.2,2020-12-18,331.0,6.08,,,,30.17,,2020-01-17,1000.0,SUR,,,,,RUB
EQOB,2020-01-17,ТомскАдм 7,RU000A1018A2,1.0,2070.0,103.5,103.5,103.5,103.5,4.85,103.5,6.35,103.5,2.0,103.88,103.88,103.5,602529.0,581753.2,602529.0,2024-12-22,1092.0,6.35,,,,14.74,,2020-01-17,1000.0,SUR,,,,,RUB
EQOB,2020-01-17,ТрансмхПБ4,RU000A1018C8,6.0,15046853.0,100.48,100.5,100.5,100.5,4.76,100.38,6.94,100.49,14972.0,100.5,100.5,100.5,15144324.2,15123221.8,15144324.2,2024-12-16,1544.0,6.97,,,,34.65,,2020-01-17,1000.0,SUR,,,,,RUB
EQOB,2020-01-17,СолЛизБО06,RU000A1018D6,22.0,295037.2,100.0,100.25,100.17,100.17,8.55,100.01,13.57,100.25,295.0,,100.0,100.17,0.0,1295037.2,0.0,2022-12-20,898.0,13.64,,,,32.41,,2020-01-17,1000.0,SUR,,,,,RUB
EQOB,2020-01-17,РоялКапБО3,RU000A1018F1,10.0,158132.5,101.71,102.2,102.19,102.19,9.21,102.02,13.31,101.95,155.0,,101.93,102.19,0.0,500469.8,0.0,2021-12-21,625.0,13.42,,,,34.9,,2020-01-17,1000.0,SUR,,,,,RUB
EQOB,2020-01-17,Татнфт1P1,RU000A1018K1,31.0,927809.9,100.51,100.7,100.69,100.69,4.24,100.6,6.33,100.6,922.0,100.63,100.63,100.69,927809.9,927809.9,927809.9,2022-12-20,978.0,6.37,,,,16.08,,2020-01-17,1000.0,SUR,,,,,RUB
EQOB,2020-01-17,ЗавдКЭС1P1,RU000A1018L9,65.0,843844.3,101.67,101.99,101.84,101.7,9.86,101.79,13.5,101.99,829.0,101.79,101.79,101.7,843844.3,843844.3,843844.3,2022-12-20,321.0,13.56,,,,37.4,2020-12-22,2020-01-17,1000.0,SUR,,,,,RUB
EQOB,2020-01-17,СОПФ ФПФ 1,RU000A1018M7,2.0,7014.0,100.2,100.2,100.2,100.2,0.37,100.2,6.98,100.2,7.0,,100.19,100.2,0.0,514993.0,0.0,2026-12-25,2038.0,6.98,,,,17.05,,2020-01-17,1000.0,SUR,,,,2026-12-25,RUB
EQOB,2020-01-17,ЭНКО 1P01,RU000A1018U0,11.0,89174.0,100.16,100.2,100.2,100.2,7.23,100.2,12.32,100.2,89.0,,100.43,100.2,0.0,513172.5,0.0,2021-12-23,361.0,12.32,,,,29.92,,2020-01-17,1000.0,SUR,,,,,RUB
EQOB,2020-01-17,Магнит3Р05,RU000A1018X4,9.0,377128.0,100.3,100.3,100.3,100.3,3.98,100.3,6.59,100.3,376.0,100.2,100.3,100.3,254491944.5,913733.0,254491944.5,2022-12-22,987.0,6.59,,,,32.91,,2020-01-17,1000.0,SUR,,,,,RUB
EQOB,2020-01-17,МТС 1P-13,RU000A101939,45.0,57606167.7,100.15,100.2,100.19,100.19,3.89,100.16,6.53,100.2,57517.0,100.16,100.16,100.19,57606167.7,57606167.7,57606167.7,2022-12-22,980.0,6.54,,,,16.08,,2020-01-17,1000.0,SUR,,,,,RUB
EQOB,2020-01-17,СибКХП 1P1,RU000A101947,131.0,5153240.1,99.99,100.07,100.06,100.05,6.33,100.02,11.08,100.06,5152.0,100.02,100.02,100.05,5153240.1,5153240.1,5153240.1,2024-12-20,70.0,11.31,,,,27.42,2020-03-27,2020-01-17,1000.0,SUR,,,,,RUB
EQOB,2020-01-17,ВсИнстрБО2,RU000A101970,105.0,1037954.8,101.41,101.89,101.73,101.73,6.62,101.66,10.92,101.89,1021.0,101.66,101.66,101.73,1037954.8,1037954.8,1037954.8,2022-12-23,640.0,10.96,,,,28.67,2021-12-24,2020-01-17,1000.0,SUR,,,,2021-12-29,RUB
EQOB,2020-01-17,МосОб34013,RU000A101988,1.0,10270.0,102.7,102.7,102.7,102.7,3.77,102.7,5.92,102.7,10.0,100.82,100.82,102.7,7433252.6,7325503.6,7433252.6,2024-12-20,1298.0,5.92,,,,16.33,,2020-01-17,1000.0,SUR,,,,,RUB
TQOB,2020-01-17,КОБР-29,RU000A1019L7,1.0,500100000.0,100.02,100.02,100.02,100.02,0.51,100.02,6.14,100.02,500000.0,,,100.02,0.0,0.0,0.0,2020-04-15,89.0,6.14,,,,15.71,2020-04-15,2020-01-17,1000.0,SUR,,,,,RUB
TQOB,2020-01-17,ОФЗ 24020,SU24020RMFS8,62.0,2468303.3,100.42,100.999,100.5,100.5,13.69,100.46,,100.999,2457.0,100.46,100.46,100.5,2468303.3,2468303.3,2468303.3,2022-07-27,,0.0,,,,,,2020-01-17,1000.0,SUR,,,,,RUB
TQOB,2020-01-17,ОФЗ 25083,SU25083RMFS5,1742.0,89911981.88,102.4,102.85,102.672,102.672,5.75,102.679,5.57,102.711,87566.0,102.679,102.679,102.672,89911981.88,89911981.88,89911981.88,2021-12-15,663.0,5.57,,,7.0,34.9,,2020-01-17,1000.0,SUR,,,,,RUB
TQOB,2020-01-17,ОФЗ 26205,SU26205RMFS3,503.0,85422941.7,102.501,102.727,102.725,102.725,19.37,102.695,5.35,102.701,83182.0,102.694,102.694,102.725,85422941.7,85422941.7,85422941.7,2021-04-14,434.0,5.37,,,7.6,37.9,,2020-01-17,1000.0,SUR,,,,,RUB
TQOB,2020-01-17,ОФЗ 26207,SU26207RMFS9,198.0,14711948.13,112.0,112.66,112.658,112.532,34.83,112.593,6.01,112.304,13084.0,112.442,112.442,112.532,14711948.13,14711948.13,14711948.13,2027-02-03,1984.0,6.02,,,8.15,40.64,,2020-01-17,1000.0,SUR,,,,,RUB
TQOB,2020-01-17,ОФЗ 26209,SU26209RMFS5,2317.0,119454326.17,104.74,105.013,104.799,104.799,36.86,104.84,5.59,104.897,113940.0,104.84,104.84,104.799,119454326.17,119454326.17,119454326.17,2022-07-20,823.0,5.58,,,7.6,37.9,,2020-01-17,1000.0,SUR,,,,,RUB
TQOB,2020-01-17,ОФЗ 26211,SU26211RMFS1,225.0,122313337.14,103.709,104.295,103.96,103.96,32.6,103.931,5.63,103.709,117713.0,103.908,103.908,103.96,122313337.14,122313337.14,122313337.14,2023-01-25,985.0,5.64,,,7.0,34.9,,2020-01-17,1000.0,SUR,,,,,RUB
TQOB,2020-01-17,ОФЗ 26212,SU26212RMFS9,118.0,4913588.86,106.324,106.695,106.669,106.609,32.83,106.601,6.08,106.693,4607.0,106.655,106.655,106.609,4913588.86,4913588.86,4913588.86,2028-01-19,2238.0,6.09,,,7.05,35.15,,2020-01-17,1000.0,SUR,,,,,RUB
TQOB,2020-01-17,ОФЗ 26214,SU26214RMFS5,788.0,276595766.31,100.327,100.395,100.37,100.37,8.94,100.372,5.37,100.327,275570.0,100.372,100.372,100.37,276595766.31,276595766.31,276595766.31,2020-05-27,131.0,5.36,,,6.4,31.91,,2020-01-17,1000.0,SUR,,,,,RUB
TQOB,2020-01-17,ОФЗ 26215,SU26215RMFS2,379.0,139474087.92,104.121,104.68,104.498,104.498,28.57,104.454,5.67,104.68,133532.0,104.45,104.45,104.498,139474087.92,139474087.92,139474087.92,2023-08-16,1151.0,5.68,,,7.0,34.9,,2020-01-17,1000.0,SUR,,,,,RUB
TQOB,2020-01-17,ОФЗ 26217,SU26217RMFS8,434.0,1493290947.51,102.943,102.999,102.98,102.98,30.62,102.959,5.57,102.999,1450372.0,102.959,102.959,102.98,1493290947.51,1493290947.51,1493290947.51,2021-08-18,541.0,5.59,,,7.5,37.4,,2020-01-17,1000.0,SUR,,,,,RUB
TQOB,2020-01-17,ОФЗ 26218,SU26218RMFS6,147.0,33383802.5,118.709,119.9,119.887,119.887,24.92,119.659,6.18,118.71,27897.0,119.668,119.668,119.887,33383802.5,33383802.5,33383802.5,2031-09-17,2862.0,6.21,,,8.5,42.38,,2020-01-17,1000.0,SUR,,,,,RUB
TQOB,2020-01-17,ОФЗ 26219,SU26219RMFS4,451.0,7791925.09,109.601,109.994,109.97,109.97,24.2,109.931,6.0,109.917,7088.0,109.931,109.931,109.97,7791925.09,7791925.09,7791925.09,2026-09-16,1930.0,6.01,,,7.75,38.64,,2020-01-17,1000.0,SUR,,,,,RUB
TQOB,2020-01-17,ОФЗ 26220,SU26220RMFS2,396.0,208554423.95,104.6,105.249,104.869,104.869,7.5,104.806,5.62,105.249,198930.0,104.838,104.838,104.869,208554423.95,208554423.95,208554423.95,2022-12-07,965.0,5.65,,,7.4,36.9,,2020-01-17,1000.0,SUR,,,,,RUB
TQOB,2020-01-17,ОФЗ 26221,SU26221RMFS0,132.0,324142634.52,112.9,113.759,113.676,113.676,21.09,113.645,6.26,113.362,285168.0,113.667,113.667,113.676,324142634.52,324142634.52,324142634.52,2033-03-23,3162.0,6.27,,,7.7,38.39,,2020-01-17,1000.0,SUR,,,,,RUB
TQOB,2020-01-17,ОФЗ 26222,SU26222RMFS8,100.0,12112557.53,105.238,105.849,105.401,105.401,16.73,105.355,5.86,105.849,11490.0,105.418,105.418,105.401,12112557.53,12112557.53,12112557.53,2024-10-16,1486.0,5.87,,,7.1,35.4,,2020-01-17,1000.0,SUR,,,,,RUB
TQOB,2020-01-17,ОФЗ 26223,SU26223RMFS6,366.0,137532641.46,102.504,103.0,102.998,102.998,24.04,102.885,5.75,103.0,133608.0,102.937,102.937,102.998,137532641.46,137532641.46,137532641.46,2024-02-28,1315.0,5.78,,,6.5,32.41,,2020-01-17,1000.0,SUR,,,,,RUB
TQOB,2020-01-17,ОФЗ 26224,SU26224RMFS4,92.0,349598804.07,106.104,106.495,106.26,106.26,8.32,106.306,6.1,106.104,328860.0,106.306,106.306,106.26,349598804.07,349598804.07,349598804.07,2029-05-23,2580.0,6.1,,,6.9,34.41,,2020-01-17,1000.0,SUR,,,,,RUB
TQOB,2020-01-17,ОФЗ 26225,SU26225RMFS1,227.0,38447930.91,108.703,109.969,109.798,109.798,10.13,109.719,6.3,108.703,35098.0,109.545,109.545,109.798,38447930.91,38447930.91,38447930.91,2034-05-10,3397.0,6.31,,,7.25,36.15,,2020-01-17,1000.0,SUR,,,,,RUB
TQOB,2020-01-17,ОФЗ 26226,SU26226RMFS9,32.0,54835250.01,110.308,111.293,110.949,110.949,20.26,110.828,6.04,110.308,49479.0,110.825,110.825,110.949,54835250.01,54835250.01,54835250.01,2026-10-07,1943.0,6.06,,,7.95,39.64,,2020-01-17,1000.0,SUR,,,,,RUB
TQOB,2020-01-17,ОФЗ 26227,SU26227RMFS7,37.0,75115731.92,106.35,106.6,106.5,106.5,35.89,106.47,5.82,106.6,70528.0,106.505,106.505,106.5,75115731.92,75115731.92,75115731.92,2024-07-17,1388.0,5.83,,,7.4,36.9,,2020-01-17,1000.0,SUR,,,,,RUB
TQOB,2020-01-17,ОФЗ 26228,SU26228RMFS5,26.0,225290352.13,111.601,111.79,111.778,111.778,18.03,111.667,6.18,111.79,201692.0,111.7,111.7,111.778,225290352.13,225290352.13,225290352.13,2030-04-10,2679.0,6.19,,,7.65,38.15,,2020-01-17,1000.0,SUR,,,,,RUB
TQOB,2020-01-17,ОФЗ 26229,SU26229RMFS3,49.0,837099798.65,106.121,106.5,106.298,106.292,11.36,106.276,5.94,106.498,787668.0,106.276,106.276,106.292,837099798.65,837099798.65,837099798.65,2025-11-12,1770.0,5.94,,,7.15,35.65,,2020-01-17,1000.0,SUR,,,,,RUB
TQOB,2020-01-17,ОФЗ 26230,SU26230RMFS1,56.0,213858347.73,115.377,115.999,115.598,115.598,21.09,115.379,6.39,115.999,185302.0,115.411,115.411,115.598,213858347.73,213858347.73,213858347.73,2039-03-16,3920.0,6.4,,,7.7,38.39,,2020-01-17,1000.0,SUR,,,,,RUB
TQOB,2020-01-17,ОФЗ 26232,SU26232RMFS7,253.0,7767792.12,99.9,100.174,99.99,99.99,7.23,99.802,6.09,100.174,7769.0,99.984,99.984,99.99,7767792.12,7767792.12,7767792.12,2027-10-06,2280.0,6.12,,,6.0,21.86,,2020-01-17,1000.0,SUR,,,,,RUB
TQOB,2020-01-17,ОФЗ 29006,SU29006RMFS2,549.0,118564094.22,106.231,106.381,106.24,106.24,38.99,106.238,7.36,106.381,111599.0,106.241,106.241,106.24,118564094.22,118564094.22,118564094.22,2025-01-29,1483.0,7.36,,,8.73,43.53,,2020-01-17,1000.0,SUR,,,,,RUB
TQOB,2020-01-17,ОФЗ 29007,SU29007RMFS0,61.0,968974.34,108.86,109.097,109.0,109.0,30.65,108.996,7.23,109.097,889.0,108.996,108.996,109.0,968974.34,968974.34,968974.34,2027-03-03,1965.0,7.23,,,8.74,43.58,,2020-01-17,1000.0,SUR,,,,,RUB
TQOB,2020-01-17,ОФЗ 29008,SU29008RMFS8,24.0,204614.07,111.113,111.659,111.199,111.199,22.12,111.203,7.19,111.113,184.0,,111.2,111.199,0.0,1498982.07,0.0,2029-10-03,2480.0,7.19,,,8.68,43.28,,2020-01-17,1000.0,SUR,,,,,RUB
TQOB,2020-01-17,ОФЗ 29009,SU29009RMFS6,71.0,4933098.41,111.811,112.577,112.0,112.067,13.62,112.09,7.22,112.577,4401.0,112.09,112.09,112.067,4933098.41,4933098.41,4933098.41,2032-05-05,2923.0,7.2,,,8.57,42.73,,2020-01-17,1000.0,SUR,,,,,RUB
TQOB,2020-01-17,ОФЗ 29010,SU29010RMFS4,162.0,5441693.49,112.0,112.388,112.0,112.0,5.3,112.084,7.22,112.19,4855.0,112.084,112.084,112.0,5441693.49,5441693.49,5441693.49,2034-12-06,3310.0,7.21,,,8.41,41.93,,2020-01-17,1000.0,SUR,,,,,RUB
TQOB,2020-01-17,ОФЗ 29011,SU29011RMFS2,1917.0,1102171888.09,100.05,100.08,100.055,100.055,39.68,100.059,6.22,100.072,1101521.0,100.059,100.059,100.055,1102171888.09,1102171888.09,1102171888.09,2020-01-29,12.0,6.05,,,8.52,42.48,,2020-01-17,1000.0,SUR,,,,,RUB
TQOB,2020-01-17,ОФЗ 29012,SU29012RMFS0,575.0,159501695.08,102.2,102.309,102.234,102.234,11.87,102.248,6.69,102.25,156005.0,102.241,102.241,102.234,159501695.08,159501695.08,159501695.08,2022-11-16,942.0,6.69,,,7.47,37.25,,2020-01-17,1000.0,SUR,,,,,RUB
TQOB,2020-01-17,ОФЗ 46011,SU46011RMFS1,1.0,1289.03,128.903,128.903,128.903,128.903,38.91,128.903,1.78,128.903,1.0,,127.765,128.903,0.0,502116.5,0.0,2025-08-20,1204.0,1.78,,,10.0,99.73,,2020-01-17,1000.0,SUR,,,,,RUB
TQOB,2020-01-17,ОФЗ 46012,SU46012RMFS9,11.0,30661.98,116.0,124.463,116.0,116.0,19.74,124.138,4.77,124.463,26.0,,118.758,116.0,0.0,500921.24,0.0,2029-09-05,2479.0,3.74,,,6.269,59.39,,2020-01-17,950.0,SUR,,,,,RUB
TQOB,2020-01-17,ОФЗ 46018,SU46018RMFS6,42.0,35533767.2,101.099,101.442,101.1,101.1,6.36,101.1,5.8,101.099,50210.0,101.1,101.1,101.1,35533767.2,35533767.2,35533767.2,2021-11-24,496.0,5.8,,,6.5,11.34,,2020-01-17,700.0,SUR,,,,,RUB
TQOB,2020-01-17,ОФЗ 46020,SU46020RMFS2,48.0,11574103.2,103.201,103.8,103.65,103.68,29.49,103.701,6.63,103.301,11161.0,103.701,103.701,103.68,11574103.2,11574103.2,11574103.2,2036-02-06,3477.0,6.62,,,6.9,34.41,,2020-01-17,1000.0,SUR,,,,,RUB
TQOB,2020-01-17,ОФЗ 46022,SU46022RMFS8,33.0,473882.32,99.9,100.0,100.0,100.0,26.67,99.975,5.57,99.99,474.0,,99.974,100.0,0.0,528860.37,0.0,2023-07-19,997.0,5.58,,,5.5,27.42,,2020-01-17,1000.0,SUR,,,,,RUB
TQOB,2020-01-17,ОФЗ 52001,SU52001RMFS3,12.0,6111631.38,99.004,99.499,99.15,99.15,12.33,98.973,2.77,99.499,5103.0,99.101,99.101,99.15,6111631.38,6111631.38,6111631.38,2023-08-16,1245.0,2.82,,,2.5,15.07,,2020-01-17,1208.38,SUR,,,,,RUB
TQOB,2020-01-17,ОФЗ 52002,SU52002RMFS1,27.0,8575135.45,97.45,97.99,97.451,97.454,11.42,97.709,2.88,97.989,8213.0,97.709,97.709,97.454,8575135.45,8575135.45,8575135.45,2028-02-02,2647.0,2.84,,,2.5,13.33,,2020-01-17,1068.44,SUR,,,,,RUB
TQCB,2020-01-17,RUS-28,XS0088543193,5.0,2641944.18,171.1002,172.2,172.2,172.3,501.5341,172.407,2.98,171.2001,25.0,172.407,172.407,172.3,222384114.25,222384114.25,222384114.25,2028-06-24,,2.96,,,,63.75,,2020-01-17,1000.0,SUR,,,,,USD
TQOD,2020-01-17,RUS-28,XS0088543193,362.0,3569015.94,171.7503,173.4299,172.3,172.3,8.1458,172.407,2.97,173.0,2070.0,172.407,172.407,172.3,222384114.25,222384114.25,222384114.25,2028-06-24,,2.96,,,,63.75,,2020-01-17,1000.0,USD,,,,,USD
TQOD,2020-01-17,RUS-30,XS0114288789,50.0,37005.7,113.25,114.1499,113.9998,113.9997,0.0075,113.8811,,113.25,97000.0,113.8811,113.8811,113.9997,2278418.73,2278418.73,2278418.73,2030-03-31,,0.0,,,,0.0126,,2020-01-17,0.335,USD,,,,,USD
TQOD,2020-01-17,GAZPR-34,XS0191754729,30.0,509287.61,150.5227,154.9999,153.2497,153.2497,18.9271,152.9392,3.75,154.9,333.0,152.9392,152.9392,153.2497,31356532.58,31356532.58,31356532.58,2034-04-28,,3.77,,,,43.125,,2020-01-17,1000.0,USD,,,,,USD
TQOD,2020-01-17,GAZPR-37,XS0316524130,8.0,21578.45,143.6899,143.9891,143.6899,143.6899,30.5691,143.8563,3.83,143.9891,15.0,142.7196,143.4932,143.6899,7192432.52,2206744.26,7192432.52,2037-08-16,,3.82,,,,36.44,,2020-01-17,1000.0,USD,,,,,USD
TQOD,2020-01-17,RUS-20,XS0504954347,6.0,2016900.0,100.84,100.85,100.84,100.84,1083.3333,100.845,1.99,100.85,20.0,100.8484,100.8484,100.84,390504265.98,309988608.15,390504265.98,2020-04-29,,1.97,,,,2500.0,,2020-01-17,100000.0,USD,,,,,USD
TQOD,2020-01-17,VEB-20,XS0524610812,36.0,185908.97,102.0581,102.25,102.1,102.1,1.5338,102.1478,2.44,102.25,182.0,102.1478,102.1478,102.1,11446303.77,11446303.77,11446303.77,2020-07-09,,2.34,,,,34.51,,2020-01-17,1000.0,USD,,,,,USD
TQOD,2020-01-17,VEB FIN-25,XS0559915961,6.0,8435.99,120.0,121.9989,120.3,120.3,10.3889,120.5141,,120.0,7.0,120.1938,120.2188,120.3,1920815.82,1552058.52,1920815.82,2025-11-22,,0.0,,,,34.0,,2020-01-17,1000.0,USD,,,,,USD
TQOD,2020-01-17,VEB-22,XS0800817073,21.0,74487.3,107.8101,108.05,108.05,108.05,2.0083,107.9526,2.61,107.8101,69.0,107.9526,107.9526,108.05,4586138.39,4586138.39,4586138.39,2022-07-05,,2.65,,,,30.125,,2020-01-17,1000.0,USD,,,,,USD
TQOD,2020-01-17,VTB Eur,XS0810596832,18.0,187495.33,112.1313,113.1999,112.7,112.7,10.8194,112.949,,113.0,166.0,112.949,112.949,112.7,11543974.96,11543974.96,11543974.96,,,0.0,,,,47.5,,2020-01-17,1000.0,USD,,,,,USD
TQOD,2020-01-17,GPN-22,XS0830192711,5.0,8368.4,104.59,104.65,104.59,104.59,14.3403,104.605,2.57,104.65,8.0,104.679,104.74,104.59,2058976.09,901969.15,2058976.09,2022-09-19,,2.56,,,,21.88,,2020-01-17,1000.0,USD,,,,,USD
TQOD,2020-01-17,GPBFin,XS0848137708,17.0,28863.5,103.0,103.4998,103.0,103.0519,22.4019,103.0839,,103.4998,28.0,103.0839,103.0839,103.0519,1777108.37,1777108.37,1777108.37,,,0.0,,,,49.175,,2020-01-17,1000.0,USD,,,,,USD
TQOD,2020-01-17,RosNef-22,XS0861981180,18.0,111549.45,103.15,103.5899,103.36,103.36,15.2797,103.2865,2.56,103.5899,108.0,103.2865,103.2865,103.36,6868032.71,6868032.71,6868032.71,2022-03-06,,2.59,,,,21.0,,2020-01-17,1000.0,USD,,,,,USD
TQOD,2020-01-17,TMK CAP-20,XS0911599701,4.0,4031.6,100.71,100.9899,100.9899,100.87,19.5,100.79,,100.7101,4.0,100.845,100.845,100.87,681907.87,681907.87,681907.87,2020-04-03,,0.0,,,,33.75,,2020-01-17,1000.0,USD,,,,,USD
TQOD,2020-01-17,PGIL-20,XS0922301717,20.0,49455.04,100.7002,101.15,100.9549,100.9549,12.1875,100.9286,2.2,100.9997,49.0,100.9286,100.9286,100.9549,3044917.1,3044917.1,3044917.1,2020-04-29,,2.29,,,,28.125,,2020-01-17,1000.0,USD,,,,,USD
TQOD,2020-01-17,Veb-23,XS0993162683,19.0,153591.99,111.2,111.698,111.3,111.3001,9.2431,111.2985,2.8,111.698,138.0,111.2985,111.2985,111.3001,9456566.68,9456566.68,9456566.68,2023-11-21,,2.8,,,,29.71,,2020-01-17,1000.0,USD,,,,,USD
TQOD,2020-01-17,GPN-23,XS0997544860,4.0,4487.45,112.0,112.6,112.0,112.0,8.3333,111.6042,2.68,112.6,4.0,112.1821,112.24,112.0,1305761.87,756341.23,1305761.87,2023-11-27,,2.79,,,,30.0,,2020-01-17,1000.0,USD,,,,,USD
TQOD,2020-01-17,MMC-22,XS1298447019,3.0,3316.5,110.5499,110.55,110.55,110.55,17.1146,110.55,2.59,110.5499,3.0,110.3332,110.289,110.55,2778698.59,2371185.99,2778698.59,2022-10-14,,2.59,,,,33.13,,2020-01-17,1000.0,USD,,,,,USD
TQOD,2020-01-17,CBOM-27,XS1589106910,1.0,1000.0,100.0,100.0,100.0,100.0,21.25,100.0,,100.0,1.0,99.746,100.025,100.0,2256904.81,1221807.07,2256904.81,2027-10-05,,0.0,,,,37.5,,2020-01-17,1000.0,USD,,,,,USD
TQOD,2020-01-17,GMKN-23,XS1589324075,8.0,9407.7,104.2,104.6,104.6,104.594,10.9333,104.53,,104.55,9.0,104.4965,104.5392,104.594,1477773.29,771941.13,1477773.29,2023-04-11,,0.0,,,,20.5,,2020-01-17,1000.0,USD,,,,,USD
EQOB,2020-01-17,BCS06/20,XS1604405545,3.0,1053990.0,100.0,100.57,100.57,100.57,3215.2107,100.38,,100.0,3.0,99.2,100.81,100.57,5208175.0,3528175.0,5208175.0,2020-06-26,,0.0,,,,27849.0905,,2020-01-17,350000.0,SUR,,,,,RUB
TQOD,2020-01-17,BCS 06/23,XS1637911451,10.0,29062.49,95.9999,97.0,97.0,96.8695,,96.8749,,97.0,24.0,96.8749,96.8749,96.8695,1789360.1,1789360.1,1789360.1,2023-06-30,,0.0,,,,37.6027,,2020-01-17,1250.0,USD,,,,,USD
TQOD,2020-01-17,BCS 02/21,XS1783223206,27.0,30178.28,88.0,90.0009,88.4,88.9197,,89.4171,,88.0,27.0,89.4171,89.4171,88.9197,1858058.61,1858058.61,1858058.61,2021-02-28,,0.0,,,,37.5,,2020-01-17,1250.0,USD,,,,,USD
EQOB,2020-01-17,BCS 4/21,XS1807420937,1.0,200000.0,100.0,100.0,100.0,100.0,,100.0,,100.0,2.0,,94.96,100.0,0.0,2278990.0,0.0,2021-04-30,,0.0,,,,,,2020-01-17,100000.0,SUR,,,,,RUB
EQOB,2020-01-17,BCS 09/23,XS1822383094,3.0,277620.0,92.52,92.55,92.52,92.52,,92.54,,92.55,3.0,92.7,92.66,92.52,1205070.0,926620.0,1205070.0,2023-09-27,,0.0,,,,4979.86,,2020-01-17,100000.0,SUR,,,,,RUB
EQOB,2020-01-17,BCS 07/21,XS1833629253,24.0,3279470.0,92.07,95.5,93.0,93.0,,93.7,,94.94,35.0,93.7,93.7,93.0,3279470.0,3279470.0,3279470.0,2021-07-01,,0.0,,,,8500.0,,2020-01-17,100000.0,SUR,,,,,RUB
TQOD,2020-01-17,BCS 7/21,XS1838071964,5.0,7437.5,85.0,85.0,85.0,85.0,,85.0,,85.0,7.0,84.0826,84.5377,85.0,1550409.75,844921.96,1550409.75,2021-07-10,,0.0,,,,62.5,,2020-01-17,1250.0,USD,,,,,USD
EQOB,2020-01-17,BCS 08/21,XS1859436070,2.0,183900.0,91.95,91.95,91.95,91.95,,91.95,,91.95,2.0,89.37,90.31,91.95,1161860.0,993360.0,1161860.0,2021-08-10,,0.0,,,,8500.0,,2020-01-17,100000.0,SUR,,,,,RUB
TQOD,2020-01-17,BCS 09/21,XS1870376461,11.0,26793.16,84.0,88.1999,88.0,88.0,,85.7381,,84.0001,25.0,85.7381,85.7381,88.0,1649638.78,1649638.78,1649638.78,2021-09-30,,0.0,,,,100.0,,2020-01-17,1250.0,USD,,,,,USD
EQOB,2020-01-17,BCS 10/21,XS1873963794,2.0,203550.0,101.7,101.85,101.7,101.78,,101.78,,101.85,2.0,100.58,100.45,101.78,2413930.0,1104940.0,2413930.0,2021-10-01,,0.0,,,,8500.0,,2020-01-17,100000.0,SUR,,,,,RUB
TQOD,2020-01-17,BCS 6/23,XS1878009866,16.0,39434.45,95.01,97.0,95.4799,95.4799,,95.5986,,97.0,33.0,95.5986,95.5986,95.4799,2427955.45,2427955.45,2427955.45,2023-06-20,,0.0,,,,47.0,,2020-01-17,1250.0,USD,,,,,USD
TQOD,2020-01-17,BCS Iron2,XS1904686661,9.0,14218.05,94.0003,95.5006,94.3701,94.3701,,94.787,,95.5006,12.0,95.6785,94.9296,94.3701,7769052.63,1093664.7,7769052.63,2023-12-28,,0.0,,,,48.13,,2020-01-17,1250.0,USD,,,,,USD
TQOD,2020-01-17,BCS FORSAJ,XS1917700723,7.0,9800.01,98.0001,98.0002,98.0002,98.0002,,98.0002,,98.0001,8.0,98.2226,98.0274,98.0002,1358823.32,829353.58,1358823.32,2023-11-19,,0.0,,,,53.13,,2020-01-17,1250.0,USD,,,,,USD
TQOD,2020-01-17,BCS Perviy,XS1927711454,1.0,2425.0,97.0,97.0,97.0,97.0,,97.0,,97.0,2.0,,98.8364,97.0,0.0,1904878.05,0.0,2024-01-11,,0.0,,,,37.2951,,2020-01-17,1250.0,USD,,,,,USD
TQOD,2020-01-17,BCS12/23-2,XS1937694625,2.0,2423.75,96.1,97.7999,97.7999,97.7999,,96.95,,96.1,2.0,96.3819,96.4179,97.7999,1184240.28,1036646.47,1184240.28,2023-12-20,,0.0,,,,45.4366,,2020-01-17,1250.0,USD,,,,,USD
EQOB,2020-01-17,BCS12/23-3,XS1943597994,1.0,99400.0,99.4,99.4,99.4,99.49,,99.4,,99.4,1.0,99.11,99.11,99.49,1189340.0,1189340.0,1189340.0,2023-12-20,1190.0,0.0,,,,5575.3424,,2020-01-17,100000.0,SUR,,,,,RUB
TQOD,2020-01-17,BCS GM1,XS1946763361,2.0,6156.25,98.5,98.5,98.5,98.5,,98.5,,98.5,5.0,98.75,98.7381,98.5,1668459.63,1591851.33,1668459.63,2024-06-27,,0.0,,,,53.754,,2020-01-17,1250.0,USD,,,,,USD
EQEO,2020-01-17,BCS 02/22,XS1949598855,1.0,3015.0,100.5,100.5,100.5,100.5,,100.5,,100.5,3.0,100.5315,100.5315,100.5,1775817.09,1775817.09,1775817.09,2022-02-28,,0.0,,,,25.0,,2020-01-17,1000.0,EUR,,,,,EUR
EQEO,2020-01-17,CBOM-24 EU,XS1951067039,1.0,5418.75,108.375,108.375,108.375,108.375,46.7027,108.375,,108.375,5.0,107.763,107.8833,108.375,3980081.47,2864721.85,3980081.47,2024-02-20,,0.0,,,,51.5,,2020-01-17,1000.0,EUR,,,,,EUR
TQOD,2020-01-17,BCS 04/22,XS1953826978,2.0,5100.0,102.0,102.0,102.0,102.0,,102.0,,102.0,4.0,101.2163,101.3997,102.0,2332043.92,1635690.21,2332043.92,2022-04-02,,0.0,,,,93.75,,2020-01-17,1250.0,USD,,,,,USD
TQOD,2020-01-17,BCS 06/24,XS1962541709,10.0,60655.89,99.0,99.4999,99.0,99.0,,99.03,,99.4999,49.0,99.03,99.03,99.0,3734546.73,3734546.73,3734546.73,2024-06-30,,0.0,,,,53.2705,,2020-01-17,1250.0,USD,,,,,USD
TQOD,2020-01-17,BCS 04/24,XS1963835902,3.0,4798.75,95.8999,95.9999,95.8999,95.8999,,95.9749,,95.9999,4.0,92.82,93.7166,95.8999,1425988.3,864203.72,1425988.3,2024-04-26,,0.0,,,,50.0,,2020-01-17,1250.0,USD,,,,,USD
TQOD,2020-01-17,CBOM-24,XS1964558339,7.0,14447.51,110.7501,111.25,111.25,111.25,4.3517,111.1347,,110.7505,13.0,111.1945,111.1912,111.25,1846340.39,1163207.65,1846340.39,2024-06-25,,0.0,,,,35.605,,2020-01-17,1000.0,USD,,,,,USD
TQOD,2020-01-17,BCS06/24-4,XS1982161603,2.0,2437.5,97.5,97.5,97.5,97.5,,97.5,,97.5,2.0,95.4,95.5454,97.5,1095121.74,804121.54,1095121.74,2024-06-30,,0.0,,,,37.6027,,2020-01-17,1250.0,USD,,,,,USD
EQOB,2020-01-17,BCS 05/24,XS1985081444,1.0,105700.0,105.7,105.7,105.7,105.7,,105.7,,105.7,1.0,103.11,105.17,105.7,4227660.0,2734470.0,4227660.0,2024-05-24,1094.0,0.0,,,,4750.0,,2020-01-17,100000.0,SUR,,,,,RUB
TQOD,2020-01-17,BCS06/24-5,XS2009879425,1.0,1237.5,99.0,99.0,99.0,99.0,,99.0,,99.0,1.0,,98.37,99.0,0.0,1205816.65,0.0,2024-06-30,,0.0,,,,39.1695,,2020-01-17,1250.0,USD,,,,,USD
TQOD,2020-01-17,BCS GM2,XS2019822357,5.0,23063.5,97.1,97.12,97.12,97.12,,97.11,,97.1,19.0,97.09,97.09,97.12,2015815.54,2015815.54,2015815.54,2024-06-27,,0.0,,,,40.74,,2020-01-17,1250.0,USD,,,,,USD
TQOD,2020-01-17,BCS GM3,XS2027360507,4.0,4751.25,95.0001,95.1001,95.1001,95.1001,,95.0251,,95.0001,4.0,95.9667,95.86,95.1001,887608.88,738261.38,887608.88,2024-12-23,,0.0,,,,43.87,,2020-01-17,1250.0,USD,,,,,USD
TQOD,2020-01-17,BCS06/24-6,XS2028879026,3.0,4855.0,97.1001,97.1002,97.1002,97.1002,,97.1001,,97.1001,4.0,98.4657,98.4143,97.1002,1585935.6,1057555.2,1585935.6,2024-06-30,,0.0,,,,40.7363,,2020-01-17,1250.0,USD,,,,,USD
EQOB,2020-01-17,BCS06/24-7,XS2028880115,1.0,197200.0,98.6,98.6,98.6,98.6,,98.6,,98.6,2.0,98.18,98.18,98.6,1178200.0,1178200.0,1178200.0,2024-06-30,1318.0,0.0,,,,5515.0684,,2020-01-17,100000.0,SUR,,,,,RUB
TQOD,2020-01-17,BCS08/24,XS2028880461,11.0,40273.75,103.0,105.0,104.5,104.5,,103.9323,,103.0,31.0,103.9323,103.9323,104.5,2479630.64,2479630.64,2479630.64,2024-08-16,,0.0,,,,112.5,,2020-01-17,1250.0,USD,,,,,USD
TQOD,2020-01-17,BCS09/22,XS2038593419,1.0,1251.25,100.1001,100.1001,100.1001,100.1001,,100.1001,,100.1001,1.0,100.0799,100.725,100.1001,6283675.06,770522.5,6283675.06,2022-09-09,,0.0,,,,103.08,,2020-01-17,1250.0,USD,,,,,USD
TQOD,2020-01-17,BCS09/24,XS2038595034,3.0,21250.0,100.0,100.0,100.0,100.0,,100.0,,100.0,17.0,100.0,100.0,100.0,8209562.25,6831140.25,8209562.25,2024-09-09,,0.0,,,,46.875,,2020-01-17,1250.0,USD,,,,,USD
EQEO,2020-01-17,BCS06/24-8,XS2038610445,1.0,989.0,98.9,98.9,98.9,98.9,,98.9,,98.9,1.0,99.5694,99.2392,98.9,1086164.82,880450.65,1086164.82,2024-06-30,,0.0,,,,20.0548,,2020-01-17,1000.0,EUR,,,,,EUR
EQOB,2020-01-17,BCSALORLV1,XS2045847295,2.0,10350000.0,100.0,100.0,100.0,100.0,,100.0,,100.0,138.0,100.0,100.0,100.0,15300000.0,12825000.0,15300000.0,2022-11-15,909.0,0.0,,,,3732.15,,2020-01-17,75000.0,SUR,,,,,RUB
TQOD,2020-01-17,BCS12/24-6,XS2079093949,72.0,934968.15,100.0,103.85,102.95,102.95,,101.2144,,100.0,739.0,101.2144,101.2144,102.95,57565428.08,57565428.08,57565428.08,2024-12-13,,0.0,,,,,,2020-01-17,1250.0,USD,,,,,USD
TQOD,2020-01-17,BCS12/24-8,XS2085844640,1.0,6250.0,100.0,100.0,100.0,100.0,,100.0,,100.0,5.0,,100.0,100.0,0.0,4191619.76,0.0,2024-12-30,,0.0,,,,137.5,,2020-01-17,1250.0,USD,,,,,USD
TQOD,2020-01-17,BCS03/23,XS2085880529,3.0,35000.0,100.0,100.0,100.0,100.0,,100.0,,100.0,28.0,100.0,100.0,100.0,9141876.0,6224711.0,9141876.0,2023-03-30,,0.0,,,,106.25,,2020-01-17,1250.0,USD,,,,,USD
EQEO,2020-01-17,BCS12/24-9,XS2088720524,5.0,58000.0,100.0,100.0,100.0,100.0,,100.0,,100.0,58.0,100.0,100.0,100.0,6365264.4,5820904.4,6365264.4,2022-12-30,,0.0,,,,50.0,,2020-01-17,1000.0,EUR,,,,,EUR
EQOB,2020-01-17,BCS12/24-B,XS2091667043,2.0,206000.0,100.51,105.49,105.49,105.49,,103.0,,100.51,2.0,104.85,105.08,105.49,2621170.0,2416770.0,2621170.0,2024-12-30,1468.0,0.0,,,,5395.8904,,2020-01-17,100000.0,SUR,,,,,RUB
TQOD,2020-01-17,BCS12/24-C,XS2091668447,24.0,136250.0,100.0,100.0,100.0,100.0,,100.0,,100.0,109.0,100.0,100.0,100.0,8388830.75,8388830.75,8388830.75,2024-12-30,,0.0,,,,46.9264,,2020-01-17,1250.0,USD,,,,,USD
EQOB,2020-01-17,BCS12/24-D,XS2091672803,29.0,14700000.0,100.0,100.0,100.0,100.0,,100.0,,100.0,147.0,100.0,100.0,100.0,14700000.0,14700000.0,14700000.0,2024-12-30,1425.0,0.0,,,,6087.6712,,2020-01-17,100000.0,SUR,,,,,RUB
EQEO,2020-01-17,BCS12/24-E,XS2093710494,1.0,49939.2,104.04,104.04,104.04,104.04,,104.04,,104.04,48.0,103.8112,103.8112,104.04,8818084.66,8818084.66,8818084.66,2024-12-30,,0.0,,,,21.48,,2020-01-17,1000.0,EUR,,,,,EUR
