BOARDID,TRADEDATE,SHORTNAME,SECID,NUMTRADES,VALUE,LOW,HIGH,CLOSE,LEGALCLOSEPRICE,ACCINT,WAPRICE,YIELDCLOSE,OPEN,VOLUME,MARKETPRICE2,MARKETPRICE3,ADMITTEDQUOTE,MP2VALTRD,MARKETPRICE3TRADESVALUE,ADMITTEDVALUE,MATDATE,DURATION,YIELDATWAP,IRICPICLOSE,BEICLOSE,COUPONPERCENT,COUPONVALUE,BUYBACKDATE,LASTTRADEDATE,FACEVALUE,CURRENCYID,CBRCLOSE,YIELDTOOFFER,YIELDLASTCOUPON,OFFERDATE,FACEUNIT
EQOB,2012-06-25,МГор44-об,RU000A0E6TK0,1.0,971000.0,97.1,97.1,97.1,97.1,0.19,97.1,8.27,97.1,1000.0,96.76,96.95,96.76,2676367.5,1580336.0,2676367.5,2015-06-24,1004.0,8.27,,,,,,,1000.0,SUR,,,,,
EQOB,2012-06-25,АИЖК 5об,RU000A0GKM53,1.0,1032000.0,100.0,100.0,100.0,100.0,8.58,100.0,7.54,100.0,1720.0,,99.95,,0.0,61269339.54,0.0,2012-10-15,110.0,7.54,,,,,,,600.0,SUR,,,,,
EQOB,2012-06-25,Мечел  2об,RU000A0GUBF6,1.0,43515.0,96.7,96.7,96.7,96.7,2.43,96.7,11.4,96.7,45.0,96.11,96.22,96.11,30817105.4,10338790.0,30817105.4,2013-06-12,345.0,11.4,,,,,,,1000.0,SUR,,,,,
EQNB,2012-06-25,ВТБ - 6 об,RU000A0JNGU3,10.0,23606002.4,100.0,100.04,100.04,100.04,14.79,100.0,6.39,100.0,23606.0,100.0,100.0,100.0,23606002.4,23606002.4,23606002.4,2016-07-06,16.0,7.35,,,,,,,1000.0,SUR,,,,,RUR
EQOB,2012-06-25,ДОМ.РФ 8об,RU000A0JNPK5,1.0,5986.2,99.77,99.77,99.77,99.65,1.25,99.77,7.93,99.77,10.0,98.0,98.24,98.0,1134788.94,521080.38,1134788.94,2018-06-15,1119.0,7.93,,,,,,,600.0,SUR,,,,,RUB
EQNB,2012-06-25,ГАЗПРОМ А9,RU000A0JP203,9.0,19812926.5,99.0,99.24,99.2,99.2,25.95,99.2,7.9,99.0,19972.0,99.2,99.2,99.2,19862326.5,19862326.5,19862326.5,2014-02-12,560.0,7.9,,,,,,,1000.0,SUR,,,,,
EQOB,2012-06-25,РСХБ 3,RU000A0JP2G4,4.0,26092959.5,100.2,100.45,100.2,100.2,32.95,100.39,9.31,100.45,25991.0,100.34,100.34,100.34,92904994.9,92904994.9,92904994.9,2017-02-09,551.0,9.18,,,,,,,1000.0,SUR,,,,,RUR
EQOB,2012-06-25,Мос.обл.7в,RU000A0JP6R2,8.0,11411468.3,98.4,99.0,99.0,99.0,14.9,98.97,8.78,98.4,11530.0,98.99,98.97,98.99,31130198.7,11419358.7,31130198.7,2014-04-16,619.0,8.8,,,,,,,1000.0,SUR,,,,,
EQNO,2012-06-25,ИКС5Фин 01,RU000A0JPBN4,3.0,5670.4,92.0,97.5,97.5,97.5,37.9,94.51,9.55,92.0,6.0,,98.2,,0.0,11267786.9,0.0,2014-07-01,667.0,11.37,,,,,,,1000.0,SUR,,,,,
EQNO,2012-06-25,СтрТрГаз02,RU000A0JPC16,3.0,2505000.0,100.0,100.0,100.0,100.0,38.15,100.0,8.49,100.0,2505.0,100.05,100.05,100.05,5843033.4,5796817.4,5843033.4,2012-07-13,18.0,8.49,,,,,,,1000.0,SUR,,,,,
EQDB,2012-06-25,Сибирь-01,RU000A0JPC65,4.0,111399.6,100.36,100.36,100.36,100.36,78.9,100.36,11.71,100.36,111.0,100.62,100.49,100.62,6218531.9,1098363.8,6218531.9,2012-07-17,22.0,11.71,,,,,,,1000.0,SUR,,,,,
EQOB,2012-06-25,МДМ Банк 7,RU000A0JPC81,2.0,641860.0,100.15,100.3,100.3,100.3,50.86,100.29,7.05,100.15,640.0,100.31,100.3,100.31,5905026.7,1745181.0,5905026.7,2012-07-19,24.0,7.2,,,,,,,1000.0,SUR,,,,,
EQOB,2012-06-25,СОЛЛЕРС2,RU000A0JPCB7,2.0,523600.0,102.5,102.67,102.5,102.5,54.45,102.67,10.19,102.67,510.0,102.74,102.77,102.74,18522171.5,17008457.0,18522171.5,2013-07-17,356.0,10.01,,,,,,,1000.0,SUR,,,,,
EQNB,2012-06-25,ИркОбл31-6,RU000A0JPJA4,2.0,35439739.52,100.48,100.55,100.55,100.55,2.53,100.51,7.21,100.48,251844.0,,100.5,,0.0,40916167.49,0.0,2012-11-22,99.0,7.37,,,,,,,140.0,SUR,,,,,
EQOB,2012-06-25,КостромОб5,RU000A0JPKB0,1.0,8040.0,100.5,100.5,100.5,100.5,0.39,100.5,8.19,100.5,20.0,,100.55,,0.0,21563097.2,0.0,2012-12-20,176.0,8.19,,,,,,,400.0,SUR,,,,,
EQNO,2012-06-25,Жилстрой2,RU000A0JPLW4,1.0,170925.0,113.95,113.95,113.95,113.95,107.4,113.95,-64.82,113.95,15.0,113.59,113.68,113.59,590668.0,534288.0,590668.0,2013-02-04,42.0,-64.82,,,,,,,10000.0,SUR,,,,,
EQNO,2012-06-25,Микоян-2об,RU000A0JPMB6,11.0,1001000.0,100.0,100.0,100.0,100.0,42.41,100.0,11.57,100.0,1001.0,100.0,100.0,100.0,1001000.0,1001000.0,1001000.0,2013-02-07,217.0,11.57,,,,,,,1000.0,SUR,,,,,
EQOB,2012-06-25,Система-01,RU000A0JPNX8,2.0,259573.5,101.0,101.05,101.05,101.05,29.12,101.0,8.31,101.0,257.0,,101.14,,0.0,87715513.1,0.0,2013-03-07,247.0,8.38,,,,,,,1000.0,SUR,,,,,
EQNB,2012-06-25,СтрТрГаз03,RU000A0JPPC7,1.0,990.0,99.0,99.0,99.0,99.0,17.23,99.0,10.05,99.0,1.0,,95.0,,0.0,55097174.5,0.0,2013-04-11,283.0,10.05,,,,,,,1000.0,SUR,,,,,
EQNB,2012-06-25,РИАТО-01,RU000A0JPSY5,1.0,6804.49,88.37,88.37,88.37,88.37,5.54,88.37,31.38,88.37,11.0,,88.76,,0.0,830731.72,0.0,2013-06-03,324.0,31.38,,,,,,,700.0,SUR,,,,,
EQOB,2012-06-25,РСХБ 7,RU000A0JPTE5,3.0,95322503.6,98.25,98.45,98.45,98.45,2.44,98.27,8.74,98.37,97000.0,98.29,98.29,98.29,304695033.6,304695033.6,304695033.6,2018-06-05,345.0,8.95,,,,,,,1000.0,SUR,,,,,RUB
EQNB,2012-06-25,Мос.обл.8в,RU000A0JPTP1,13.0,10092255.63,100.25,100.9,100.9,100.9,0.8,100.9,8.16,100.26,40009.0,100.9,100.9,100.9,10092255.63,10092255.63,10092255.63,2013-06-11,343.0,8.16,,,,,,,250.0,SUR,,,,,
EQDB,2012-06-25,М-Индустр2,RU000A0JPTR7,4.0,620.0,15.16,16.18,15.5,15.5,48.89,15.5,,15.16,4.0,,20.39,,0.0,503809.2,0.0,2013-07-10,276.0,0.0,,,,,,,1000.0,SUR,,,,,
EQOB,2012-06-25,Промсвб-06,RU000A0JPTU1,4.0,32814613.0,98.45,98.75,98.45,98.45,1.58,98.75,10.2,98.75,33230.0,98.77,98.75,98.77,37671481.5,35783361.0,37671481.5,2013-06-17,350.0,9.85,,,,,,,1000.0,SUR,,,,,
EQOB,2012-06-25,СамарОбл 5,RU000A0JPU55,1.0,100.9,100.9,100.9,100.9,100.9,0.05,100.9,8.94,100.9,2.0,100.14,100.14,100.14,24455804.31,24455804.31,24455804.31,2013-12-19,512.0,8.94,,,,,,,50.0,SUR,,,,,
EQDB,2012-06-25,НижЛенИнв3,RU000A0JPWJ8,3.0,2920.4,97.27,97.5,97.5,97.5,61.37,97.35,19.96,97.27,3.0,,97.68,,0.0,578269.4,0.0,2013-07-16,182.0,20.31,,,,,,,1000.0,SUR,,,,,
EQDB,2012-06-25,ПромТр03об,RU000A0JPWU5,3.0,12470.0,95.0,96.0,96.0,95.92,46.85,95.92,15.98,96.0,13.0,95.01,95.03,95.01,1009962.0,816320.0,1009962.0,2013-07-24,365.0,16.07,,,,,,,1000.0,SUR,,,,,
EQOB,2012-06-25,ЛСР 02 обл,RU000A0JPXB3,1.0,696850.0,99.55,99.55,99.55,99.55,38.66,99.55,10.83,99.55,700.0,99.87,99.87,99.87,21633885.0,21633885.0,21633885.0,2013-08-01,211.0,10.83,,,,,,,1000.0,SUR,,,,,
EQNB,2012-06-25,АМЕТфин-01,RU000A0JPYT3,5.0,64740.0,99.5,100.0,100.0,99.6,28.64,99.6,8.66,99.5,65.0,,99.98,,0.0,9849118.9,0.0,2013-08-22,401.0,9.05,,,,,,,1000.0,SUR,,,,,
EQNB,2012-06-25,ЭГИДА 01,RU000A0JPZF9,6.0,331303.0,98.8,98.99,98.99,98.99,24.72,98.9,14.15,98.8,335.0,,98.9,,0.0,524153.0,0.0,2013-09-17,85.0,14.58,,,,,,,1000.0,SUR,,,,,
EQOB,2012-06-25,МТС 02,RU000A0JQ0E2,1.0,990.0,99.0,99.0,99.0,99.0,13.16,99.0,8.26,99.0,1.0,96.04,96.01,96.04,1411747.0,526142.0,1411747.0,2015-10-20,1077.0,8.26,,,,,,,1000.0,SUR,,,,,
EQOB,2012-06-25,Томск.об-7,RU000A0JQ193,1.0,11036236.4,103.1,103.1,103.1,103.1,3.81,103.1,8.16,103.1,26761.0,,103.26,,0.0,22112586.32,0.0,2013-11-27,320.0,8.16,,,,,,,400.0,SUR,,,,,
EQNB,2012-06-25,РСХБ 5,RU000A0JQ1H3,1.0,3050820.0,99.7,99.7,99.7,99.7,4.79,99.7,9.17,99.7,3060.0,99.69,99.67,99.69,37291237.0,16585036.0,37291237.0,2018-11-27,503.0,9.17,,,,,,,1000.0,SUR,,,,,RUB
EQNO,2012-06-25,Ротор 03,RU000A0JQ4E4,1.0,98248.0,122.81,122.81,122.81,122.81,43.84,122.81,-62.21,122.81,8.0,122.81,122.81,122.81,32101829.0,32064959.0,32101829.0,2014-03-04,71.0,-62.21,,,,,,,10000.0,SUR,,,,,
EQNO,2012-06-25,РЖД-10обл,RU000A0JQ4F1,6.0,100146696.0,111.16,111.2,111.2,111.2,44.79,111.2,7.95,111.16,90060.0,111.2,111.2,111.2,133790593.6,105721405.6,133790593.6,2014-03-06,551.0,7.95,,,,,,,1000.0,SUR,,,,,
EQNO,2012-06-25,Газпрнефт4,RU000A0JQ557,2.0,19200000.0,96.0,96.0,96.0,96.0,15.5,96.0,9.31,96.0,20000.0,95.5,95.51,95.5,114604754.2,107926754.2,114604754.2,2019-04-09,1690.0,9.31,,,,,,,1000.0,SUR,,,,,RUB
EQOB,2012-06-25,МТС 04,RU000A0JQ5E1,9.0,120001796.0,97.4,98.0,97.77,97.77,8.54,97.72,8.92,97.7,122800.0,97.72,97.72,97.72,120008639.5,120006681.5,120008639.5,2014-05-13,661.0,8.95,,,,,,,1000.0,SUR,,,,,
EQNB,2012-06-25,ВМК-ФИН-01,RU000A0JQ5N2,1.0,71190000.0,113.0,113.0,113.0,113.0,14.47,113.0,8.63,113.0,63000.0,,,,0.0,0.0,0.0,2014-05-21,623.0,8.63,,,,,,,1000.0,SUR,,,,,
EQNO,2012-06-25,ИКС5Фин 04,RU000A0JQ664,4.0,190960957.5,95.0,96.0,95.75,95.75,3.82,95.0,10.47,96.0,201001.0,,95.01,,0.0,192132367.5,0.0,2016-06-02,669.0,10.94,,,,,,,1000.0,SUR,,,,,RUR
EQNO,2012-06-25,РЖД-15 обл,RU000A0JQ6S9,23.0,669535688.6,101.1,101.22,101.19,101.19,0.0,101.18,7.69,101.1,661707.0,101.18,101.18,101.18,669535688.6,669535688.6,669535688.6,2016-06-20,182.0,7.71,,,,,,,1000.0,SUR,,,,,RUR
EQOS,2012-06-25,ТГК-1 02,RU000A0JQ722,1.0,985.0,98.5,98.5,98.5,98.5,31.94,98.5,8.43,98.5,1.0,,98.61,,0.0,136335225.3,0.0,2014-07-01,354.0,8.43,,,,,,,1000.0,SUR,,,,,
EQOB,2012-06-25,ОткрФКБ11,RU000A0JQ748,4.0,28498500.0,99.99,100.0,100.0,100.0,35.07,99.99,7.43,99.99,28500.0,100.0,100.0,100.0,148498500.0,116498500.0,148498500.0,2014-07-02,9.0,7.85,,,,,,,1000.0,SUR,,,,,
EQNO,2012-06-25,ВК-Инвест3,RU000A0JQ7N8,3.0,10060000.0,95.8,95.81,95.8,95.8,33.86,95.81,9.96,95.81,10500.0,96.05,95.92,96.05,78857728.7,17421624.5,78857728.7,2014-07-08,679.0,9.95,,,,,,,1000.0,SUR,,,,,
EQNO,2012-06-25,Газпрнефт3,RU000A0JQ8H8,5.0,1989491.1,100.51,100.59,100.59,100.59,64.66,100.53,6.9,100.51,1979.0,100.63,100.63,100.63,14462251.6,13620817.6,14462251.6,2016-07-12,28.0,7.69,,,,,,,1000.0,SUR,,,,,
EQOB,2012-06-25,МТС 05,RU000A0JQ8Q9,5.0,7893894.8,100.48,100.7,100.48,100.52,130.79,100.55,7.9,100.7,7851.0,100.59,100.59,100.59,18127854.8,18127854.8,18127854.8,2016-07-19,31.0,7.12,,,,,,,1000.0,SUR,,,,,RUR
EQOB,2012-06-25,Мечел  4об,RU000A0JQ8V9,2.0,115019.0,100.85,100.9,100.85,100.85,31.23,100.89,9.0,100.9,114.0,100.56,100.59,100.56,1545600.8,913374.8,1545600.8,2021-07-15,31.0,8.51,,,,,,,1000.0,SUR,,,,,RUB
EQNB,2012-06-25,Лукойл БО1,RU000A0JQ9A1,11.0,38036692.1,100.68,100.75,100.72,100.72,51.21,100.72,6.9,100.75,37765.0,100.72,100.72,100.72,38036692.1,38036692.1,38036692.1,2012-08-06,42.0,6.9,,,,,,,1000.0,SUR,,,,,
EQOB,2012-06-25,МКБ 06обл,RU000A0JQ9J2,2.0,170185.0,100.08,100.15,100.08,100.11,35.8,100.11,8.73,100.15,170.0,100.13,100.13,100.13,415711774.6,413271584.5,415711774.6,2012-08-07,43.0,8.46,,,,,,,1000.0,SUR,,,,,
EQOB,2012-06-25,Система-02,RU000A0JQ9U9,4.0,10554320.0,100.93,101.2,100.93,100.93,53.34,101.0,7.74,101.2,10450.0,101.09,101.07,101.09,59468795.8,31353503.9,59468795.8,2014-08-12,50.0,7.22,,,,,,,1000.0,SUR,,,,,
EQNO,2012-06-25,МРСК Юга 2,RU000A0JQAR5,1.0,617500.0,95.0,95.0,95.0,95.0,26.19,95.0,11.02,95.0,650.0,,95.87,,0.0,1010452.8,0.0,2014-08-26,722.0,11.02,,,,,,,1000.0,SUR,,,,,
EQNO,2012-06-25,ЭлемЛиз-02,RU000A0JQBM4,1.0,2010.0,100.5,100.5,100.5,100.5,6.9,100.5,12.05,100.5,2.0,,100.11,,0.0,1001097.4,0.0,2014-09-04,77.0,12.05,,,,,,,1000.0,SUR,,,,,
EQNO,2012-06-25,СевСт-БО1,RU000A0JQCC3,4.0,5315382.4,100.05,100.07,100.07,100.07,19.93,100.06,7.25,100.05,5312.0,100.09,100.07,100.09,46873962.8,12804351.4,46873962.8,2012-09-18,85.0,7.29,,,,,,,1000.0,SUR,,,,,
EQOB,2012-06-25,Акрон 02,RU000A0JQCK6,1.0,19600.0,98.0,98.0,98.0,98.0,21.34,98.0,10.19,98.0,20.0,,97.05,,0.0,49836528.9,0.0,2013-09-19,430.0,10.19,,,,,,,1000.0,SUR,,,,,
EQNO,2012-06-25,Транснф 03,RU000A0JQCR1,1.0,1075000.0,107.5,107.5,107.5,107.5,75.36,107.5,-15.75,107.5,1000.0,108.2,108.25,108.2,16542083.8,15554893.6,16542083.8,2019-09-18,93.0,-15.75,,,,,,,1000.0,SUR,,,,,RUB
EQOB,2012-06-25,Мечел  5об,RU000A0JQFQ6,5.0,32662500.0,100.5,100.5,100.5,100.5,23.63,100.5,11.25,100.5,32500.0,100.59,100.59,100.59,106751740.0,106112017.0,106751740.0,2018-10-09,110.0,11.25,,,,,,,1000.0,SUR,,,,,
EQNO,2012-06-25,Сибметин01,RU000A0JQFU8,1.0,10701000.0,107.01,107.01,107.01,107.01,24.78,107.01,10.26,107.01,10000.0,107.03,107.0,107.03,14269714.0,13459163.2,14269714.0,2019-10-10,740.0,10.26,,,,,,,1000.0,SUR,,,,,
EQNO,2012-06-25,Трансаэро1,RU000A0JQG94,6.0,1834313.3,99.71,99.8,99.8,99.8,20.89,99.8,13.03,99.8,1838.0,99.8,99.8,99.8,2836306.9,2158663.3,2836306.9,2013-10-23,454.0,13.03,,,,,,,1000.0,SUR,,,,,
EQNB,2012-06-25,КНРГФин01,RU000A0JQGB6,1.0,1000.1,100.01,100.01,100.01,100.01,21.23,100.01,12.72,100.01,1.0,,100.0,,0.0,1265005.2,0.0,2012-10-23,120.0,12.72,,,,,,,1000.0,SUR,,,,,
EQOB,2012-06-25,НЛМК БО-5,RU000A0JQH93,3.0,8087570.8,101.06,101.1,101.06,101.06,16.2,101.09,7.69,101.08,8000.0,101.09,101.1,101.09,828235642.7,267996927.9,828235642.7,2012-10-30,127.0,7.6,,,,,,,1000.0,SUR,,,,,
EQOB,2012-06-25,Волгогр 04,RU000A0JQHU4,1.0,264188.93,103.95,103.95,103.95,103.95,14.96,103.95,6.74,103.95,391.0,103.5,103.5,103.5,60120682.19,60120682.19,60120682.19,2012-11-07,131.0,6.74,,,,,,,650.0,SUR,,,,,
EQOB,2012-06-25,Акрон 03,RU000A0JQK80,5.0,12049790.0,100.7,100.76,100.7,100.7,8.91,100.75,9.51,100.75,11960.0,100.89,100.9,100.89,32514495.4,32179209.5,32514495.4,2013-11-20,488.0,9.47,,,,,,,1000.0,SUR,,,,,
EQNO,2012-06-25,Система-03,RU000A0JQL30,5.0,13370540.0,101.85,101.94,101.91,101.91,8.56,101.93,8.02,101.85,13117.0,101.93,101.93,101.93,72071164.0,29679340.0,72071164.0,2016-11-24,157.0,7.97,,,,,,,1000.0,SUR,,,,,RUR
EQOB,2012-06-25,ЧТПЗ БО-01,RU000A0JQLW2,18.0,2586761.1,99.6,100.16,99.6,99.6,6.85,99.95,13.86,100.16,2588.0,99.95,99.95,99.95,2586761.1,2586761.1,2586761.1,2012-12-04,162.0,12.97,,,,,,,1000.0,SUR,,,,,
EQNB,2012-06-25,РЖД БО-01,RU000A0JQM62,1.0,1008.5,100.85,100.85,100.85,100.85,4.89,100.85,7.55,100.85,1.0,100.85,100.85,100.85,471777125.6,471298088.1,471777125.6,2012-12-05,163.0,7.55,,,,,,,1000.0,SUR,,,,,
EQNB,2012-06-25,ТверОбл 09,RU000A0JQN04,1.0,1045000.0,104.5,104.5,104.5,104.5,3.77,104.5,8.62,104.5,1000.0,,104.45,,0.0,2978897.6,0.0,2014-06-12,400.0,8.62,,,,,,,1000.0,SUR,,,,,
EQNB,2012-06-25,Лукойл БО7,RU000A0JQN46,1.0,1007.4,100.74,100.74,100.74,100.74,2.77,100.74,7.69,100.74,1.0,,100.78,,0.0,192226098.0,0.0,2012-12-13,171.0,7.69,,,,,,,1000.0,SUR,,,,,
EQNB,2012-06-25,ЭкспГрупп1,RU000A0JQN95,1.0,1464000.0,100.0,100.0,100.0,100.0,2.3,100.0,12.35,100.0,1464.0,,99.0,,0.0,2894800.0,0.0,2012-12-17,175.0,12.35,,,,,,,1000.0,SUR,,,,,
EQNB,2012-06-25,БизнЛайт01,RU000A0JQNQ0,1.0,2060000.0,103.0,103.0,103.0,103.0,1.32,103.0,5.75,103.0,2000.0,,100.06,,0.0,97430000.0,0.0,2012-12-20,178.0,5.75,,,,,,,1000.0,SUR,,,,,
EQNO,2012-06-25,Башнефть01,RU000A0JQNR8,1.0,10235.0,102.35,102.35,102.35,102.35,2.05,102.35,7.58,102.35,10.0,102.24,102.24,102.24,1348587.8,1348587.8,1348587.8,2016-12-13,176.0,7.58,,,,,,,1000.0,SUR,,,,,RUR
EQNO,2012-06-25,Башнефть02,RU000A0JQNS6,5.0,3079206.5,102.02,102.3,102.3,102.3,2.05,102.3,7.69,102.02,3010.0,102.24,102.29,102.24,34279565.6,3276340.4,34279565.6,2016-12-13,176.0,7.69,,,,,,,1000.0,SUR,,,,,RUR
EQNO,2012-06-25,АиФМПфин 2,RU000A0JQP02,3.0,1228518.8,100.48,102.0,102.0,101.87,1.05,101.87,8.68,100.48,1206.0,,100.5,,0.0,19691864.9,0.0,2012-12-21,179.0,8.96,,,,,,,1000.0,SUR,,,,,
EQNO,2012-06-25,СевСт-БО4,RU000A0JQSK2,1.0,1011500.0,101.15,101.15,101.15,101.15,34.46,101.15,8.01,101.15,1000.0,101.09,101.09,101.09,8352108.9,8351101.9,8352108.9,2013-02-15,227.0,8.01,,,,,,,1000.0,SUR,,,,,
EQNO,2012-06-25,СевСт-БО2,RU000A0JQSL0,2.0,6069500.0,101.15,101.16,101.15,101.16,34.46,101.16,8.01,101.16,6000.0,101.25,101.26,101.25,87318304.3,81311457.0,87318304.3,2013-02-15,227.0,7.99,,,,,,,1000.0,SUR,,,,,
EQOB,2012-06-25,Мечел БО-2,RU000A0JQT65,9.0,3133098.5,98.9,99.5,99.5,99.5,27.78,99.27,10.73,98.9,3156.0,98.88,99.16,98.88,3781066.0,3294118.5,3781066.0,2013-03-12,252.0,11.09,,,,,,,1000.0,SUR,,,,,
EQNB,2012-06-25,ВТБ БО-01,RU000A0JQT99,1.0,2985.0,99.5,99.5,99.5,99.5,2.08,99.5,8.58,99.5,3.0,99.6,99.6,99.6,41919495.0,24008527.0,41919495.0,2013-03-15,258.0,8.58,,,,,,,1000.0,SUR,,,,,
EQOB,2012-06-25,ММК БО-5,RU000A0JQU05,8.0,25124975.0,99.6,99.65,99.65,99.65,16.98,99.6,8.26,99.65,25225.0,99.55,99.57,99.55,57310266.9,37386360.0,57310266.9,2013-04-04,276.0,8.34,,,,,,,1000.0,SUR,,,,,
EQNO,2012-06-25,ИФКСОЮЗ1,RU000A0JQUL6,2.0,59400.0,99.0,99.0,99.0,99.0,7.19,99.0,,99.0,60.0,,100.14,,0.0,1191627.0,0.0,2025-03-31,4499.0,0.0,,,,,,,1000.0,SUR,,,,,
EQNO,2012-06-25,ВТБ24 06,RU000A0JQUV5,4.0,611572.0,98.8,98.8,98.8,98.8,15.14,98.8,9.17,98.8,619.0,98.77,98.79,98.77,8154678.0,4204678.0,8154678.0,2014-04-17,619.0,9.17,,,,,,,1000.0,SUR,,,,,
EQOB,2012-06-25,СоллерсБО2,RU000A0JQUW3,2.0,7939.2,99.23,99.25,99.25,99.25,13.68,99.24,,99.23,8.0,,99.79,,0.0,14918034.1,0.0,2013-05-01,302.0,0.0,,,,,,,1000.0,SUR,,,,,
EQOB,2012-06-25,ХКФ Банк-7,RU000A0JQV12,1.0,743625.0,99.15,99.15,99.15,99.15,16.03,99.15,10.49,99.15,750.0,99.03,99.15,99.03,37743491.5,6357501.5,37743491.5,2015-04-23,899.0,10.49,,,,,,,1000.0,SUR,,,,,
EQNB,2012-06-25,РБК 02,RU000A0JQVG4,1.0,49.6,80.0,80.0,80.0,80.0,0.0,80.0,,80.0,62.0,,,,0.0,0.0,0.0,2015-04-23,1032.0,0.0,,,,,,,1.0,SUR,,,,,
EQNB,2012-06-25,DOMO 01,RU000A0JQVP5,2.0,2000000.0,100.0,100.0,100.0,100.0,14.96,100.0,14.73,100.0,2000.0,,100.0,,0.0,29749000.0,0.0,2013-05-16,307.0,14.73,,,,,,,1000.0,SUR,,,,,
EQOB,2012-06-25,ОГК-5 БО15,RU000A0JQWY5,15.0,2408803.3,100.3,100.34,100.3,100.3,1.4,100.33,8.34,100.33,2401.0,100.33,100.33,100.33,2408803.3,2408803.3,2408803.3,2013-06-18,351.0,8.31,,,,,,,1000.0,SUR,,,,,
EQNO,2012-06-25,СИТРОН.БО1,RU000A0JQWZ2,5.0,884312.0,100.03,100.1,100.03,100.03,1.97,100.04,12.32,100.05,884.0,100.15,100.09,100.15,2921287.6,1966791.6,2921287.6,2013-06-18,348.0,12.31,,,,,,,1000.0,SUR,,,,,
EQNB,2012-06-25,АЛРОСА 23,RU000A0JQX10,5.0,4974233.4,100.44,100.45,100.45,100.45,0.98,100.45,9.07,100.44,4952.0,100.38,100.38,100.38,30059484.4,30039434.4,30059484.4,2015-06-18,966.0,9.07,,,,,,,1000.0,SUR,,,,,
EQOB,2012-06-25,РГС Банк-4,RU000A0JQX36,2.0,591000.0,98.5,98.5,98.5,98.5,42.67,98.5,10.61,98.5,600.0,,98.49,,0.0,10840730.7,0.0,2015-07-03,348.0,10.61,,,,,,,1000.0,SUR,,,,,
EQOB,2012-06-25,Карелия 13,RU000A0JQX51,2.0,1669116.75,100.95,101.0,101.0,100.98,0.93,100.98,9.1,100.95,1900.0,,101.54,,0.0,6079475.61,0.0,2015-06-18,498.0,9.12,,,,,,,870.0,SUR,,,,,
EQNB,2012-06-25,ТомскАдм 3,RU000A0JQX85,2.0,2105.25,100.25,100.25,100.25,100.25,0.0,100.25,10.15,100.25,3.0,,100.49,,0.0,3138560.25,0.0,2014-06-23,532.0,10.15,,,,,,,700.0,SUR,,,,,
EQOB,2012-06-25,ДОМ.РФ16об,RU000A0JQXG0,3.0,3915000.0,96.05,99.7,96.05,96.05,2.26,97.88,9.35,99.7,4000.0,97.12,97.12,97.12,10374069.2,10374069.2,10374069.2,2021-09-15,1890.0,8.96,,,,,,,1000.0,SUR,,,,,RUB
EQNO,2012-06-25,ЕвроХим 02,RU000A0JQXQ9,1.0,699300.0,99.9,99.9,99.9,99.9,42.43,99.9,9.14,99.9,700.0,,99.52,,0.0,93023156.0,0.0,2018-06-26,949.0,9.14,,,,,,,1000.0,SUR,,,,,RUB
EQNB,2012-06-25,СУЭК-Фин01,RU000A0JQXR7,9.0,30015000.0,100.05,100.05,100.05,100.05,43.8,100.05,9.51,100.05,30000.0,100.04,100.05,100.04,32497574.6,30081514.8,32497574.6,2020-06-26,351.0,9.51,,,,,,,1000.0,SUR,,,,,RUB
EQNO,2012-06-25,НовПерКом1,RU000A0JQXS5,1.0,861875.0,98.5,98.5,98.5,98.5,12.95,98.5,10.68,98.5,1250.0,99.26,99.37,99.26,142891952.0,101311259.0,142891952.0,2015-07-10,539.0,10.68,,,,,,,700.0,SUR,,,,,
EQOB,2012-06-25,Краснодар1,RU000A0JQXT3,1.0,12024000.0,100.2,100.2,100.2,100.2,40.29,100.2,8.45,100.2,12000.0,,100.17,,0.0,14463088.0,0.0,2013-07-03,334.0,8.45,,,,,,,1000.0,SUR,,,,,
EQNO,2012-06-25,Росгосстр1,RU000A0JQYA1,3.0,776890.0,99.6,99.61,99.6,99.6,43.29,99.6,15.78,99.61,780.0,99.73,99.71,99.73,2414526.9,1612341.3,2414526.9,2015-07-16,28.0,15.78,,,,,,,1000.0,SUR,,,,,
EQNO,2012-06-25,ГлобэксБО2,RU000A0JQYB9,1.0,25275000.0,101.1,101.1,101.1,101.1,42.04,101.1,8.98,101.1,25000.0,101.11,101.11,101.11,162331703.9,162079253.9,162331703.9,2013-07-22,367.0,8.98,,,,,,,1000.0,SUR,,,,,
EQNO,2012-06-25,ТКСБанк 02,RU000A0JQYH6,5.0,64196.0,106.99,107.0,107.0,106.99,82.74,106.99,13.28,107.0,60.0,,107.03,,0.0,504099.8,0.0,2013-07-28,352.0,13.29,,,,,,,1000.0,SUR,,,,,
EQNO,2012-06-25,НефГазХол3,RU000A0JQYU9,1.0,517400.0,99.5,99.5,99.5,99.5,39.0,99.5,10.49,99.5,520.0,,98.64,,0.0,62997296.0,0.0,2020-07-21,375.0,10.49,,,,,,,1000.0,SUR,,,,,RUB
EQOB,2012-06-25,НорНик БО3,RU000A0JQYY1,3.0,16052281.8,99.46,99.5,99.5,99.5,28.0,99.5,7.61,99.5,16133.0,99.48,99.48,99.48,20818608.8,19407031.8,20818608.8,2013-07-30,382.0,7.61,,,,,,,1000.0,SUR,,,,,
EQNO,2012-06-25,ВТБ ЛизФ09,RU000A0JQZ75,15.0,927056.31,98.15,98.2,98.2,98.2,7.63,98.17,8.71,98.15,1116.0,98.17,98.17,98.17,927056.31,927056.31,927056.31,2017-08-02,464.0,8.73,,,,,,,846.16,SUR,,,,,RUR
EQNO,2012-06-25,МедведьБО1,RU000A0JQZR2,4.0,43090000.0,100.0,100.0,100.0,100.0,13.01,100.0,13.01,100.0,43090.0,,100.05,,0.0,133080975.0,0.0,2013-08-16,53.0,13.01,,,,,,,1000.0,SUR,,,,,
EQOB,2012-06-25,ОткрФКБ12,RU000A0JQZT8,1.0,497000.0,99.4,99.4,99.4,99.4,28.64,99.4,9.24,99.4,500.0,99.2,99.3,99.2,44558269.3,14812279.3,44558269.3,2017-08-28,404.0,9.24,,,,,,,1000.0,SUR,,,,,RUR
EQNB,2012-06-25,Хакасия 01,RU000A0JQZX0,1.0,1002700.0,100.27,100.27,100.27,100.27,7.41,100.27,8.03,100.27,1000.0,,100.15,,0.0,93463752.3,0.0,2013-08-25,251.0,8.03,,,,,,,1000.0,SUR,,,,,
EQNB,2012-06-25,РосселхБО5,RU000A0JR084,2.0,8999000.0,99.95,100.0,100.0,100.0,23.08,99.99,7.24,99.95,9000.0,100.0,100.0,100.0,204044000.0,116627000.0,204044000.0,2013-08-28,65.0,7.3,,,,,,,1000.0,SUR,,,,,
EQNB,2012-06-25,РосселхБО1,RU000A0JR0D3,1.0,9995000.0,99.95,99.95,99.95,99.95,23.08,99.95,7.54,99.95,10000.0,99.99,99.99,99.99,107856900.0,92858900.0,107856900.0,2013-08-28,65.0,7.54,,,,,,,1000.0,SUR,,,,,
EQOS,2012-06-25,ЯкутскэБО1,RU000A0JR0F8,1.0,2994.0,99.8,99.8,99.8,99.8,25.09,99.8,8.59,99.8,3.0,,99.62,,0.0,72078812.5,0.0,2013-09-03,414.0,8.59,,,,,,,1000.0,SUR,,,,,
EQOB,2012-06-25,Мечел 14об,RU000A0JR0J0,4.0,759464.7,94.46,94.77,94.77,94.46,30.41,94.46,12.37,94.46,804.0,94.41,94.41,94.41,770378.1,770378.1,770378.1,2020-02-25,989.0,12.5,,,,,,,1000.0,SUR,,,,,RUB
EQOB,2012-06-25,Мечел 13об,RU000A0JR0K8,6.0,29392915.4,94.74,94.9,94.9,94.9,30.41,94.84,12.32,94.74,30992.0,,94.94,,0.0,32280415.5,0.0,2020-02-25,990.0,12.34,,,,,,,1000.0,SUR,,,,,RUB
EQOB,2012-06-25,МагнитБО-4,RU000A0JR159,6.0,1995421.2,99.05,99.6,99.32,99.46,23.73,99.18,9.03,99.3,2012.0,,99.58,,0.0,8325079.2,0.0,2013-09-09,420.0,9.16,,,,,,,1000.0,SUR,,,,,
EQOB,2012-06-25,ЛСР БО-2,RU000A0JR1B5,1.0,675762.6,99.67,99.67,99.67,99.67,28.49,99.67,10.53,99.67,678.0,99.67,99.67,99.67,1040554.8,1036571.6,1040554.8,2013-09-10,416.0,10.53,,,,,,,1000.0,SUR,,,,,
EQNO,2012-06-25,ТГК-2 БО-1,RU000A0JR1F6,78.0,10925300.4,83.0,85.39,83.5,83.7,23.92,83.17,26.99,85.39,13136.0,83.17,83.17,83.17,10925300.4,10925300.4,10925300.4,,423.0,27.41,,,,,,,1000.0,SUR,,,,,
EQNO,2012-06-25,Русфинанс8,RU000A0JR1G4,1.0,998.9,99.89,99.89,99.89,99.89,20.67,99.89,8.27,99.89,1.0,,99.76,,0.0,23390888.9,0.0,2015-09-14,84.0,8.27,,,,,,,1000.0,SUR,,,,,
EQNB,2012-06-25,Русфинанс9,RU000A0JR1H2,1.0,998.9,99.89,99.89,99.89,99.89,20.46,99.89,8.27,99.89,1.0,,99.58,,0.0,117318943.0,0.0,2015-09-15,85.0,8.27,,,,,,,1000.0,SUR,,,,,
EQOB,2012-06-25,Зенит БО-2,RU000A0JR1K6,4.0,2274545.0,99.98,99.98,99.98,99.98,20.17,99.98,7.91,99.98,2275.0,99.97,99.97,99.97,50218204.0,37074764.0,50218204.0,2013-09-22,89.0,7.91,,,,,,,1000.0,SUR,,,,,
EQNB,2012-06-25,СПб-Б БО-2,RU000A0JR1P5,1.0,998.7,99.87,99.87,99.87,99.87,22.44,99.87,9.3,99.87,1.0,99.85,99.85,99.85,39445553.9,39435577.9,39445553.9,2013-09-23,432.0,9.3,,,,,,,1000.0,SUR,,,,,
EQNB,2012-06-25,ТКСБанкБО1,RU000A0JR1Q3,1.0,101010.0,101.01,101.01,101.01,101.01,36.62,101.01,13.7,101.01,100.0,,101.34,,0.0,510755.4,0.0,2013-09-20,417.0,13.7,,,,,,,1000.0,SUR,,,,,
EQNB,2012-06-25,СИТРОН.БО2,RU000A0JR233,2.0,101644.0,99.6,99.7,99.7,99.7,22.68,99.65,12.05,99.6,102.0,99.61,99.65,99.61,9150509.5,2695540.5,9150509.5,2013-10-07,105.0,12.24,,,,,,,1000.0,SUR,,,,,
EQOB,2012-06-25,СудострБ-4,RU000A0JR2T5,6.0,784561.0,97.0,99.0,99.0,99.0,22.9,98.07,12.18,98.5,800.0,98.47,98.13,98.47,1939953.0,1049943.0,1939953.0,2013-10-08,442.0,13.04,,,,,,,1000.0,SUR,,,,,
EQNB,2012-06-25,Беларусь01,RU000A0JR2Z2,4.0,98515813.5,98.5,98.85,98.5,98.5,0.95,98.5,12.45,98.8,100016.0,98.5,98.5,98.5,99081302.0,99046699.0,99081302.0,2012-12-20,176.0,12.45,,,,,,,1000.0,SUR,,,,,
EQNO,2012-06-25,ВК-Инвест7,RU000A0JR381,2.0,51028.0,94.3,94.5,94.3,94.5,15.69,94.5,10.64,94.5,54.0,94.81,94.85,94.81,21767516.0,20117193.0,21767516.0,2015-10-13,1058.0,10.57,,,,,,,1000.0,SUR,,,,,
EQOB,2012-06-25,КОМИ 9в об,RU000A0JR3B1,1.0,988.0,98.8,98.8,98.8,98.8,13.97,98.8,8.11,98.8,1.0,,99.22,,0.0,96160063.0,0.0,2014-10-18,621.0,8.11,,,,,,,1000.0,SUR,,,,,
EQNO,2012-06-25,ВЭБ.РФ 06,RU000A0JR3H8,3.0,8186.2,90.8,91.25,90.8,90.96,13.42,90.96,10.44,91.25,9.0,,94.26,,0.0,1380016.2,0.0,2020-10-13,1581.0,10.39,,,,,,,1000.0,SUR,,,,,RUB
EQNO,2012-06-25,Росгосстр2,RU000A0JR472,3.0,707370.0,99.6,99.7,99.7,99.62,13.23,99.63,11.57,99.7,710.0,98.07,98.07,98.07,63716441.4,63715442.0,63716441.4,2017-11-02,140.0,11.78,,,,,,,1000.0,SUR,,,,,RUR
EQNO,2012-06-25,РВКФинанс3,RU000A0JR498,1.0,686000.0,98.0,98.0,98.0,98.0,10.36,98.0,10.86,98.0,700.0,98.63,98.12,98.63,24415154.8,916398.8,24415154.8,2015-11-09,481.0,10.86,,,,,,,1000.0,SUR,,,,,
EQNB,2012-06-25,ЮнКрБанк-4,RU000A0JR4F0,1.0,476256.0,99.22,99.22,99.22,99.22,7.86,99.22,9.27,99.22,480.0,,,,0.0,0.0,0.0,2015-11-10,141.0,9.27,,,,,,,1000.0,SUR,,,,,
EQOB,2012-06-25,МТС 07,RU000A0JR4H6,5.0,875250.0,97.25,97.25,97.25,97.25,9.77,97.25,9.58,97.25,900.0,97.39,97.16,97.39,4131491.0,1291316.0,4131491.0,2017-11-07,1587.0,9.58,,,,,,,1000.0,SUR,,,,,RUR
EQOB,2012-06-25,РосДорБ-1,RU000A0JR571,3.0,100985.1,96.0,99.7,99.7,99.7,5.36,96.18,12.53,96.01,105.0,98.8,98.66,98.8,1877252.2,1085252.2,1877252.2,2013-12-09,166.0,21.74,,,,,,,1000.0,SUR,,,,,
EQOB,2012-06-25,ВнешпрБО-1,RU000A0JR597,7.0,2560235.0,100.4,100.45,100.4,100.4,8.37,100.4,11.02,100.4,2550.0,100.38,100.38,100.38,3488362.5,3488362.5,3488362.5,2013-11-30,158.0,11.02,,,,,,,1000.0,SUR,,,,,
EQNB,2012-06-25,ТКСБанкБО2,RU000A0JR5A8,11.0,867048.4,103.95,104.15,104.15,104.15,12.21,104.09,13.61,104.14,833.0,104.09,104.09,104.09,867048.4,867048.4,867048.4,2013-11-26,479.0,13.66,,,,,,,1000.0,SUR,,,,,
EQNO,2012-06-25,КрЕврБ-06,RU000A0JR5K7,2.0,499500.0,99.9,99.9,99.9,99.9,28.42,99.9,9.03,99.9,500.0,,99.95,,0.0,14629046.6,0.0,2014-02-18,57.0,9.03,,,,,,,1000.0,SUR,,,,,
EQOS,2012-06-25,КрайИнвБО1,RU000A0JR696,1.0,61566.0,99.3,99.3,99.3,99.3,16.98,99.3,11.78,99.3,62.0,99.3,99.29,99.3,35112966.0,13404500.0,35112966.0,2014-04-19,116.0,11.78,,,,,,,1000.0,SUR,,,,,
EQNO,2012-06-25,ЕврофНедв1,RU000A0JR6N9,1.0,3600000.0,100.0,100.0,100.0,100.0,0.21,100.0,1.5,100.0,3600.0,,,,0.0,0.0,0.0,2015-12-16,177.0,1.5,,,,,,,1000.0,SUR,,,,,
EQNO,2012-06-25,ЕврофНедв2,RU000A0JR6P4,2.0,5993000.0,100.0,100.0,100.0,100.0,0.16,100.0,1.51,100.0,5993.0,,,,0.0,0.0,0.0,2015-12-17,178.0,1.51,,,,,,,1000.0,SUR,,,,,
EQNB,2012-06-25,ТрансмшБО1,RU000A0JR7H9,16.0,4945950.0,94.75,94.75,94.75,94.75,26.89,94.75,10.43,94.75,5220.0,94.75,94.75,94.75,4945950.0,4945950.0,4945950.0,2014-01-23,542.0,10.43,,,,,,,1000.0,SUR,,,,,
EQNB,2012-06-25,Газпрнефт9,RU000A0JR860,2.0,2051.1,95.01,110.1,95.01,102.56,32.37,102.56,10.43,110.1,2.0,,99.11,,0.0,9284598.1,0.0,2021-01-26,1133.0,7.82,,,,,,,1000.0,SUR,,,,,
EQOB,2012-06-25,Мечел 15об,RU000A0JR8L9,5.0,38016110.0,94.5,94.6,94.6,94.58,28.25,94.57,12.29,94.5,40200.0,94.54,94.56,94.54,52778640.9,38601760.7,52778640.9,2021-02-09,559.0,12.31,,,,,,,1000.0,SUR,,,,,RUB
EQNB,2012-06-25,ТКСБанкБО3,RU000A0JR8R6,10.0,7776783.9,100.45,100.6,100.45,100.45,47.95,100.58,11.04,100.5,7732.0,100.58,100.58,100.58,7776783.9,7776783.9,7776783.9,2014-02-18,57.0,10.17,,,,,,,1000.0,SUR,,,,,
EQOB,2012-06-25,МКБ БО-01,RU000A0JR8T2,1.0,10263950.0,99.65,99.65,99.65,99.65,28.88,99.65,9.22,99.65,10300.0,,99.59,,0.0,71030186.0,0.0,2014-02-22,235.0,9.22,,,,,,,1000.0,SUR,,,,,
EQOB,2012-06-25,НОМОС БО1,RU000A0JR9A0,1.0,1791000.0,99.5,99.5,99.5,99.5,30.42,99.5,9.64,99.5,1800.0,99.62,99.64,99.62,33612251.0,29634251.0,33612251.0,2014-02-24,562.0,9.64,,,,,,,1000.0,SUR,,,,,
EQNO,2012-06-25,УВЗ 2об,RU000A0JR9E2,2.0,586680.0,97.25,97.85,97.25,97.25,28.93,97.78,11.83,97.85,600.0,,97.8,,0.0,13395191.5,0.0,2018-02-20,405.0,11.3,,,,,,,1000.0,SUR,,,,,RUB
EQNO,2012-06-25,НацСтанд01,RU000A0JR9F9,6.0,19980000.0,99.9,99.9,99.9,99.9,29.0,99.9,10.15,99.9,20000.0,99.91,99.9,99.91,79926000.0,49952000.0,79926000.0,2014-03-11,249.0,10.15,,,,,,,1000.0,SUR,,,,,
EQOB,2012-06-25,ЛСР БО-3,RU000A0JRCC1,6.0,8237308.7,95.55,96.04,95.9,95.9,24.73,95.82,12.54,95.56,8597.0,95.83,95.83,95.83,8604639.9,8604639.9,8604639.9,2014-03-20,584.0,12.6,,,,,,,1000.0,SUR,,,,,
EQNO,2012-06-25,ВЭБ.РФ 09,RU000A0JRCX7,2.0,3855074.5,96.25,96.4,96.4,96.38,19.05,96.38,9.25,96.25,4000.0,96.39,96.39,96.39,9912954.0,9912954.0,9912954.0,2021-03-18,1185.0,9.26,,,,,,,1000.0,SUR,,,,,RUB
EQOB,2012-06-25,Ростел 11,RU000A0JRDR7,1.0,20138.0,100.69,100.69,100.69,100.69,17.31,100.69,12.05,100.69,20.0,100.58,100.58,100.58,4442754.9,4440739.1,4442754.9,2019-07-24,1606.0,12.05,,,,,,,1000.0,SUR,,,,,
EQOB,2012-06-25,СКБбанкБО5,RU000A0JREL8,1.0,1001000.0,100.1,100.1,100.1,100.1,16.73,100.1,7.99,100.1,1000.0,,99.97,,0.0,26424611.8,0.0,2014-04-10,108.0,7.99,,,,,,,1000.0,SUR,,,,,
EQOB,2012-06-25,МКБ БО-04,RU000A0JRER5,1.0,5897908.1,99.61,99.61,99.61,99.61,15.56,99.61,9.46,99.61,5921.0,99.65,99.62,99.65,11964161.7,7693798.2,11964161.7,2014-04-15,112.0,9.46,,,,,,,1000.0,SUR,,,,,
EQNO,2012-06-25,РУСАЛБАл08,RU000A0JRF11,4.0,884628.0,87.5,87.53,87.5,87.5,16.3,87.5,14.52,87.53,1011.0,87.68,87.68,87.68,9797424.0,9797424.0,9797424.0,2021-04-05,909.0,14.52,,,,,,,1000.0,SUR,,,,,RUB
EQOB,2012-06-25,РусГидро01,RU000A0JRFN1,1.0,689500.0,98.5,98.5,98.5,98.5,13.81,98.5,8.64,98.5,700.0,97.66,97.65,97.66,80998580.5,80345514.7,80998580.5,2021-04-12,1213.0,8.64,,,,,,,1000.0,SUR,,,,,RUB
EQOB,2012-06-25,МагнитБО-6,RU000A0JRFQ4,2.0,98100000.0,98.1,98.1,98.1,98.1,13.16,98.1,9.09,98.1,100000.0,,97.97,,0.0,143674866.7,0.0,2014-04-22,626.0,9.09,,,,,,,1000.0,SUR,,,,,
EQNO,2012-06-25,Разг.БО-16,RU000A0JRFS0,4.0,120621.4,98.0,98.8,98.0,98.01,15.45,98.07,18.47,98.8,123.0,,98.02,,0.0,510708.8,0.0,2014-05-07,135.0,18.24,,,,,,,1000.0,SUR,,,,,
EQNB,2012-06-25,КузбЭнрФ02,RU000A0JRFX0,1.0,75680.0,88.0,88.0,88.0,88.0,14.3,88.0,13.16,88.0,86.0,,92.51,,0.0,10181027.0,0.0,2021-04-15,1185.0,13.16,,,,,,,1000.0,SUR,,,,,RUR
EQOB,2012-06-25,Зенит БО-6,RU000A0JRHD8,1.0,9965000.0,99.65,99.65,99.65,99.65,5.96,99.65,8.25,99.65,10000.0,99.64,99.64,99.64,13300657.6,13300657.6,13300657.6,2014-05-26,154.0,8.25,,,,,,,1000.0,SUR,,,,,
EQOB,2012-06-25,СамарОбл 7,RU000A0JRJF9,2.0,822850.0,96.8,96.9,96.9,96.9,3.9,96.81,9.14,96.8,850.0,97.48,97.48,97.48,1158570228.7,1156132728.7,1158570228.7,2016-11-30,861.0,9.18,,,,,,,1000.0,SUR,,,,,RUR
EQNO,2012-06-25,ЕврХолдФ 5,RU000A0JRJW4,1.0,950000.0,95.0,95.0,95.0,95.0,4.14,95.0,10.21,95.0,1000.0,94.98,94.98,94.98,5806210.0,5806210.0,5806210.0,2021-05-27,1246.0,10.21,,,,,,,1000.0,SUR,,,,,RUR
EQNO,2012-06-25,РСГ-Фин 1,RU000A0JRK63,7.0,30200184.0,98.8,99.2,99.2,99.2,1.47,98.95,13.07,99.0,30522.0,98.95,98.95,98.95,31625784.0,31553514.0,31625784.0,2014-06-18,175.0,13.66,,,,,,,1000.0,SUR,,,,,
EQOB,2012-06-25,МКБ БО-05,RU000A0JRKG5,8.0,7295859.0,96.5,96.85,96.55,96.55,0.5,96.54,11.49,96.5,7557.0,96.33,96.53,96.33,33420077.2,7585423.5,33420077.2,2014-06-23,680.0,11.5,,,,,,,1000.0,SUR,,,,,
EQNB,2012-06-25,КузбЭнрФ01,RU000A0JRKN1,1.0,980.0,98.0,98.0,98.0,98.0,0.0,98.0,9.38,98.0,1.0,,,,0.0,0.0,0.0,2021-06-14,686.0,9.38,,,,,,,1000.0,SUR,,,,,RUR
EQNB,2012-06-25,РусфинБО-1,RU000A0JRL70,2.0,2937.5,97.75,98.0,98.0,98.0,33.89,97.92,9.45,97.75,3.0,,98.29,,0.0,20380165.5,0.0,2014-07-04,355.0,9.54,,,,,,,1000.0,SUR,,,,,
EQNO,2012-06-25,НовикомБО1,RU000A0JRL88,1.0,5928000.0,98.8,98.8,98.8,98.8,39.59,98.8,9.98,98.8,6000.0,,99.05,,0.0,33184477.1,0.0,2014-07-07,355.0,9.98,,,,,,,1000.0,SUR,,,,,
EQNO,2012-06-25,ФСК ЕЭС-13,RU000A0JRL96,11.0,975000.0,96.0,99.0,99.0,99.0,40.52,97.5,8.85,96.0,1000.0,97.5,97.5,97.5,975000.0,975000.0,975000.0,2021-06-22,2253.0,9.11,,,,,,,1000.0,SUR,,,,,RUB
EQOB,2012-06-25,ММК БО-6,RU000A0JRM87,7.0,57265900.0,95.26,95.99,95.4,95.4,32.55,95.44,9.97,95.99,60000.0,95.74,95.45,95.74,201058200.0,78268500.0,201058200.0,2014-07-10,682.0,9.95,,,,,,,1000.0,SUR,,,,,
EQOB,2012-06-25,СтрКредБО2,RU000A0JRN29,1.0,10340.0,94.0,94.0,94.0,94.0,40.41,94.0,112.07,94.0,11.0,94.32,94.22,94.32,2628740.0,2285790.0,2628740.0,2014-07-28,33.0,112.07,,,,,,,1000.0,SUR,,,,,
EQOV,2012-06-25,ОТПБанкБО1,RU000A0JRN37,4.0,475994.0,93.6,93.7,93.7,93.7,31.8,93.7,11.73,93.6,508.0,93.64,93.65,93.64,44169589.0,42861989.0,44169589.0,2014-07-29,694.0,11.73,,,,,,,1000.0,SUR,,,,,
EQOB,2012-06-25,ЛСР БО-5,RU000A0JRN45,5.0,555978.4,92.8,92.86,92.8,92.82,35.04,92.82,12.89,92.86,599.0,92.82,92.8,92.82,3229037.8,711793.0,3229037.8,2014-07-24,685.0,12.88,,,,,,,1000.0,SUR,,,,,
EQNB,2012-06-25,МиратФБО-1,RU000A0JRNR6,1.0,23375.0,93.5,93.5,93.5,93.5,35.0,93.5,12.74,93.5,25.0,,93.96,,0.0,57677630.0,0.0,2014-07-29,688.0,12.74,,,,,,,1000.0,SUR,,,,,
EQOB,2012-06-25,РенКредБО3,RU000A0JRNW6,7.0,8763364.2,97.15,97.5,97.45,97.45,38.24,97.32,12.78,97.5,9005.0,97.31,97.32,97.31,9058796.9,8861541.9,9058796.9,2014-08-05,380.0,12.92,,,,,,,1000.0,SUR,,,,,
EQOB,2012-06-25,ВостЭксБО2,RU000A0JRTB7,1.0,3308910.0,100.27,100.27,100.27,100.27,25.32,100.27,9.51,100.27,3300.0,100.34,100.34,100.34,14257799.0,14247740.0,14257799.0,2014-09-25,94.0,9.51,,,,,,,1000.0,SUR,,,,,
EQNO,2012-06-25,СТП 01,RU000A0JRTQ5,3.0,252775.0,90.25,90.3,90.3,90.3,175.34,90.28,,90.25,28.0,90.31,90.34,90.31,37224318.0,28925896.0,37224318.0,2016-09-30,11.0,0.0,,,,,,,10000.0,SUR,,,,,
EQOB,2012-06-25,ОткрФКББ02,RU000A0JRTX1,7.0,64747150.0,99.25,99.4,99.37,99.37,14.9,99.31,8.99,99.4,65200.0,,99.44,,0.0,79755146.0,0.0,2014-10-18,290.0,9.07,,,,,,,1000.0,SUR,,,,,
EQNB,2012-06-25,ВЭБлизинг9,RU000A0JRV52,2.0,1006503.0,100.3,100.55,100.55,100.55,13.02,100.55,8.71,100.3,1001.0,100.02,100.15,100.02,111033682.3,11023632.3,111033682.3,2021-10-20,783.0,8.71,,,,,,,1000.0,SUR,,,,,RUB
EQOV,2012-06-25,ОТПБанкБО3,RU000A0JRV94,2.0,4815008.0,100.61,101.0,100.61,100.61,15.25,100.73,8.83,101.0,4780.0,100.68,100.68,100.68,26861233.0,24847233.0,26861233.0,2014-10-30,129.0,8.47,,,,,,,1000.0,SUR,,,,,
EQNO,2012-06-25,ГазпромК03,RU000A0JRVT5,6.0,12748045.5,100.0,100.1,100.1,100.1,9.45,100.03,7.32,100.05,12744.0,100.04,100.04,100.04,23469045.5,23469045.5,23469045.5,2014-11-06,136.0,7.52,,,,,,,1000.0,SUR,,,,,
EQOB,2012-06-25,НЛМК БО-7,RU000A0JRW10,2.0,19220191.9,100.22,100.25,100.22,100.22,10.05,100.22,9.03,100.25,19178.0,100.25,100.24,100.25,60866961.9,55831901.9,60866961.9,2014-11-11,795.0,9.03,,,,,,,1000.0,SUR,,,,,
EQOB,2012-06-25,Зенит БО-3,RU000A0JRW36,4.0,14650181.5,100.15,100.2,100.15,100.15,9.83,100.2,8.48,100.2,14621.0,100.2,100.21,100.2,75273779.3,45215278.3,75273779.3,2014-11-15,143.0,8.35,,,,,,,1000.0,SUR,,,,,
EQNO,2012-06-25,РосбанкБО3,RU000A0JRW85,2.0,2006.0,100.0,100.6,100.6,100.3,9.81,100.3,8.39,100.0,2.0,,100.21,,0.0,125306240.0,0.0,2014-11-16,317.0,8.76,,,,,,,1000.0,SUR,,,,,
EQOB,2012-06-25,НижгорОбл7,RU000A0JRWA3,1.0,922500.0,102.5,102.5,102.5,102.5,10.63,102.5,9.0,102.5,900.0,101.98,101.96,101.98,91573029.5,83399029.5,91573029.5,2016-11-16,921.0,9.0,,,,,,,1000.0,SUR,,,,,RUR
EQOB,2012-06-25,КостромОб6,RU000A0JRWS5,1.0,27000.0,100.0,100.0,100.0,100.0,8.33,100.0,9.84,100.0,27.0,99.75,99.75,99.75,8181144.0,8181144.0,8181144.0,2016-11-17,775.0,9.84,,,,,,,1000.0,SUR,,,,,RUR
EQNB,2012-06-25,КраснЯрКр5,RU000A0JRYP7,13.0,14412900.0,101.05,101.6,101.6,101.6,5.21,101.5,8.44,101.05,14200.0,101.5,101.5,101.5,14412900.0,14412900.0,14412900.0,2016-11-29,662.0,8.5,,,,,,,1000.0,SUR,,,,,RUR
EQNB,2012-06-25,АльфаБанк2,RU000A0JRZB4,5.0,111921931.0,100.2,100.7,100.41,100.41,4.31,100.29,8.97,100.2,111602.0,100.39,100.39,100.39,150283556.0,149981606.0,150283556.0,2016-12-02,339.0,9.11,,,,,,,1000.0,SUR,,,,,RUR
EQNB,2012-06-25,ЮнКрБанкБ1,RU000A0JS0E0,1.0,529200.0,98.0,98.0,98.0,98.0,2.96,98.0,10.78,98.0,540.0,99.16,98.54,99.16,1630200.0,1131224.0,1630200.0,2014-12-10,511.0,10.78,,,,,,,1000.0,SUR,,,,,
EQNO,2012-06-25,ГПБ БО-04,RU000A0JS173,1.0,1003.3,100.33,100.33,100.33,100.33,1.16,100.33,7.96,100.33,1.0,100.2,100.29,100.2,158277291.5,30743810.8,158277291.5,2014-12-20,182.0,7.96,,,,,,,1000.0,SUR,,,,,
EQNO,2012-06-25,ВТБ БО-03,RU000A0JS1M1,1.0,63616000.0,99.4,99.4,99.4,99.4,1.32,99.4,8.64,99.4,64000.0,,99.3,,0.0,224407300.0,0.0,2015-03-17,595.0,8.64,,,,,,,1000.0,SUR,,,,,
EQNB,2012-06-25,Веста 01,RU000A0JS1S8,1.0,2037.8,101.89,101.89,101.89,101.89,51.7,101.89,6.02,101.89,2.0,,100.01,,0.0,757057.1,0.0,2026-12-04,179.0,6.02,,,,,,,1000.0,SUR,,,,,RUB
EQNO,2012-06-25,ВТБ БО-06,RU000A0JS1T6,9.0,71261412.5,100.25,100.61,100.36,100.36,0.7,100.36,7.97,100.61,71005.0,100.36,100.36,100.36,73663228.2,71296500.0,73663228.2,2014-12-19,177.0,7.97,,,,,,,1000.0,SUR,,,,,
EQNO,2012-06-25,ВТБ БО-07,RU000A0JS1U4,7.0,4707270.0,100.15,100.17,100.15,100.15,12.85,100.15,7.9,100.17,4700.0,100.06,100.13,100.06,14751806.1,6738816.0,14751806.1,2015-01-23,209.0,7.9,,,,,,,1000.0,SUR,,,,,
EQNB,2012-06-25,ВЭБлизинг6,RU000A0JS389,1.0,3475500.0,99.3,99.3,99.3,99.3,34.27,99.3,9.53,99.3,3500.0,99.86,99.91,99.86,38945500.0,33969000.0,38945500.0,2017-01-31,815.0,9.53,,,,,,,1000.0,SUR,,,,,RUR
EQOV,2012-06-25,УрлсбЛКБО5,RU000A0JS3E4,4.0,12892519.22,100.25,100.3,100.3,100.3,13.29,100.3,11.73,100.25,14022.0,100.33,100.3,100.33,48770850.03,30369701.73,48770850.03,2015-02-05,453.0,11.73,,,,,,,916.7,SUR,,,,,
EQNB,2012-06-25,ОИЖК-02,RU000A0JS3Q8,3.0,4119.9,102.99,103.0,103.0,103.0,39.78,103.0,9.9,102.99,4.0,,102.07,,0.0,623655.9,0.0,2017-02-07,830.0,9.9,,,,,,,1000.0,SUR,,,,,RUR
EQNB,2012-06-25,Башнефть04,RU000A0JS3U0,1.0,998.5,99.85,99.85,99.85,99.85,31.81,99.85,9.26,99.85,1.0,99.72,99.72,99.72,252297750.1,252296754.1,252297750.1,2022-02-04,852.0,9.26,,,,,,,1000.0,SUR,,,,,RUB
EQNB,2012-06-25,ТатфондБО4,RU000A0JS3X4,1.0,267330.0,99.75,99.75,99.75,99.75,38.42,99.75,11.97,99.75,268.0,99.61,99.62,99.61,109276307.3,35699656.3,109276307.3,2015-02-17,229.0,11.97,,,,,,,1000.0,SUR,,,,,
EQNB,2012-06-25,ЮнКрБанкБ2,RU000A0JS4H5,1.0,990.0,99.0,99.0,99.0,99.0,26.78,99.0,9.61,99.0,1.0,99.6,99.6,99.6,5489934.0,5483970.0,5489934.0,2015-02-27,409.0,9.61,,,,,,,1000.0,SUR,,,,,
EQNB,2012-06-25,НПК БО-01,RU000A0JS4S2,3.0,24795000.0,99.15,99.2,99.2,99.2,30.41,99.18,10.6,99.15,25000.0,99.11,99.11,99.11,64972851.0,64963950.0,64972851.0,2015-03-03,859.0,10.61,,,,,,,1000.0,SUR,,,,,
EQNB,2012-06-25,НПК БО-02,RU000A0JS4T0,4.0,24796990.0,99.0,100.0,99.2,99.2,30.41,99.18,10.6,100.0,25002.0,99.11,99.11,99.11,64427922.2,64427922.2,64427922.2,2015-03-03,859.0,10.61,,,,,,,1000.0,SUR,,,,,
EQNB,2012-06-25,РусфинБО-2,RU000A0JS4U8,1.0,1010.0,101.0,101.0,101.0,101.0,26.61,101.0,8.0,101.0,1.0,,99.26,,0.0,160117228.0,0.0,2015-03-06,415.0,8.0,,,,,,,1000.0,SUR,,,,,
EQOV,2012-06-25,ТрансаэрБ1,RU000A0JS4W4,8.0,2587798.4,99.65,99.8,99.65,99.65,38.01,99.68,13.19,99.8,2596.0,99.72,99.7,99.72,3654754.4,3056952.4,3654754.4,2015-03-03,404.0,13.16,,,,,,,1000.0,SUR,,,,,
EQNB,2012-06-25,МЕТАЛИНВ 5,RU000A0JS5A7,3.0,19620991.0,98.1,99.1,98.1,98.1,24.16,98.1,10.04,99.1,20001.0,98.06,98.08,98.06,38863525.0,26874491.0,38863525.0,2022-03-07,882.0,10.04,,,,,,,1000.0,SUR,,,,,RUB
EQNB,2012-06-25,ВымпелКом1,RU000A0JS5E9,2.0,1946.1,96.95,97.66,96.95,97.31,23.52,97.31,10.41,97.66,2.0,97.11,97.1,97.11,44660391.7,44408897.1,44660391.7,2022-03-08,884.0,10.24,,,,,,,1000.0,SUR,,,,,RUB
EQNB,2012-06-25,ВымпелКом4,RU000A0JS5F6,1.0,4850000.0,97.0,97.0,97.0,97.0,23.52,97.0,10.38,97.0,5000.0,96.91,96.93,96.91,54640126.6,14751242.0,54640126.6,2022-03-08,884.0,10.38,,,,,,,1000.0,SUR,,,,,RUB
EQNB,2012-06-25,МЕТАЛИНВ 6,RU000A0JS5L4,2.0,1974.9,97.9,99.59,97.9,97.9,23.42,98.75,10.13,99.59,2.0,98.18,98.19,98.18,72953869.4,11297753.4,72953869.4,2022-03-10,885.0,9.75,,,,,,,1000.0,SUR,,,,,RUB
EQOV,2012-06-25,МСП Банк 1,RU000A0JS5R1,2.0,15911.1,98.61,99.5,99.5,99.5,20.98,99.44,9.2,98.61,16.0,99.35,99.36,99.35,119958055.1,118467824.1,119958055.1,2022-03-17,596.0,9.24,,,,,,,1000.0,SUR,,,,,RUB
EQNB,2012-06-25,ТатфондБО5,RU000A0JS6D9,2.0,8955997.0,99.5,99.7,99.7,99.5,22.84,99.5,11.7,99.5,9001.0,99.53,99.48,99.53,56666200.6,33463301.5,56666200.6,2015-04-07,279.0,11.99,,,,,,,1000.0,SUR,,,,,
EQOV,2012-06-25,РСХБ 16,RU000A0JS6N8,1.0,981.7,98.17,98.17,98.17,98.17,16.4,98.17,9.51,98.17,1.0,,98.12,,0.0,19645127.2,0.0,2022-04-04,915.0,9.51,,,,,,,1000.0,SUR,,,,,RUB
EQNB,2012-06-25,ТКСБанкБО4,RU000A0JS728,4.0,1045662.8,100.05,100.15,100.05,100.05,24.32,100.06,13.55,100.06,1045.0,100.23,100.15,100.23,6450669.8,2419541.8,6450669.8,2015-04-16,286.0,13.54,,,,,,,1000.0,SUR,,,,,
EQNB,2012-06-25,Каркаде 02,RU000A0JS744,3.0,8259495.2,99.5,99.52,99.52,99.52,23.51,99.5,14.05,99.5,8301.0,99.49,99.5,99.49,11731214.0,8439678.7,11731214.0,2015-04-17,469.0,14.07,,,,,,,1000.0,SUR,,,,,
EQOV,2012-06-25,СУ-155 4об,RU000A0JS7D7,1.0,997500.0,99.75,99.75,99.75,99.75,12.23,99.75,13.77,99.75,1000.0,99.75,99.75,99.75,2979525.4,2979525.4,2979525.4,2015-05-18,147.0,13.77,,,,,,,1000.0,SUR,,,,,
EQNO,2012-06-25,ФСК ЕЭС-12,RU000A0JS7H8,18.0,85742788.2,97.05,97.37,97.2,97.2,13.09,97.27,9.18,97.35,88149.0,97.27,97.27,97.27,85742788.2,85742788.2,85742788.2,2019-04-19,1211.0,9.15,,,,,,,1000.0,SUR,,,,,RUB
EQNB,2012-06-25,СМП 01,RU000A0JS8M6,6.0,5005000.0,100.1,100.1,100.1,100.1,7.58,100.1,10.21,100.1,5000.0,100.1,100.1,100.1,9949695.0,9879660.0,9949695.0,2017-05-23,155.0,10.21,,,,,,,1000.0,SUR,,,,,RUR
EQNB,2012-06-25,СамарОбл 8,RU000A0JS9J0,1.0,5012500.0,100.25,100.25,100.25,100.25,1.23,100.25,9.17,100.25,5000.0,100.17,100.15,100.17,193309471.0,123956426.0,193309471.0,2017-12-13,736.0,9.17,,,,,,,1000.0,SUR,,,,,RUB
EQOB,2012-06-25,ОФЗ 25067,SU25067RMFS8,3.0,6397457.0,101.5,101.55,101.55,101.5469,21.05,101.5469,6.38,101.5,6300.0,101.5808,101.5673,101.5808,122900621.0,72100621.0,122900621.0,2012-10-17,112.0,6.39,,,,,,,1000.0,SUR,,,,,
EQOB,2012-06-25,ОФЗ 25071,SU25071RMFS0,4.0,145348000.0,101.4,101.7,101.4,101.507,5.77,101.642,7.59,101.7,143000.0,101.6036,101.5998,101.6036,344894416.5,341579416.5,344894416.5,2014-11-26,817.0,7.48,,,,,,,1000.0,SUR,,,,,
EQOB,2012-06-25,ОФЗ 25072,SU25072RMFS8,1.0,50200000.0,100.4,100.4,100.4,100.4,29.77,100.4,6.53,100.4,50000.0,,100.3908,,0.0,156308500.0,0.0,2013-01-23,206.0,6.53,,,,,,,1000.0,SUR,,,,,
EQOB,2012-06-25,ОФЗ 25073,SU25073RMFS6,19.0,163095540.92,100.026,100.07,100.0675,100.0675,27.22,100.0654,6.18,100.07,162989.0,100.0654,100.0654,100.0654,163095540.92,163095540.92,163095540.92,2012-08-01,37.0,6.2,,,,,,,1000.0,SUR,,,,,
EQOB,2012-06-25,ОФЗ 25075,SU25075RMFS1,5.0,936881765.0,98.25,98.65,98.25,98.25,29.97,98.4697,7.67,98.65,951442.0,98.493,98.493,98.493,1091499884.0,1091499884.0,1091499884.0,2015-07-15,994.0,7.59,,,,,,,1000.0,SUR,,,,,
EQOB,2012-06-25,ОФЗ 25076,SU25076RMFS9,8.0,78248050.92,99.85,99.8999,99.8899,99.8899,19.84,99.8673,7.29,99.8999,78352.0,99.8811,99.8732,99.8811,96109599.0,85693228.73,96109599.0,2014-03-13,589.0,7.3,,,,,,,1000.0,SUR,,,,,
EQOB,2012-06-25,ОФЗ 25077,SU25077RMFS7,2.0,67082100.0,98.65,98.67,98.67,98.6501,30.61,98.6501,7.93,98.65,68000.0,98.8842,98.8833,98.8842,279352720.1,278359322.1,279352720.1,2016-01-20,1135.0,7.94,,,,,,,1000.0,SUR,,,,,
EQOB,2012-06-25,ОФЗ 25078,SU25078RMFS5,3.0,117539750.0,100.03,100.09,100.03,100.03,25.33,100.0338,6.74,100.09,117500.0,100.0441,100.0441,100.0441,193309245.0,193309245.0,193309245.0,2013-02-06,220.0,6.74,,,,,,,1000.0,SUR,,,,,
EQOB,2012-06-25,ОФЗ 25079,SU25079RMFS3,5.0,41406986.5,98.55,98.65,98.6,98.6,3.64,98.5857,7.68,98.65,42001.0,98.8208,98.5739,98.8208,400153088.0,48293331.5,400153088.0,2015-06-03,984.0,7.68,,,,,,,1000.0,SUR,,,,,
EQOB,2012-06-25,ОФЗ 25080,SU25080RMFS1,3.0,175222973.7,97.31,97.37,97.31,97.31,12.37,97.3456,8.24,97.35,180001.0,97.3797,97.3797,97.3797,230693573.7,230693573.7,230693573.7,2017-04-19,1489.0,8.24,,,,,,,1000.0,SUR,,,,,RUR
EQOB,2012-06-25,ОФЗ 26198,SU26198RMFS0,5.0,49901996.2,99.8,99.82,99.82,99.82,38.63,99.8,6.4,99.8,50002.0,,99.7999,,0.0,54689333.8,0.0,2012-11-02,130.0,6.46,,,,,,,1000.0,SUR,,,,,
EQOB,2012-06-25,ОФЗ 26199,SU26199RMFS8,4.0,50583000.0,99.98,100.0,100.0,100.0,12.54,99.9802,6.19,100.0,50593.0,99.9821,99.9818,99.9821,56131957.56,55142957.56,56131957.56,2012-07-11,16.0,6.67,,,,,,,1000.0,SUR,,,,,
EQOB,2012-06-25,ОФЗ 26201,SU26201RMFS2,4.0,10600500.3,100.7,101.0,100.7,100.9325,12.2,100.9571,6.12,100.97,10500.0,,100.2613,,0.0,60671108.8,0.0,2013-10-16,457.0,5.91,,,,,,,1000.0,SUR,,,,,
EQOB,2012-06-25,ОФЗ 26202,SU26202RMFS0,2.0,6319040.0,108.5,108.5,108.5,108.5,1.53,108.5,7.62,108.5,5824.0,108.5048,108.5048,108.5048,22694865.01,22694865.01,22694865.01,2014-12-17,806.0,7.62,,,,,,,1000.0,SUR,,,,,
EQOB,2012-06-25,ОФЗ 26203,SU26203RMFS8,2.0,1935.0,96.0,97.5,96.0,96.0,26.09,96.75,8.22,97.5,2.0,96.9491,96.8911,96.9491,154481629.07,92132814.0,154481629.07,2016-08-03,1294.0,7.99,,,,,,,1000.0,SUR,,,,,RUR
EQOB,2012-06-25,ОФЗ 26204,SU26204RMFS6,7.0,52157675.1,97.12,98.5,97.35,97.35,19.52,97.3,8.25,98.5,53605.0,97.3815,97.3814,97.3815,149636413.15,149582673.1,149636413.15,2018-03-15,1698.0,8.26,,,,,,,1000.0,SUR,,,,,RUB
EQOB,2012-06-25,ОФЗ 26205,SU26205RMFS3,36.0,220569160.4,94.6,95.06,94.9,94.9016,12.7,94.991,8.61,94.6,232200.0,94.991,94.991,94.991,220569160.4,220569160.4,220569160.4,2021-04-14,2346.0,8.59,,,,,,,1000.0,SUR,,,,,RUB
EQOB,2012-06-25,ОФЗ 26206,SU26206RMFS1,17.0,196248491.37,97.1501,98.325,97.3,97.3286,1.01,97.3551,8.23,98.325,201580.0,97.3551,97.3551,97.3551,196248491.37,196248491.37,196248491.37,2017-06-14,1545.0,8.22,,,,,,,1000.0,SUR,,,,,RUR
EQOB,2012-06-25,ОФЗ 26207,SU26207RMFS9,4.0,7151135.0,95.25,97.9998,95.31,95.31,27.69,95.3103,8.91,95.25,7503.0,95.7546,95.6663,95.7546,29465616.5,23443029.5,29465616.5,2027-02-03,3070.0,8.91,,,,,,,1000.0,SUR,,,,,RUB
EQOB,2012-06-25,ОФЗ 26208,SU26208RMFS7,11.0,384051501.9,95.75,96.0,95.8,95.8,22.6,95.9613,8.5,95.9002,400215.0,95.9613,95.9613,95.9613,384051501.9,384051501.9,384051501.9,2019-02-27,1906.0,8.47,,,,,,,1000.0,SUR,,,,,RUB
EQOB,2012-06-25,ОФЗ 46017,SU46017RMFS8,2.0,195555427.0,95.5,95.52,95.52,95.5,9.01,95.5,8.03,95.5,204770.0,95.6664,95.6473,95.6664,382449245.21,334549245.21,382449245.21,2016-08-03,1167.0,8.04,,,,,,,1000.0,SUR,,,,,RUR
